USPS	GEOID	ALAND	AWATER	ALAND_SQMI	AWATER_SQMI	INTPTLAT	INTPTLONG
AL	01001020100	9825303	28435	3.794	0.011	32.4819731	-86.4915648
AL	01001020200	3320818	5669	1.282	0.002	32.475758	-86.4724678
AL	01001020300	5349271	9054	2.065	0.003	32.4740243	-86.4597033
AL	01001020400	6384282	8408	2.465	0.003	32.4710304	-86.4448353
AL	01001020501	6203654	0	2.395	0.	32.4478607	-86.4225578
AL	01001020502	2097390	379	0.81	0.	32.4657357	-86.4188549
AL	01001020503	3107823	43155	1.2	0.017	32.475447	-86.4255333
AL	01001020600	8041698	59696	3.105	0.023	32.4473399	-86.4768278
AL	01001020700	22411814	772045	8.653	0.298	32.4265973	-86.4432668
AL	01001020801	124269889	8120405	47.981	3.135	32.4180713	-86.5271273
AL	01001020803	129030127	584928	49.819	0.226	32.5240173	-86.546795
AL	01001020804	26378236	5263	10.185	0.002	32.5027017	-86.4528568
AL	01001020805	35437301	50638	13.682	0.02	32.5576357	-86.430535
AL	01001020901	105252240	271716	40.638	0.105	32.651143	-86.4577699
AL	01001020902	187504577	244436	72.396	0.094	32.6357135	-86.5634094
AL	01001021000	386865285	1575402	149.37	0.608	32.6061376	-86.7489849
AL	01001021100	478151753	13897907	184.615	5.366	32.4574129	-86.7290029
AL	01003010100	971527026	37552076	375.109	14.499	31.1104762	-87.7868713
AL	01003010200	221797186	358878	85.636	0.139	30.9478929	-87.6787306
AL	01003010300	343039102	23131566	132.448	8.931	30.8412001	-87.8786378
AL	01003010400	737472799	3860478	284.74	1.491	30.7200267	-87.6245437
AL	01003010500	17424883	143767	6.728	0.056	30.8969612	-87.7737368
AL	01003010600	18578277	21477	7.173	0.008	30.8533019	-87.7701385
AL	01003010704	8412810	210501	3.248	0.081	30.6477601	-87.8838007
AL	01003010706	13440689	2433	5.189	0.001	30.6803479	-87.8856797
AL	01003010707	95951142	53926360	37.047	20.821	30.7544801	-87.9483253
AL	01003010708	81509926	457400	31.471	0.177	30.6835581	-87.8297072
AL	01003010709	62599366	202372	24.17	0.078	30.5788587	-87.8390181
AL	01003010710	13820237	26216754	5.336	10.122	30.6604947	-87.9557115
AL	01003010711	3550778	36448	1.371	0.014	30.6389851	-87.8993395
AL	01003010800	18070382	3938649	6.977	1.521	30.5939161	-87.9006394
AL	01003010903	55586751	272807	21.462	0.105	30.6072432	-87.7798044
AL	01003010904	276176721	3607489	106.632	1.393	30.5640707	-87.5731188
AL	01003010906	39323309	185367	15.183	0.072	30.5641292	-87.6870074
AL	01003010907	40172213	132419	15.511	0.051	30.5259518	-87.7753308
AL	01003010908	30950201	48766	11.95	0.019	30.5433452	-87.7278605
AL	01003011000	130503937	720538	50.388	0.278	30.4896994	-87.6767299
AL	01003011102	45245593	812152	17.469	0.314	30.4799296	-87.8330813
AL	01003011103	15713119	9730	6.067	0.004	30.5296542	-87.8260181
AL	01003011104	17897730	16863	6.91	0.007	30.5127023	-87.8471486
AL	01003011201	12314906	1296975	4.755	0.501	30.5408065	-87.891618
AL	01003011202	13488162	2596184	5.208	1.002	30.5036849	-87.904561
AL	01003011300	65678554	12647453	25.359	4.883	30.4293701	-87.8782358
AL	01003011409	53692957	476227	20.731	0.184	30.428891	-87.7634335
AL	01003011410	111060271	11551936	42.881	4.46	30.3607256	-87.7725034
AL	01003011411	41223546	6521874	15.917	2.518	30.3244734	-87.618452
AL	01003011412	22777384	2340323	8.794	0.904	30.2970637	-87.7130367
AL	01003011413	21220858	340400	8.193	0.131	30.3010739	-87.6607298
AL	01003011414	7717710	7820495	2.98	3.02	30.3005888	-87.54179
AL	01003011415	7776188	12607434	3.002	4.868	30.2896945	-87.5148942
AL	01003011416	13478067	16044142	5.204	6.195	30.2354488	-87.7773475
AL	01003011417	16287679	812478	6.289	0.314	30.2850214	-87.6039237
AL	01003011418	17941299	8030938	6.927	3.101	30.2632859	-87.6478349
AL	01003011419	47694369	30701622	18.415	11.854	30.2400973	-87.9263265
AL	01003011501	38614374	87607	14.909	0.034	30.4324484	-87.6790139
AL	01003011503	24911317	28601	9.618	0.011	30.3792229	-87.6939612
AL	01003011504	26999637	417724	10.425	0.161	30.3813973	-87.6380235
AL	01003011601	234596822	12065537	90.578	4.659	30.4082096	-87.5555847
AL	01003011603	55751184	29183567	21.526	11.268	30.4281978	-87.4296554
AL	01003011604	25735587	6107774	9.937	2.358	30.3665744	-87.4873351
AL	01003990000	0	815342622	0.	314.806	30.3288009	-87.8829736
AL	01005950100	485234140	29054936	187.35	11.218	32.0353533	-85.2477678
AL	01005950200	517006045	983621	199.617	0.38	31.9222752	-85.4498308
AL	01005950300	352796712	499970	136.216	0.193	31.7908933	-85.5670514
AL	01005950400	343319539	397957	132.556	0.154	31.6794432	-85.5577196
AL	01005950500	333715685	9982138	128.848	3.854	31.7634183	-85.2718649
AL	01005950600	101691408	1097034	39.263	0.424	31.8783526	-85.2729215
AL	01005950700	127211867	112809	49.117	0.044	31.9440855	-85.2620842
AL	01005950800	14729758	262593	5.687	0.101	31.9203546	-85.1756308
AL	01005950900	16454997	8132155	6.353	3.14	31.8559766	-85.1513159
AL	01007010001	232455317	1777584	89.752	0.686	33.0791483	-87.1730915
AL	01007010005	63483742	521896	24.511	0.202	33.1751505	-87.1427298
AL	01007010006	117154853	920975	45.234	0.356	33.1824141	-87.0823075
AL	01007010007	390852613	1601300	150.909	0.618	32.8883969	-86.9477291
AL	01007010008	300817002	2534986	116.146	0.979	33.0332174	-87.0211228
AL	01007010009	66539142	1426778	25.691	0.551	32.8945208	-87.1921653
AL	01007010010	54082646	316412	20.881	0.122	32.9784509	-87.1866443
AL	01007010011	386803398	472371	149.346	0.182	32.955222	-87.321793
AL	01009050103	101604725	5974506	39.23	2.307	33.8656656	-86.5073198
AL	01009050104	76806470	263498	29.655	0.102	33.9346212	-86.5518366
AL	01009050105	108019654	753399	41.707	0.291	33.9749736	-86.4037827
AL	01009050106	20017514	0	7.729	0.	33.925327	-86.4725259
AL	01009050107	93571457	1522662	36.128	0.588	33.88481	-86.4069536
AL	01009050200	116533491	550320	44.994	0.212	33.9974352	-86.544238
AL	01009050301	87317404	314344	33.713	0.121	34.1400655	-86.3531063
AL	01009050302	102580629	180469	39.607	0.07	34.0463998	-86.3847326
AL	01009050400	245145237	1255670	94.651	0.485	34.1660342	-86.4971736
AL	01009050501	136864363	919143	52.844	0.355	34.062471	-86.6104394
AL	01009050502	112354107	576209	43.38	0.222	33.9958792	-86.6840888
AL	01009050601	83641619	353351	32.294	0.136	33.8702666	-86.8934341
AL	01009050603	55098966	669882	21.274	0.259	33.8778489	-86.741815
AL	01009050604	126994789	537537	49.033	0.208	33.9153019	-86.7903651
AL	01009050701	117578093	740940	45.397	0.286	33.8055206	-86.6285786
AL	01009050702	86130582	248351	33.255	0.096	33.8739997	-86.6773768
AL	01011952100	428206382	492358	165.331	0.19	32.1157274	-85.5267341
AL	01011952201	188984150	1099551	72.967	0.425	32.1732854	-85.7777131
AL	01011952202	209556399	965246	80.91	0.373	32.1384894	-85.649468
AL	01011952500	786336537	3473512	303.606	1.341	32.0821273	-85.8274935
AL	01013952700	133820610	151787	51.668	0.059	31.8946556	-86.5914052
AL	01013952800	3450119	0	1.332	0.	31.8377094	-86.6283263
AL	01013952900	57438534	0	22.177	0.	31.8483349	-86.6763242
AL	01013953000	441481495	272087	170.457	0.105	31.8617983	-86.7608112
AL	01013953100	32199894	304743	12.432	0.118	31.7967889	-86.6542667
AL	01013953200	478685875	1427644	184.822	0.551	31.7820079	-86.5213679
AL	01013953300	352261684	177369	136.009	0.068	31.7163243	-86.7533225
AL	01013953400	249002007	131272	96.14	0.051	31.6017378	-86.8165798
AL	01013953500	263662330	236297	101.801	0.091	31.575083	-86.6086952
AL	01015000200	6809436	0	2.629	0.	33.6737915	-85.8165597
AL	01015000300	2620905	45573	1.012	0.018	33.6759496	-85.8313606
AL	01015000400	10117652	11073	3.906	0.004	33.6820547	-85.8686849
AL	01015000500	2337689	0	0.903	0.	33.6627134	-85.8452306
AL	01015000600	6875362	649	2.655	0.	33.642233	-85.8412035
AL	01015000700	45786028	107461	17.678	0.041	33.7077538	-85.7919352
AL	01015000800	3645890	0	1.408	0.	33.645471	-85.8270598
AL	01015000900	12118827	23502	4.679	0.009	33.6449078	-85.7965197
AL	01015001000	16676586	14186	6.439	0.005	33.6345617	-85.7901308
AL	01015001101	30345003	1161489	11.716	0.448	33.5896413	-85.7694025
AL	01015001102	3792307	59450	1.464	0.023	33.6078278	-85.8121438
AL	01015001103	14428695	439886	5.571	0.17	33.5897336	-85.817363
AL	01015001201	7320502	3705	2.826	0.001	33.6084159	-85.8515466
AL	01015001202	23530433	55597	9.085	0.021	33.6101723	-85.8786386
AL	01015001300	5764152	3109	2.226	0.001	33.6445961	-85.8731746
AL	01015001400	21106193	35478	8.149	0.014	33.6599004	-85.8895413
AL	01015001501	24073652	68842	9.295	0.027	33.6129884	-85.9294348
AL	01015001502	30072053	206597	11.611	0.08	33.661622	-86.0167644
AL	01015001600	14082590	32369	5.437	0.012	33.6981993	-85.8638068
AL	01015001700	18682294	89808	7.213	0.035	33.7278369	-85.8444202
AL	01015001801	24848904	134175	9.594	0.052	33.7631952	-85.7668
AL	01015001802	16311622	348679	6.298	0.135	33.7646067	-85.8234566
AL	01015002001	142258643	1640771	54.926	0.634	33.7758357	-85.6423276
AL	01015002002	97060475	719350	37.475	0.278	33.7306605	-85.7072614
AL	01015002101	13691803	23038	5.286	0.009	33.8370579	-85.772778
AL	01015002102	20727870	796	8.003	0.	33.8366205	-85.7375247
AL	01015002104	12154002	11773	4.693	0.005	33.804147	-85.7760186
AL	01015002105	13062983	53631	5.044	0.021	33.7877369	-85.734951
AL	01015002200	87901908	514323	33.939	0.199	33.8952638	-85.5983598
AL	01015002300	88508123	506652	34.173	0.196	33.9376551	-85.6715535
AL	01015002400	124531002	465375	48.082	0.18	33.8794959	-85.7733429
AL	01015002502	164020226	1007088	63.329	0.389	33.8908485	-85.8860424
AL	01015002503	45880956	250238	17.715	0.097	33.7823094	-85.870404
AL	01015002504	51521917	537043	19.893	0.207	33.7818715	-85.930842
AL	01015002600	177690717	7529603	68.607	2.907	33.7687614	-86.0372364
AL	01015981901	63126897	137514	24.373	0.053	33.6467452	-85.9690161
AL	01015981902	89734585	294152	34.647	0.114	33.7188196	-85.9523544
AL	01015981903	36029495	1072	13.911	0.	33.7072288	-85.7502859
AL	01017953800	515695836	11513269	199.111	4.445	33.030258	-85.386788
AL	01017953900	98363459	2360152	37.978	0.911	32.9119527	-85.2738384
AL	01017954001	397567389	848883	153.502	0.328	32.845276	-85.52493
AL	01017954002	278564184	1768474	107.554	0.683	32.8888896	-85.3844111
AL	01017954200	62998699	34641	24.324	0.013	32.8341436	-85.2678516
AL	01017954300	132642532	178276	51.214	0.069	32.7766468	-85.2734917
AL	01017954600	9696363	0	3.744	0.	32.8362591	-85.1725802
AL	01017954700	38036820	264376	14.686	0.102	32.7702191	-85.1744682
AL	01017954800	11503288	20658	4.441	0.008	32.8528326	-85.2084798
AL	01019955701	104066601	32224327	40.18	12.442	34.2288794	-85.5178543
AL	01019955702	352909923	7733069	136.259	2.986	34.3569596	-85.5688477
AL	01019955801	120056790	11825043	46.354	4.566	34.1330385	-85.7707945
AL	01019955802	113529413	21566832	43.834	8.327	34.2483434	-85.7147199
AL	01019955900	307952225	1998817	118.901	0.772	34.0328522	-85.6828498
AL	01019956000	62063671	15223218	23.963	5.878	34.1660879	-85.6541706
AL	01019956101	195054983	15571679	75.311	6.012	34.0581225	-85.4772397
AL	01019956102	177987244	14167822	68.721	5.47	34.0708655	-85.531749
AL	01021060101	55927587	209292	21.594	0.081	32.8154498	-86.6415349
AL	01021060103	48633357	124477	18.777	0.048	32.8739568	-86.6718517
AL	01021060104	15777351	126908	6.092	0.049	32.8511448	-86.6087644
AL	01021060200	98607684	3272750	38.073	1.264	32.8587949	-86.5491633
AL	01021060300	272143269	9127090	105.075	3.524	32.9709197	-86.6061792
AL	01021060401	91219889	389055	35.22	0.15	32.9251623	-86.7276967
AL	01021060403	79857902	357621	30.833	0.138	33.0233128	-86.7568332
AL	01021060404	164094533	854251	63.357	0.33	32.9906895	-86.8314859
AL	01021060500	451101221	1388313	174.171	0.536	32.7689869	-86.8954642
AL	01021060600	260741624	395895	100.673	0.153	32.7727303	-86.7363808
AL	01021060701	89340566	204191	34.495	0.079	32.7469087	-86.6018649
AL	01021060702	166993925	4142211	64.477	1.599	32.7670028	-86.4640203
AL	01023956700	577280933	4176841	222.889	1.613	32.2741758	-88.2150406
AL	01023956800	752715861	7297622	290.625	2.818	32.0655014	-88.2127523
AL	01023956900	578524806	1887164	223.37	0.729	31.9403128	-88.3445099
AL	01023957000	457378484	5752694	176.595	2.221	31.759107	-88.3016638
AL	01025957500	249010114	71854	96.143	0.028	31.7929013	-87.6425154
AL	01025957601	489643301	88512	189.052	0.034	31.8884818	-87.8913637
AL	01025957603	63515159	119824	24.523	0.046	31.8683942	-87.7539624
AL	01025957604	129818962	49974	50.123	0.019	31.9125392	-87.6953045
AL	01025957700	370157637	7618310	142.919	2.941	31.8391651	-88.0579345
AL	01025957800	832713945	4900838	321.513	1.892	31.6170174	-87.6979772
AL	01025957901	375908864	3245295	145.139	1.253	31.6379289	-87.9598566
AL	01025957902	107838311	2505439	41.637	0.967	31.5011616	-87.8723338
AL	01025958003	588887790	18057843	227.371	6.972	31.3971096	-87.8189204
AL	01027958900	513045562	1903126	198.088	0.735	33.3872783	-85.7690615
AL	01027959000	179659634	1129596	69.367	0.436	33.3093759	-85.8820883
AL	01027959100	383023760	776990	147.886	0.3	33.1785156	-85.7815679
AL	01027959200	488526470	1471904	188.621	0.568	33.1775316	-86.0216103
AL	01029959500	491477607	461737	189.761	0.178	33.8207588	-85.4723231
AL	01029959600	244055499	915418	94.23	0.353	33.6989979	-85.5727972
AL	01029959700	418769374	629961	161.688	0.243	33.5592976	-85.642824
AL	01029959800	296363973	345101	114.427	0.133	33.5729827	-85.396107
AL	01031010100	244162407	108904	94.272	0.042	31.5629467	-86.0563149
AL	01031010200	208317555	177901	80.432	0.069	31.5375844	-85.8984006
AL	01031010300	292443579	93160	112.913	0.036	31.4233274	-85.8693564
AL	01031010400	209085727	506076	80.728	0.195	31.4002823	-86.0255683
AL	01031010500	200766695	1059903	77.516	0.409	31.4362328	-86.1524046
AL	01031010600	128037021	606115	49.435	0.234	31.2721909	-86.1506243
AL	01031010700	213566239	808106	82.458	0.312	31.2557098	-86.0287624
AL	01031010800	137054186	372820	52.917	0.144	31.2356937	-85.865921
AL	01031010900	20262677	0	7.823	0.	31.2871193	-85.8740034
AL	01031011000	28683117	22709	11.075	0.009	31.3162265	-85.8919944
AL	01031011100	3323585	0	1.283	0.	31.3269256	-85.8524569
AL	01031011203	13050413	0	5.039	0.	31.3515459	-85.8527077
AL	01031011204	27691548	151495	10.692	0.058	31.3647133	-85.8230105
AL	01031011205	5481991	0	2.117	0.	31.3363298	-85.8102231
AL	01031011206	6988135	0	2.698	0.	31.3222277	-85.8078585
AL	01031011300	19651053	0	7.587	0.	31.3015906	-85.8230693
AL	01033020100	4691603	603137	1.811	0.233	34.7708294	-87.6799629
AL	01033020200	2244534	642003	0.867	0.248	34.7673058	-87.7014485
AL	01033020300	5161542	56563	1.993	0.022	34.7529158	-87.6979348
AL	01033020400	5324067	979264	2.056	0.378	34.7403319	-87.7337767
AL	01033020500	23612762	610520	9.117	0.236	34.7223356	-87.723752
AL	01033020600	9852825	24450	3.804	0.009	34.7189321	-87.678306
AL	01033020703	8141508	0	3.143	0.	34.7471227	-87.639849
AL	01033020704	7266345	7233	2.806	0.003	34.7443268	-87.6663059
AL	01033020705	33985607	6628396	13.122	2.559	34.7811324	-87.6099129
AL	01033020706	79337334	178704	30.632	0.069	34.6981427	-87.6243163
AL	01033020801	118960521	20801027	45.931	8.031	34.774634	-87.5053473
AL	01033020802	215261234	1051173	83.113	0.406	34.6517771	-87.5574265
AL	01033020901	132986649	519459	51.346	0.201	34.6133167	-87.6919752
AL	01033020902	259170482	7552170	100.066	2.916	34.6686652	-87.822804
AL	01033021000	629743650	39507906	243.145	15.254	34.722246	-88.0128081
AL	01035960200	564125364	607402	217.81	0.235	31.5869551	-86.9983125
AL	01035960300	391523893	777900	151.168	0.3	31.3567448	-87.2428439
AL	01035960400	480284365	2989140	185.439	1.154	31.3411269	-87.0387521
AL	01035960500	90913740	334237	35.102	0.129	31.4626914	-86.9984985
AL	01035960600	675366021	1717809	260.76	0.663	31.3961243	-86.8143579
AL	01037961000	251399780	1592607	97.066	0.615	32.9929287	-86.0738794
AL	01037961100	784578052	23669235	302.927	9.139	32.9963383	-86.3182808
AL	01037961200	649869131	14729311	250.916	5.687	32.824115	-86.2065488
AL	01039961600	359887617	10737489	138.953	4.146	31.4420655	-86.3998913
AL	01039961700	503907881	3999765	194.56	1.544	31.3784363	-86.614981
AL	01039961800	44049309	247732	17.008	0.096	31.2633807	-86.5060383
AL	01039961900	41454327	484930	16.006	0.187	31.2678586	-86.464008
AL	01039962000	49909085	583715	19.27	0.225	31.3456754	-86.4642045
AL	01039962100	15429744	163537	5.957	0.063	31.326445	-86.507274
AL	01039962300	278900553	2691022	107.684	1.039	31.2543283	-86.3833989
AL	01039962400	154677971	2459542	59.722	0.95	31.3570171	-86.2401037
AL	01039962500	12524564	100118	4.836	0.039	31.2943394	-86.2747847
AL	01039962600	11918591	172841	4.602	0.067	31.2704259	-86.2808757
AL	01039962700	13046842	133803	5.037	0.052	31.2623289	-86.237672
AL	01039962800	249803366	1845232	96.45	0.712	31.1810184	-86.2787253
AL	01039962900	530483088	6736300	204.821	2.601	31.1195838	-86.5873825
AL	01039963000	403172622	3838825	155.666	1.482	31.0547438	-86.3533826
AL	01041963400	238913494	1415316	92.245	0.546	31.8887493	-86.2624781
AL	01041963500	226396691	213258	87.412	0.082	31.949642	-86.3651124
AL	01041963600	374196566	755161	144.478	0.292	31.7244285	-86.3608435
AL	01041963700	257679333	896885	99.491	0.346	31.7245275	-86.2287512
AL	01041963800	273690135	1057672	105.672	0.408	31.5763061	-86.388337
AL	01041963900	206076544	1050270	79.567	0.406	31.5438667	-86.2127555
AL	01043964100	147092709	1251030	56.793	0.483	34.261634	-86.5683109
AL	01043964201	73541403	582432	28.394	0.225	34.2157285	-86.716801
AL	01043964202	80688572	706793	31.154	0.273	34.256424	-86.7380335
AL	01043964300	89845383	1244450	34.689	0.48	34.2715006	-86.8345066
AL	01043964400	76662438	375647	29.6	0.145	34.2685695	-86.9423802
AL	01043964500	215915523	1927096	83.365	0.744	34.2161793	-87.0707282
AL	01043964600	132823982	838975	51.284	0.324	34.1589207	-86.9571734
AL	01043964700	70844083	505434	27.353	0.195	34.15647	-86.8940569
AL	01043964800	9393091	182337	3.627	0.07	34.1871901	-86.863096
AL	01043964901	15143303	313632	5.847	0.121	34.1772968	-86.8043163
AL	01043964902	32403608	2301790	12.511	0.889	34.2115794	-86.8339655
AL	01043965001	10927466	86853	4.219	0.034	34.1512763	-86.8186837
AL	01043965002	12472163	106153	4.816	0.041	34.1529371	-86.8508981
AL	01043965100	54273349	672279	20.955	0.26	34.117682	-86.7963608
AL	01043965200	55706978	993636	21.509	0.384	34.1363772	-86.7303636
AL	01043965300	140130135	1239492	54.105	0.479	34.1560361	-86.6369887
AL	01043965401	63368767	175855	24.467	0.068	34.0726451	-86.8090852
AL	01043965402	125548259	1113827	48.474	0.43	33.9980381	-86.7870538
AL	01043965501	96516149	561065	37.265	0.217	33.9712693	-86.9158949
AL	01043965502	90876013	9014610	35.087	3.481	34.0445023	-86.9462179
AL	01043965600	113543404	21022940	43.839	8.117	34.0569641	-87.0551568
AL	01043965700	195249163	7313668	75.386	2.824	33.9216781	-87.0105855
AL	01045020000	172480235	2801707	66.595	1.082	31.4097368	-85.7458071
AL	01045020100	364617324	86997	140.78	0.034	31.5551176	-85.6558628
AL	01045020200	247187652	310918	95.44	0.12	31.490801	-85.4612333
AL	01045020300	111118861	154344	42.903	0.06	31.4380274	-85.5632565
AL	01045020400	61884923	413858	23.894	0.16	31.4832495	-85.6497214
AL	01045020500	11198907	0	4.324	0.	31.4511128	-85.61848
AL	01045020700	12061262	16200	4.657	0.006	31.4433773	-85.6409822
AL	01045020801	19261326	0	7.437	0.	31.3971437	-85.6615959
AL	01045020802	36123008	162711	13.947	0.063	31.4149422	-85.6413488
AL	01045021101	34004666	0	13.129	0.	31.3169071	-85.7680995
AL	01045021102	22950676	0	8.861	0.	31.3023738	-85.7058776
AL	01045021200	100625856	0	38.852	0.	31.242794	-85.7372838
AL	01045021300	148233669	50699	57.233	0.02	31.3062671	-85.574751
AL	01045021400	111527799	53907	43.061	0.021	31.3374977	-85.4657416
AL	01047956101	211074555	6016820	81.496	2.323	32.4512634	-86.9322054
AL	01047956102	107077170	541597	41.343	0.209	32.5698299	-86.9595534
AL	01047956201	125410435	3660998	48.421	1.414	32.405409	-87.1179381
AL	01047956202	182237800	1051253	70.362	0.406	32.5526588	-87.0352646
AL	01047956300	17558229	90685	6.779	0.035	32.4484185	-87.0509577
AL	01047956400	4075615	3427	1.574	0.001	32.428144	-87.0153729
AL	01047956500	6837096	303661	2.64	0.117	32.4124123	-87.0002305
AL	01047956600	2705924	43964	1.045	0.017	32.4157042	-87.0280529
AL	01047956701	7312844	27552	2.824	0.011	32.405323	-87.0713872
AL	01047956702	6338919	482097	2.447	0.186	32.3983329	-87.0514311
AL	01047956800	9287027	12964	3.586	0.005	32.4240901	-87.0568535
AL	01047956900	541139528	6763763	208.935	2.612	32.3252733	-87.2204188
AL	01047957000	901386771	10327992	348.027	3.988	32.1608409	-87.0492697
AL	01047957100	205066676	3449576	79.177	1.332	32.2716452	-87.0225361
AL	01047957200	34291178	1700795	13.24	0.657	32.3660372	-87.026282
AL	01047957301	18484474	426149	7.137	0.165	32.3418467	-86.9865333
AL	01047957302	154635361	4221479	59.705	1.63	32.3184453	-86.879088
AL	01049960101	94189938	0	36.367	0.	34.7061815	-85.6201785
AL	01049960102	108696561	0	41.968	0.	34.7494088	-85.651041
AL	01049960200	114574610	98929	44.238	0.038	34.6232169	-85.7206864
AL	01049960301	20954959	454761	8.091	0.176	34.5804274	-85.8146044
AL	01049960302	26955334	0	10.408	0.	34.5306155	-85.9044326
AL	01049960303	60086114	11120	23.199	0.004	34.5132534	-85.8651885
AL	01049960401	40727687	8693	15.725	0.003	34.5449244	-85.7457834
AL	01049960402	96662749	40337	37.322	0.016	34.4902687	-85.807099
AL	01049960500	214250118	23139	82.722	0.009	34.4340842	-85.9687233
AL	01049960601	62608378	18336	24.173	0.007	34.3460431	-85.9203333
AL	01049960602	151764083	83043	58.596	0.032	34.3519986	-86.0363045
AL	01049960701	39551079	63526	15.271	0.025	34.2912521	-86.0096237
AL	01049960702	35286424	31150	13.624	0.012	34.268182	-85.9870618
AL	01049960703	76525338	149420	29.547	0.058	34.2344271	-86.0451657
AL	01049960800	206885922	1017684	79.879	0.393	34.232888	-85.9016913
AL	01049960900	131933908	465779	50.94	0.18	34.3594477	-85.8011776
AL	01049961000	116757963	31876	45.081	0.012	34.3660315	-85.6964687
AL	01049961100	33987036	86335	13.122	0.033	34.4600937	-85.7455601
AL	01049961200	43814196	777995	16.917	0.3	34.5065739	-85.6996963
AL	01049961300	91242968	85817	35.229	0.033	34.4574952	-85.6352141
AL	01049961400	245164897	659196	94.659	0.255	34.6157013	-85.5812553
AL	01051030101	76317182	8374141	29.466	3.233	32.6840368	-86.3751658
AL	01051030102	29172823	2300454	11.264	0.888	32.6042878	-86.3085262
AL	01051030103	59130244	1616794	22.83	0.624	32.6021493	-86.3676262
AL	01051030200	280829302	9479096	108.429	3.66	32.6948549	-86.2223176
AL	01051030300	119882539	45526643	46.287	17.578	32.7113079	-85.9664412
AL	01051030401	238783623	3069076	92.195	1.185	32.4945393	-85.995438
AL	01051030402	78074371	3774263	30.145	1.457	32.5783928	-85.9336338
AL	01051030500	165331585	1569175	63.835	0.606	32.6328834	-86.0345965
AL	01051030600	130889056	3742881	50.537	1.445	32.6093801	-86.1710298
AL	01051030701	92645189	1884261	35.771	0.728	32.4638209	-86.1311309
AL	01051030702	105744231	2998563	40.828	1.158	32.5201384	-86.1722101
AL	01051030801	6452531	500099	2.491	0.193	32.537193	-86.2104815
AL	01051030802	47474657	3911185	18.33	1.51	32.5610711	-86.2497127
AL	01051030901	27113865	60318	10.469	0.023	32.5445919	-86.377036
AL	01051030902	28557813	593552	11.026	0.229	32.5531651	-86.3317028
AL	01051031001	13578604	55741	5.243	0.022	32.485623	-86.3821315
AL	01051031002	9947208	41383	3.841	0.016	32.5129818	-86.3944936
AL	01051031100	10553152	171500	4.075	0.066	32.5107959	-86.3562804
AL	01051031200	49520822	5869601	19.12	2.266	32.4900075	-86.3162643
AL	01051031300	31950163	4239073	12.336	1.637	32.449012	-86.3668853
AL	01053969801	512440919	4382025	197.855	1.692	31.0544809	-86.8519601
AL	01053969802	431860863	5001329	166.742	1.931	31.1770672	-86.9214794
AL	01053969900	309501684	3395747	119.499	1.311	31.1222867	-87.1684097
AL	01053970100	105302067	1117784	40.657	0.432	31.2003118	-87.0656405
AL	01053970200	8739727	223885	3.374	0.086	31.1141178	-87.0634717
AL	01053970300	331739974	1755190	128.086	0.678	31.1086274	-87.2794732
AL	01053970400	454773823	1727017	175.589	0.667	31.1860534	-87.4694458
AL	01053970500	169044256	382383	65.268	0.148	31.0683042	-87.4923516
AL	01053970600	85515942	1484657	33.018	0.573	31.0580994	-87.4085812
AL	01053970700	39675909	554870	15.319	0.214	31.0153755	-87.4359795
AL	01055000200	13516301	508049	5.219	0.196	34.0326582	-85.9748397
AL	01055000300	4089851	0	1.579	0.	34.029813	-86.0063235
AL	01055000400	22146986	717	8.551	0.	34.0476407	-86.0342629
AL	01055000500	3051233	0	1.178	0.	34.0303229	-86.0474175
AL	01055000600	2385464	0	0.921	0.	34.0157651	-86.0609768
AL	01055000700	1345833	0	0.52	0.	34.0237151	-86.0392603
AL	01055000800	1898942	0	0.733	0.	34.020356	-86.0241981
AL	01055000900	11930889	730045	4.607	0.282	34.0003469	-86.0427603
AL	01055001000	1624487	0	0.627	0.	34.0097195	-86.0230425
AL	01055001100	21401766	5024377	8.263	1.94	33.9569465	-85.9968726
AL	01055001200	4371996	1854691	1.688	0.716	33.9992763	-86.010319
AL	01055001300	5070075	850096	1.958	0.328	34.0078734	-85.9865957
AL	01055001600	10470683	1534225	4.043	0.592	33.9780622	-85.9775275
AL	01055001700	9099298	0	3.513	0.	33.9825603	-85.9518721
AL	01055010100	32861130	0	12.688	0.	34.0637717	-86.0662906
AL	01055010201	10858867	28398	4.193	0.011	34.0072306	-86.0924256
AL	01055010202	17399844	54808	6.718	0.021	33.9988528	-86.1226446
AL	01055010300	108629144	27240	41.942	0.011	34.0151964	-86.146999
AL	01055010401	7139140	549984	2.756	0.212	33.9635356	-86.0419345
AL	01055010402	82459088	5902296	31.838	2.279	33.9271493	-86.0951134
AL	01055010503	29060237	1707825	11.22	0.659	33.8908407	-86.0180201
AL	01055010504	21188876	6357455	8.181	2.455	33.8958315	-86.0445337
AL	01055010505	26541122	0	10.248	0.	33.9533617	-85.9027923
AL	01055010506	30825393	1090995	11.902	0.421	33.924723	-85.9559405
AL	01055010601	39717840	1659204	15.335	0.641	33.9809174	-85.8667834
AL	01055010602	165419219	2914620	63.869	1.125	34.0230465	-85.8014777
AL	01055010700	87400954	2927200	33.746	1.13	34.0726595	-85.8991944
AL	01055010800	130921737	67724	50.549	0.026	34.1340462	-85.9199355
AL	01055010900	95629504	48836	36.923	0.019	34.1470152	-86.0149509
AL	01055011001	86723293	119602	33.484	0.046	34.153675	-86.078339
AL	01055011002	92913146	392650	35.874	0.152	34.1197093	-86.1655105
AL	01055011100	205444753	671935	79.323	0.259	34.0544877	-86.2584549
AL	01055011200	2379673	0	0.919	0.	34.0013961	-85.9675346
AL	01057020000	311398980	71975	120.232	0.028	33.8171345	-87.6438256
AL	01057020100	368498415	358362	142.278	0.138	33.8520677	-87.8328082
AL	01057020200	154826386	270991	59.779	0.105	33.7012455	-87.8909439
AL	01057020300	363272122	3077791	140.26	1.188	33.6057148	-87.8114873
AL	01057020400	427697350	551762	165.135	0.213	33.6476543	-87.6143541
AL	01059972900	159989475	799990	61.772	0.309	34.5219056	-87.6206134
AL	01059973000	23065874	39797	8.906	0.015	34.5401486	-87.7185235
AL	01059973100	303228074	17194464	117.077	6.639	34.4963129	-87.8555187
AL	01059973200	28671184	254296	11.07	0.098	34.5125993	-87.7533372
AL	01059973300	166454938	300552	64.269	0.116	34.4374182	-87.6312043
AL	01059973400	191333583	2870775	73.874	1.108	34.5152306	-88.0797797
AL	01059973500	145748126	3881634	56.274	1.499	34.439224	-88.0399601
AL	01059973600	272384217	4523257	105.168	1.746	34.3823178	-88.0065912
AL	01059973701	127659122	374116	49.289	0.144	34.3722021	-87.8018693
AL	01059973702	37886938	54185	14.628	0.021	34.3373237	-87.7276366
AL	01059973703	185524449	2246280	71.631	0.867	34.3606298	-87.6169119
AL	01061050100	431937439	5107133	166.772	1.972	31.0847817	-86.0861751
AL	01061050200	218625840	1080994	84.412	0.417	31.1444677	-85.8889331
AL	01061050300	145544234	1564131	56.195	0.604	31.0502145	-85.9090579
AL	01061050400	340436384	2888767	131.443	1.115	31.0696505	-85.7368633
AL	01061050500	188005840	502569	72.589	0.194	31.1232526	-85.6085218
AL	01061050600	163358695	423815	63.073	0.164	31.0860719	-85.5280322
AL	01063060000	602520296	5477047	232.634	2.115	32.9585581	-88.0510053
AL	01063060101	79177219	846346	30.57	0.327	32.7798753	-87.9366318
AL	01063060102	423259520	9290053	163.421	3.587	32.9149912	-87.864992
AL	01063060200	570825019	17802704	220.397	6.874	32.6861323	-87.9472665
AL	01065040000	344316102	2840335	132.941	1.097	32.9331144	-87.55181
AL	01065040100	248623819	7069083	95.994	2.729	32.8612587	-87.6980338
AL	01065040200	287711687	1997945	111.086	0.771	32.7781709	-87.5298175
AL	01065040300	266016492	8487585	102.71	3.277	32.7356062	-87.7414159
AL	01065040401	213585669	6374900	82.466	2.461	32.6514361	-87.6504698
AL	01065040402	14622516	385069	5.646	0.149	32.7178865	-87.6013942
AL	01065040500	293050382	5248887	113.147	2.027	32.5434531	-87.6369956
AL	01067030100	357850829	465243	138.167	0.18	31.6081908	-85.3353679
AL	01067030200	89697694	139084	34.632	0.054	31.5647056	-85.2591213
AL	01067030300	338088027	15718517	130.537	6.069	31.6127173	-85.1367411
AL	01067030400	196413438	100480	75.836	0.039	31.4461219	-85.3319755
AL	01067030500	160668047	25295	62.034	0.01	31.3535019	-85.316134
AL	01067030600	312575351	171447	120.686	0.066	31.4041343	-85.1458584
AL	01069040100	137911854	47148	53.248	0.018	31.2347871	-85.5932276
AL	01069040203	14602533	0	5.638	0.	31.2613323	-85.4742453
AL	01069040204	11747450	0	4.536	0.	31.2479491	-85.4457095
AL	01069040205	8597200	89063	3.319	0.034	31.2310522	-85.4721506
AL	01069040206	9908157	26413	3.826	0.01	31.212879	-85.4521065
AL	01069040301	6423754	0	2.48	0.	31.2531877	-85.413417
AL	01069040302	10074919	0	3.89	0.	31.2755021	-85.4348261
AL	01069040400	4123214	0	1.592	0.	31.2357975	-85.4197082
AL	01069040500	4335935	0	1.674	0.	31.2200822	-85.4193412
AL	01069040600	2632241	0	1.016	0.	31.2280966	-85.3990396
AL	01069040700	2321348	0	0.896	0.	31.2080051	-85.4121232
AL	01069040801	20146185	217773	7.778	0.084	31.1885874	-85.4439517
AL	01069040802	31146753	351369	12.026	0.136	31.1494473	-85.4186788
AL	01069040900	26140413	169172	10.093	0.065	31.1821873	-85.3530798
AL	01069041000	5382695	0	2.078	0.	31.2083512	-85.3754388
AL	01069041100	8032062	53254	3.101	0.021	31.1906255	-85.3953411
AL	01069041200	2214174	0	0.855	0.	31.2153284	-85.3928209
AL	01069041400	15038435	22260	5.806	0.009	31.2388805	-85.3512421
AL	01069041500	44227089	0	17.076	0.	31.2771403	-85.3841366
AL	01069041600	142929525	194992	55.185	0.075	31.268835	-85.2759901
AL	01069041700	112833272	338426	43.565	0.131	31.2437696	-85.1548355
AL	01069041800	306316455	604390	118.269	0.233	31.0607041	-85.1207652
AL	01069041901	37528653	316521	14.49	0.122	31.1937795	-85.2970892
AL	01069041902	141641460	505996	54.688	0.195	31.1625826	-85.2352378
AL	01069042000	204155973	948906	78.825	0.366	31.0704936	-85.3000476
AL	01069042100	191330486	909732	73.873	0.351	31.0744338	-85.4260928
AL	01071950101	115047091	3828811	44.42	1.478	34.9259619	-85.646384
AL	01071950102	233559349	9790352	90.178	3.78	34.8149623	-85.7242548
AL	01071950200	92954119	2839235	35.89	1.096	34.9652857	-85.7774477
AL	01071950301	482509506	3259614	186.298	1.259	34.8969059	-85.9446258
AL	01071950302	73026715	15230798	28.196	5.881	34.8694852	-85.8223876
AL	01071950400	552107880	1678319	213.17	0.648	34.8787834	-86.2279366
AL	01071950500	258643936	941503	99.863	0.364	34.678558	-86.2570617
AL	01071950601	236127808	2384738	91.169	0.921	34.7615424	-86.0476066
AL	01071950602	41731929	0	16.113	0.	34.7164046	-86.0075965
AL	01071950700	137895343	21571321	53.242	8.329	34.6054606	-86.1376597
AL	01071950800	11336941	0	4.377	0.	34.6633842	-86.0358546
AL	01071950901	48086347	10709673	18.566	4.135	34.6854652	-85.9434984
AL	01071950902	27507268	15347231	10.621	5.926	34.6391789	-86.0219276
AL	01071951000	197703570	7442416	76.334	2.874	34.7011992	-85.8145736
AL	01071951101	149103061	2938816	57.569	1.135	34.6073374	-85.9059069
AL	01071951102	134703781	28371884	52.009	10.954	34.5292334	-86.0298882
AL	01073000100	7549577	82926	2.915	0.032	33.5805023	-86.7229319
AL	01073000300	2078506	0	0.803	0.	33.5427144	-86.7525119
AL	01073000400	7998768	0	3.088	0.	33.5632416	-86.764017
AL	01073000500	4680657	0	1.807	0.	33.5445055	-86.7749122
AL	01073000700	3520555	0	1.359	0.	33.5525405	-86.8016893
AL	01073000800	11487408	0	4.435	0.	33.5493736	-86.8360743
AL	01073001100	10140773	3862	3.915	0.001	33.5428824	-86.8801681
AL	01073001200	8619492	0	3.328	0.	33.5279044	-86.860335
AL	01073001400	2251355	0	0.869	0.	33.5261504	-86.8352054
AL	01073001500	1900179	0	0.734	0.	33.5298897	-86.8197168
AL	01073001600	2646794	0	1.022	0.	33.5373014	-86.8036526
AL	01073001902	3359549	0	1.297	0.	33.5531822	-86.7430572
AL	01073002000	3638817	0	1.405	0.	33.5591908	-86.7233518
AL	01073002100	2748006	0	1.061	0.	33.5650011	-86.7101102
AL	01073002200	1840624	0	0.711	0.	33.5522523	-86.7278253
AL	01073002303	3227306	0	1.246	0.	33.5383976	-86.7270159
AL	01073002305	2134659	0	0.824	0.	33.5333807	-86.7478101
AL	01073002306	4736382	1999	1.829	0.001	33.5234387	-86.7455658
AL	01073002401	3483937	0	1.345	0.	33.520967	-86.7775388
AL	01073002402	4995540	0	1.929	0.	33.5299009	-86.7866064
AL	01073002701	1421020	0	0.549	0.	33.5144702	-86.8089202
AL	01073002702	2383970	0	0.92	0.	33.5213414	-86.8129086
AL	01073002900	2333965	0	0.901	0.	33.5132498	-86.8300447
AL	01073003001	2443235	0	0.943	0.	33.5125176	-86.8577473
AL	01073003002	1778825	0	0.687	0.	33.5122582	-86.8441429
AL	01073003100	2244334	0	0.867	0.	33.5059484	-86.874556
AL	01073003200	1158192	0	0.447	0.	33.5094019	-86.8859084
AL	01073003300	1973655	0	0.762	0.	33.5172122	-86.8911879
AL	01073003400	2092604	0	0.808	0.	33.5052938	-86.9015669
AL	01073003500	7497006	10985	2.895	0.004	33.5056238	-86.924273
AL	01073003600	2332799	0	0.901	0.	33.4847109	-86.8981844
AL	01073003700	2416628	0	0.933	0.	33.4969071	-86.8907612
AL	01073003802	3230876	0	1.247	0.	33.4786414	-86.8899551
AL	01073003803	2707535	0	1.045	0.	33.4859674	-86.8696954
AL	01073003900	2232850	0	0.862	0.	33.498997	-86.8647433
AL	01073004000	2358916	0	0.911	0.	33.4953218	-86.8515873
AL	01073004200	3055248	0	1.18	0.	33.5007472	-86.8270732
AL	01073004501	723960	0	0.28	0.	33.498338	-86.8072523
AL	01073004502	2954775	0	1.141	0.	33.5070999	-86.8031333
AL	01073004701	1130922	0	0.437	0.	33.5075436	-86.783641
AL	01073004702	2517626	5581	0.972	0.002	33.5104371	-86.7696726
AL	01073004800	1255862	0	0.485	0.	33.4989741	-86.7826088
AL	01073004901	964653	0	0.372	0.	33.4971397	-86.7917561
AL	01073004902	1131579	0	0.437	0.	33.4935599	-86.8011109
AL	01073005000	2421360	0	0.935	0.	33.4866695	-86.8173319
AL	01073005101	743008	0	0.287	0.	33.4945909	-86.834764
AL	01073005103	1739923	0	0.672	0.	33.4857174	-86.8327763
AL	01073005104	1811291	0	0.699	0.	33.4724964	-86.8346992
AL	01073005200	4595017	0	1.774	0.	33.4806692	-86.8508681
AL	01073005302	5025529	0	1.94	0.	33.5766632	-86.6965072
AL	01073005500	8663906	82509	3.345	0.032	33.5741765	-86.7984788
AL	01073005600	4208466	0	1.625	0.	33.52034	-86.7265776
AL	01073005701	3264646	0	1.26	0.	33.4628053	-86.8901337
AL	01073005702	2791815	0	1.078	0.	33.469869	-86.8742909
AL	01073005800	2545589	0	0.983	0.	33.4775916	-86.8148301
AL	01073005903	7957148	39652	3.072	0.015	33.596713	-86.6763136
AL	01073005905	5486705	0	2.118	0.	33.604549	-86.7006687
AL	01073005907	2171506	0	0.838	0.	33.614611	-86.6690122
AL	01073005908	2938194	21158	1.134	0.008	33.6221369	-86.6791681
AL	01073005909	4495285	0	1.736	0.	33.6119444	-86.7208565
AL	01073005910	7282121	0	2.812	0.	33.6294784	-86.7180087
AL	01073010001	11082092	0	4.279	0.	33.4525272	-87.0036856
AL	01073010002	8916322	0	3.443	0.	33.4255391	-86.9915436
AL	01073010100	2405301	0	0.929	0.	33.4166881	-86.9518124
AL	01073010200	3731139	0	1.441	0.	33.4009712	-86.9631866
AL	01073010301	2076633	0	0.802	0.	33.3914623	-86.9487605
AL	01073010302	5180258	0	2.	0.	33.409633	-86.9376962
AL	01073010401	3957210	0	1.528	0.	33.3814944	-86.9602703
AL	01073010402	2410937	5682	0.931	0.002	33.3849099	-86.9783163
AL	01073010500	3494425	0	1.349	0.	33.4296026	-86.9179362
AL	01073010603	2040509	0	0.788	0.	33.4658583	-86.9221756
AL	01073010604	3794390	0	1.465	0.	33.4774179	-86.9130754
AL	01073010605	1931049	0	0.746	0.	33.4900483	-86.9157202
AL	01073010701	961075	0	0.371	0.	33.4776956	-86.8080687
AL	01073010702	3130859	0	1.209	0.	33.4767555	-86.7958205
AL	01073010703	1949918	0	0.753	0.	33.4764205	-86.7790885
AL	01073010704	3031108	9854	1.17	0.004	33.4613607	-86.8005817
AL	01073010705	2150207	0	0.83	0.	33.465675	-86.8124562
AL	01073010706	7462732	42449	2.881	0.016	33.4502957	-86.8337693
AL	01073010801	5035417	18719	1.944	0.007	33.4946041	-86.7638063
AL	01073010802	5576719	5889	2.153	0.002	33.4869177	-86.7636484
AL	01073010803	8512700	5292	3.287	0.002	33.5123312	-86.717633
AL	01073010804	7056260	0	2.724	0.	33.4757328	-86.7447127
AL	01073010806	12462270	101395	4.812	0.039	33.5031808	-86.704922
AL	01073010807	8291567	379023	3.201	0.146	33.504829	-86.680794
AL	01073010900	5549331	0	2.143	0.	33.5795996	-86.7705771
AL	01073011002	12786473	133297	4.937	0.051	33.5566868	-86.5617309
AL	01073011003	4073114	8454	1.573	0.003	33.5440903	-86.542422
AL	01073011004	14669349	100502	5.664	0.039	33.5300878	-86.5532991
AL	01073011108	9167465	0	3.54	0.	33.6167184	-86.6269349
AL	01073011109	17076480	160026	6.593	0.062	33.6474827	-86.5816827
AL	01073011110	40239088	386431	15.536	0.149	33.7249539	-86.5902333
AL	01073011112	4017333	0	1.551	0.	33.6381722	-86.652759
AL	01073011113	9793677	15145	3.781	0.006	33.6319104	-86.6364555
AL	01073011114	40324931	989044	15.57	0.382	33.6218226	-86.556136
AL	01073011115	20965957	585114	8.095	0.226	33.588309	-86.6173957
AL	01073011116	35256101	742754	13.612	0.287	33.700255	-86.5622135
AL	01073011117	21328320	92285	8.235	0.036	33.668766	-86.6125326
AL	01073011205	9571827	20936	3.696	0.008	33.6892608	-86.6651178
AL	01073011206	53207773	1056974	20.544	0.408	33.740998	-86.6501254
AL	01073011207	5417381	8666	2.092	0.003	33.6638358	-86.6742325
AL	01073011208	7531443	49888	2.908	0.019	33.6692571	-86.6510458
AL	01073011209	4209283	0	1.625	0.	33.6552379	-86.6996956
AL	01073011210	9005336	0	3.477	0.	33.6689263	-86.7041592
AL	01073011301	62639579	60288	24.185	0.023	33.7654904	-86.7187314
AL	01073011303	30787350	0	11.887	0.	33.7896589	-86.7740296
AL	01073011304	20604401	28998	7.955	0.011	33.756104	-86.7899386
AL	01073011401	27503921	0	10.619	0.	33.818438	-86.7964323
AL	01073011402	85718314	240090	33.096	0.093	33.805173	-86.8816715
AL	01073011500	91987027	967980	35.516	0.374	33.727028	-86.9970495
AL	01073011600	105758785	480126	40.834	0.185	33.6819364	-86.9203976
AL	01073011704	67456319	167399	26.045	0.065	33.7243817	-86.8487305
AL	01073011706	62032299	25907	23.951	0.01	33.698228	-86.7506066
AL	01073011707	9854623	0	3.805	0.	33.6452738	-86.8177247
AL	01073011708	20167110	20405	7.787	0.008	33.6506672	-86.8476784
AL	01073011709	18388349	0	7.1	0.	33.6517076	-86.7855112
AL	01073011710	21803125	0	8.418	0.	33.6959604	-86.8060574
AL	01073011803	3942621	0	1.522	0.	33.6290942	-86.6950595
AL	01073011804	2990955	0	1.155	0.	33.6453495	-86.6958458
AL	01073011805	2884718	1412	1.114	0.001	33.6384717	-86.6649982
AL	01073011806	2976522	0	1.149	0.	33.6425087	-86.6754236
AL	01073011901	30230901	203547	11.672	0.079	33.6272778	-86.757867
AL	01073011904	10728779	9377	4.142	0.004	33.593837	-86.7427416
AL	01073012001	36436138	0	14.068	0.	33.5985823	-86.8791054
AL	01073012003	7128680	0	2.752	0.	33.60611	-86.796297
AL	01073012004	24676107	0	9.527	0.	33.5945674	-86.8319218
AL	01073012103	28986522	0	11.192	0.	33.6190166	-86.9450504
AL	01073012104	57264597	560985	22.11	0.217	33.6350049	-86.9946308
AL	01073012200	115193196	6461458	44.476	2.495	33.5796604	-87.1460261
AL	01073012302	168924773	1271352	65.222	0.491	33.5453628	-87.0804358
AL	01073012304	7536691	0	2.91	0.	33.504624	-86.961321
AL	01073012306	4635522	0	1.79	0.	33.475757	-86.9709943
AL	01073012307	11089257	0	4.282	0.	33.4846124	-86.9925516
AL	01073012401	4751675	0	1.835	0.	33.5645668	-86.8852291
AL	01073012402	13228440	0	5.108	0.	33.5608916	-86.9133528
AL	01073012403	30937315	717293	11.945	0.277	33.5773672	-86.9668002
AL	01073012500	30717712	893201	11.86	0.345	33.5363928	-86.952667
AL	01073012602	21257991	35558	8.208	0.014	33.569554	-86.6660459
AL	01073012701	26554793	349911	10.253	0.135	33.5445586	-86.6466397
AL	01073012703	30914090	1725121	11.936	0.666	33.4685015	-86.6904595
AL	01073012704	45820828	665207	17.692	0.257	33.5064416	-86.6099897
AL	01073012802	2861759	0	1.105	0.	33.4589522	-86.7398184
AL	01073012804	4549146	115513	1.756	0.045	33.4646933	-86.7195546
AL	01073012805	3427491	123984	1.323	0.048	33.4464102	-86.7210144
AL	01073012905	7655959	137309	2.956	0.053	33.453769	-86.7743405
AL	01073012907	7197996	180149	2.779	0.07	33.3999431	-86.7702747
AL	01073012908	3812086	9913	1.472	0.004	33.3987654	-86.7986112
AL	01073012910	6464596	163383	2.496	0.063	33.426265	-86.7322101
AL	01073012911	12427178	42051	4.798	0.016	33.4363969	-86.7561972
AL	01073012913	3055263	96867	1.18	0.037	33.3730565	-86.786671
AL	01073012914	3204469	66018	1.237	0.025	33.4536368	-86.7958108
AL	01073012916	4556102	4072	1.759	0.002	33.4249374	-86.7847929
AL	01073012917	2693753	0	1.04	0.	33.413507	-86.7830518
AL	01073012918	1657892	18675	0.64	0.007	33.3832415	-86.7998412
AL	01073012919	423721	0	0.164	0.	33.382702	-86.7906336
AL	01073012920	2285749	8176	0.883	0.003	33.4257497	-86.8019314
AL	01073012921	3402207	0	1.314	0.	33.4398452	-86.7959481
AL	01073013002	2304622	0	0.89	0.	33.4660419	-86.8567292
AL	01073013100	6039427	0	2.332	0.	33.4480923	-86.8892874
AL	01073013200	3151949	0	1.217	0.	33.457125	-86.9089139
AL	01073013300	4830160	0	1.865	0.	33.4366193	-86.9292632
AL	01073013400	4981569	0	1.923	0.	33.4590357	-86.9370429
AL	01073013601	3957802	0	1.528	0.	33.4414013	-86.9424581
AL	01073013801	9190002	0	3.548	0.	33.4247148	-86.9669569
AL	01073013901	11809141	0	4.56	0.	33.4753544	-86.948061
AL	01073013902	4785850	79937	1.848	0.031	33.4436893	-86.9757331
AL	01073014001	47452526	101347	18.322	0.039	33.4697595	-87.0602725
AL	01073014002	36813946	461315	14.214	0.178	33.4098209	-87.0413958
AL	01073014104	45592856	114043	17.604	0.044	33.3455931	-87.0415268
AL	01073014105	12569585	0	4.853	0.	33.3522135	-86.9959153
AL	01073014106	190476107	1668948	73.543	0.644	33.3656727	-87.1183002
AL	01073014107	165504570	6779514	63.902	2.618	33.4723275	-87.2264348
AL	01073014205	13305034	28342	5.137	0.011	33.2845714	-86.9422543
AL	01073014206	46234493	460949	17.851	0.178	33.2924202	-86.9843424
AL	01073014207	34100574	530017	13.166	0.205	33.2934162	-87.0266866
AL	01073014208	16760466	171187	6.471	0.066	33.316798	-86.9319874
AL	01073014209	17168702	263337	6.629	0.102	33.3438219	-86.917195
AL	01073014301	15670798	157950	6.051	0.061	33.3511048	-86.9592212
AL	01073014303	38260908	195061	14.773	0.075	33.3915761	-86.9043501
AL	01073014304	17916112	63725	6.917	0.025	33.4255985	-86.8725115
AL	01073014404	5389816	34730	2.081	0.013	33.4323008	-86.8214328
AL	01073014405	3770284	0	1.456	0.	33.4216901	-86.8273639
AL	01073014406	7122605	10008	2.75	0.004	33.4013795	-86.8278599
AL	01073014408	3266954	139404	1.261	0.054	33.3720546	-86.8107942
AL	01073014409	4206840	39525	1.624	0.015	33.3937098	-86.81643
AL	01073014410	12742523	163105	4.92	0.063	33.3508141	-86.8365453
AL	01073014412	4768704	2611	1.841	0.001	33.403278	-86.8502393
AL	01073014414	8886580	922	3.431	0.	33.3728547	-86.8412903
AL	01073014415	9305974	173660	3.593	0.067	33.3899255	-86.8654983
AL	01075030000	563409131	442883	217.533	0.171	33.9562697	-88.0885973
AL	01075030101	214956210	716628	82.995	0.277	33.7472437	-88.1779971
AL	01075030102	278103685	134266	107.376	0.052	33.790633	-88.0328266
AL	01075030200	510075646	306902	196.941	0.118	33.605968	-88.1006354
AL	01077010100	4980783	2557253	1.923	0.987	34.795783	-87.6600163
AL	01077010200	3248912	760729	1.254	0.294	34.784265	-87.6863587
AL	01077010300	2242796	148915	0.866	0.057	34.7983502	-87.6945772
AL	01077010400	5465779	110399	2.11	0.043	34.8171967	-87.7047516
AL	01077010600	1965709	1340	0.759	0.001	34.8103953	-87.6709633
AL	01077010700	3825501	0	1.477	0.	34.8087191	-87.6485257
AL	01077010800	8655703	2903484	3.342	1.121	34.8120194	-87.6244223
AL	01077010901	6173938	17892	2.384	0.007	34.8293741	-87.6451877
AL	01077010902	3771800	0	1.456	0.	34.8344088	-87.6625081
AL	01077011000	5022545	0	1.939	0.	34.8299876	-87.6818402
AL	01077011101	20673908	132238	7.982	0.051	34.8422452	-87.7079565
AL	01077011102	6449995	7566	2.49	0.003	34.8553216	-87.6852877
AL	01077011200	253116906	23416409	97.729	9.041	34.8252401	-87.8121209
AL	01077011300	310182381	45877269	119.762	17.713	34.9389377	-88.0139285
AL	01077011401	121070622	476552	46.746	0.184	34.9517297	-87.7417812
AL	01077011402	95609724	254220	36.915	0.098	34.951536	-87.8409488
AL	01077011502	138339229	2419243	53.413	0.934	34.9295054	-87.63545
AL	01077011503	14311727	5651868	5.526	2.182	34.8371733	-87.5856251
AL	01077011504	24144673	39713	9.322	0.015	34.8605513	-87.638569
AL	01077011602	123190008	572235	47.564	0.221	34.9616163	-87.5143563
AL	01077011603	69052419	1894677	26.661	0.732	34.9038867	-87.5229137
AL	01077011605	25634441	10979695	9.898	4.239	34.845663	-87.5040743
AL	01077011606	49133743	5585885	18.971	2.157	34.8524165	-87.4439888
AL	01077011700	138659124	6253833	53.537	2.415	34.9230399	-87.3958449
AL	01077011801	218946269	399209	84.536	0.154	34.9221539	-87.2823181
AL	01077011802	76288840	23136933	29.455	8.933	34.8122679	-87.3043693
AL	01079979100	162718486	27718484	62.826	10.702	34.6677546	-87.1827972
AL	01079979201	173543766	33343814	67.006	12.874	34.7177132	-87.3401349
AL	01079979202	132640590	788347	51.213	0.304	34.6396492	-87.3633477
AL	01079979300	226975043	1721123	87.636	0.665	34.5666247	-87.418451
AL	01079979400	86663208	209922	33.461	0.081	34.4823369	-87.2566042
AL	01079979501	42596424	343043	16.447	0.132	34.5828012	-87.1533184
AL	01079979502	75015361	645300	28.964	0.249	34.556996	-87.2404514
AL	01079979600	78651668	488918	30.368	0.189	34.5195819	-87.151801
AL	01079979700	201334291	639031	77.736	0.247	34.382723	-87.1521054
AL	01079979800	247378739	801488	95.513	0.309	34.4238653	-87.3124431
AL	01079979900	361346824	1982766	139.517	0.766	34.4039525	-87.4562458
AL	01081040201	1495705	0	0.577	0.	32.6087328	-85.472233
AL	01081040202	4713941	38716	1.82	0.015	32.6113816	-85.4521355
AL	01081040300	1741789	0	0.673	0.	32.6016654	-85.4668576
AL	01081040401	2234599	17337	0.863	0.007	32.570453	-85.4968248
AL	01081040402	3029056	557	1.17	0.	32.5957943	-85.4666413
AL	01081040403	3076685	0	1.188	0.	32.5838651	-85.4802236
AL	01081040501	13422524	175168	5.182	0.068	32.5840526	-85.4464979
AL	01081040502	27247303	211419	10.52	0.082	32.5359044	-85.5091769
AL	01081040602	14360902	391019	5.545	0.151	32.6152846	-85.5181586
AL	01081040603	2907184	14936	1.122	0.006	32.598547	-85.5163458
AL	01081040605	6667075	106301	2.574	0.041	32.5913362	-85.5352358
AL	01081040606	4181205	44975	1.614	0.017	32.5814007	-85.5102046
AL	01081040607	12028088	43262	4.644	0.017	32.557822	-85.5329066
AL	01081040700	5768504	35694	2.227	0.014	32.5955157	-85.4933037
AL	01081040801	498613	1752	0.193	0.001	32.6078059	-85.4947461
AL	01081040802	303572	0	0.117	0.	32.608202	-85.4860996
AL	01081040901	10841522	7531	4.186	0.003	32.6392355	-85.4736867
AL	01081040903	875325	0	0.338	0.	32.6130368	-85.4808959
AL	01081040904	3263019	16399	1.26	0.006	32.6202243	-85.4710377
AL	01081041001	98269189	772057	37.942	0.298	32.6597794	-85.5218811
AL	01081041002	249084689	1312763	96.172	0.507	32.6516933	-85.6019205
AL	01081041101	9045721	182304	3.493	0.07	32.6251509	-85.423328
AL	01081041102	4162967	87456	1.607	0.034	32.6365877	-85.4511974
AL	01081041103	4751727	8520	1.835	0.003	32.6408628	-85.439563
AL	01081041104	26852697	1730007	10.368	0.668	32.666893	-85.4246095
AL	01081041200	47991739	237279	18.53	0.092	32.7024978	-85.3854746
AL	01081041300	4807257	7096	1.856	0.003	32.6484083	-85.3920958
AL	01081041400	4316655	29012	1.667	0.011	32.6326652	-85.3867196
AL	01081041600	8477967	0	3.273	0.	32.6526724	-85.3609754
AL	01081041701	27862358	201406	10.758	0.078	32.5852946	-85.397305
AL	01081041702	23692560	337471	9.148	0.13	32.5810513	-85.3503058
AL	01081041703	82661897	51370	31.916	0.02	32.6657567	-85.3279802
AL	01081041801	92870759	8612	35.858	0.003	32.6430468	-85.2732467
AL	01081041802	44846778	288530	17.315	0.111	32.7056169	-85.2235113
AL	01081041803	44538919	4174679	17.197	1.612	32.7156033	-85.1624128
AL	01081041901	71371141	5091902	27.557	1.966	32.6045895	-85.103927
AL	01081041902	90710089	95118	35.023	0.037	32.5529604	-85.1973992
AL	01081041903	101211323	1706301	39.078	0.659	32.6320841	-85.1823631
AL	01081042002	27438405	706303	10.594	0.273	32.5241953	-85.0510953
AL	01081042003	20475679	107171	7.906	0.041	32.4847519	-85.1410687
AL	01081042005	13639785	0	5.266	0.	32.5102875	-85.1184255
AL	01081042006	9874941	121321	3.813	0.047	32.5265666	-85.1024437
AL	01081042007	4725989	2719	1.825	0.001	32.4872359	-85.1079966
AL	01081042008	7932543	115802	3.063	0.045	32.4858346	-85.0763311
AL	01081042009	4544518	19593	1.755	0.008	32.5047017	-85.072842
AL	01081042101	165534897	862605	63.913	0.333	32.4970769	-85.4025028
AL	01081042103	44751625	31461	17.279	0.012	32.5042082	-85.2058996
AL	01081042104	118431549	2116673	45.727	0.817	32.5340874	-85.3268972
AL	01083020101	82354696	539373	31.797	0.208	34.8681621	-86.8659585
AL	01083020103	29160017	67390	11.259	0.026	34.9744112	-86.8348296
AL	01083020104	68353807	108939	26.392	0.042	34.9313803	-86.8394339
AL	01083020201	51761148	103899	19.985	0.04	34.8537218	-86.9901123
AL	01083020202	171352641	937318	66.16	0.362	34.9326041	-86.9769708
AL	01083020300	240184433	9380418	92.736	3.622	34.9219676	-87.1401326
AL	01083020402	69762663	88178	26.936	0.034	34.8001139	-87.05062
AL	01083020403	71667706	5615873	27.671	2.168	34.8329566	-87.111296
AL	01083020404	84046624	19524938	32.451	7.539	34.7656804	-87.1657647
AL	01083020500	4698718	890	1.814	0.	34.8025454	-86.9899897
AL	01083020600	10365106	11461	4.002	0.004	34.8220771	-86.9813141
AL	01083020700	9230438	13604	3.564	0.005	34.8205875	-86.9517709
AL	01083020803	27558450	234893	10.64	0.091	34.7829019	-86.8137538
AL	01083020804	29135508	178840	11.249	0.069	34.7844151	-86.8755667
AL	01083020805	29791159	271261	11.502	0.105	34.8297876	-86.8111832
AL	01083020806	34150815	205391	13.186	0.079	34.8201635	-86.8821614
AL	01083020900	15836356	259930	6.114	0.1	34.7887728	-86.9501638
AL	01083021000	5314021	2968	2.052	0.001	34.78077	-86.9796351
AL	01083021101	141911116	50957883	54.792	19.675	34.690572	-86.9993668
AL	01083021102	43174820	340213	16.67	0.131	34.7531781	-86.9616271
AL	01083021201	18854240	71503	7.28	0.028	34.7206472	-86.8014601
AL	01083021202	86894643	937716	33.55	0.362	34.7008706	-86.8562474
AL	01083021203	133650107	23545393	51.603	9.091	34.6163464	-86.8556265
AL	01085780800	401741604	5462741	155.113	2.109	32.185233	-86.4889217
AL	01085781000	569693742	14504660	219.96	5.6	32.2735289	-86.7189113
AL	01085781100	408297013	1225601	157.644	0.473	32.0922981	-86.7776904
AL	01085781200	474919516	2078194	183.367	0.802	32.0180975	-86.6009099
AL	01087231400	243015427	1193548	93.829	0.461	32.4320701	-85.5219389
AL	01087231500	252156449	1999795	97.358	0.772	32.5209035	-85.6837325
AL	01087231601	102098245	814703	39.42	0.315	32.4264074	-85.8116967
AL	01087231602	64553707	490048	24.924	0.189	32.3972133	-85.735007
AL	01087231603	79119130	1107724	30.548	0.428	32.4628482	-85.7815479
AL	01087231700	2889366	4507	1.116	0.002	32.4334728	-85.712429
AL	01087231800	5780012	28827	2.232	0.011	32.4424696	-85.680103
AL	01087231900	10639911	55708	4.108	0.022	32.4137761	-85.7093207
AL	01087232000	7589242	405124	2.93	0.156	32.426005	-85.6917046
AL	01087232100	5355678	58722	2.068	0.023	32.403765	-85.7172586
AL	01087232200	271885584	2994833	104.976	1.156	32.3575301	-85.8948196
AL	01087232300	531352848	2611964	205.156	1.008	32.3127306	-85.6175595
AL	01089000203	13039789	19818	5.035	0.008	34.7764853	-86.5575438
AL	01089000301	3746457	2577	1.447	0.001	34.7832877	-86.5893471
AL	01089000302	3871315	0	1.495	0.	34.7823279	-86.607736
AL	01089000403	36495999	78914	14.091	0.03	34.8052817	-86.6207551
AL	01089000501	2804806	0	1.083	0.	34.775224	-86.6353458
AL	01089000502	1995500	0	0.77	0.	34.7679304	-86.6346783
AL	01089000503	1686653	0	0.651	0.	34.7628784	-86.628492
AL	01089000601	1538128	0	0.594	0.	34.7538634	-86.6345028
AL	01089000602	1641163	0	0.634	0.	34.7547187	-86.619421
AL	01089000701	2647545	0	1.022	0.	34.7672352	-86.6021901
AL	01089000702	3164264	897	1.222	0.	34.7552435	-86.6030659
AL	01089000901	9707760	741	3.748	0.	34.7562271	-86.5465444
AL	01089000902	2261878	0	0.873	0.	34.7450609	-86.5536342
AL	01089001000	2325388	0	0.898	0.	34.7422454	-86.573118
AL	01089001200	2753325	7983	1.063	0.003	34.7332961	-86.6065569
AL	01089001301	2366519	0	0.914	0.	34.7415915	-86.6376776
AL	01089001302	2398817	11655	0.926	0.005	34.741946	-86.6199325
AL	01089001401	4455025	14364	1.72	0.006	34.7379264	-86.6984839
AL	01089001403	13441398	257406	5.19	0.099	34.7224925	-86.6896731
AL	01089001404	6854597	10858	2.647	0.004	34.7251064	-86.65861
AL	01089001500	4941607	28554	1.908	0.011	34.7278559	-86.6288587
AL	01089001700	2120096	0	0.819	0.	34.7273223	-86.5673746
AL	01089001801	10852826	1515	4.19	0.001	34.7351055	-86.5436849
AL	01089001901	6278033	0	2.424	0.	34.7096258	-86.5508967
AL	01089001902	12823897	2944	4.951	0.001	34.682595	-86.5407538
AL	01089001903	4727151	0	1.825	0.	34.6897964	-86.5609191
AL	01089002000	2257781	0	0.872	0.	34.7119195	-86.5826599
AL	01089002100	3376640	40240	1.304	0.016	34.7175673	-86.6067012
AL	01089002200	1575713	0	0.608	0.	34.7165386	-86.6299005
AL	01089002300	2633778	0	1.017	0.	34.7055173	-86.6182384
AL	01089002400	2630020	25167	1.015	0.01	34.687578	-86.6143776
AL	01089002501	4930476	218188	1.904	0.084	34.6973746	-86.5940486
AL	01089002502	5999884	162097	2.317	0.063	34.6781595	-86.5938685
AL	01089002600	4129650	0	1.594	0.	34.6915398	-86.5750836
AL	01089002701	3719164	0	1.436	0.	34.6613745	-86.5632511
AL	01089002721	4324951	2480	1.67	0.001	34.6598278	-86.5473845
AL	01089002722	5721478	14747	2.209	0.006	34.654154	-86.5262617
AL	01089002801	9572095	404323	3.696	0.156	34.642635	-86.5773216
AL	01089002803	8297702	505324	3.204	0.195	34.5971957	-86.5749765
AL	01089002804	3463118	56303	1.337	0.022	34.6243539	-86.5769686
AL	01089002911	5020097	0	1.938	0.	34.6365623	-86.5525967
AL	01089002912	4621246	8091	1.784	0.003	34.6349752	-86.5287759
AL	01089002922	6576518	0	2.539	0.	34.6127323	-86.5328984
AL	01089002923	3804877	0	1.469	0.	34.6207209	-86.5556539
AL	01089002924	5400628	71332	2.085	0.028	34.5977104	-86.5548194
AL	01089003000	3974010	4747	1.534	0.002	34.7526124	-86.5873787
AL	01089003100	4284351	50648	1.654	0.02	34.7293592	-86.5867817
AL	01089010101	252975176	864835	97.674	0.334	34.9178966	-86.3494802
AL	01089010102	30430923	450444	11.749	0.174	34.8498329	-86.4858234
AL	01089010200	108073676	579323	41.727	0.224	34.782744	-86.4057661
AL	01089010302	71137313	299798	27.466	0.116	34.9504742	-86.5026248
AL	01089010303	36189351	42961	13.973	0.017	34.9688463	-86.6049477
AL	01089010304	51697522	109352	19.961	0.042	34.9224297	-86.5845207
AL	01089010403	22743850	51212	8.781	0.02	34.9264172	-86.6681429
AL	01089010404	52867741	134139	20.412	0.052	34.9744668	-86.7068011
AL	01089010405	62934029	394171	24.299	0.152	34.9101337	-86.7065619
AL	01089010406	28674026	169522	11.071	0.065	34.9213706	-86.7678707
AL	01089010502	39835963	62364	15.381	0.024	34.8554661	-86.6841437
AL	01089010503	26869345	112389	10.374	0.043	34.8515283	-86.7740427
AL	01089010504	26308614	103998	10.158	0.04	34.8345754	-86.7283537
AL	01089010612	14806799	81262	5.717	0.031	34.7627454	-86.7550333
AL	01089010623	12931856	46982	4.993	0.018	34.7904123	-86.7280209
AL	01089010625	5124096	55968	1.978	0.022	34.7478672	-86.6579479
AL	01089010626	10600439	7283	4.093	0.003	34.7694897	-86.6690418
AL	01089010627	5755610	32637	2.222	0.013	34.7562113	-86.6942627
AL	01089010628	4731332	8777	1.827	0.003	34.7910961	-86.7774468
AL	01089010629	8109938	49496	3.131	0.019	34.7909068	-86.7607021
AL	01089010630	5686171	15949	2.195	0.006	34.7800354	-86.6976012
AL	01089010631	16504606	52210	6.372	0.02	34.801983	-86.6857172
AL	01089010703	51393306	119210	19.843	0.046	34.8774654	-86.5629052
AL	01089010704	36739462	148289	14.185	0.057	34.8553401	-86.6129927
AL	01089010705	17081748	31872	6.595	0.012	34.817666	-86.5603605
AL	01089010706	18035556	408373	6.964	0.158	34.8172572	-86.5234845
AL	01089010801	17274139	143739	6.67	0.055	34.7953545	-86.5099475
AL	01089010802	45163087	276666	17.438	0.107	34.7388221	-86.4947666
AL	01089010902	84178202	647920	32.501	0.25	34.6721334	-86.39243
AL	01089010903	18159774	63422	7.012	0.024	34.6565044	-86.4995638
AL	01089010904	17596450	311840	6.794	0.12	34.651764	-86.4603914
AL	01089010905	49276058	148561	19.026	0.057	34.7085096	-86.4644934
AL	01089011012	10606855	51497	4.095	0.02	34.7344746	-86.7326757
AL	01089011013	5003834	14875	1.932	0.006	34.7128715	-86.7272534
AL	01089011021	11286806	55504	4.358	0.021	34.6854417	-86.7645134
AL	01089011023	6049280	15999	2.336	0.006	34.7411464	-86.7530655
AL	01089011024	5056293	2487	1.952	0.001	34.7339365	-86.7752481
AL	01089011025	5889649	8261	2.274	0.003	34.7175379	-86.7550238
AL	01089011026	5039404	3346	1.946	0.001	34.7070764	-86.7746445
AL	01089011027	3540241	1312	1.367	0.001	34.7013254	-86.7274367
AL	01089011028	5441302	0	2.101	0.	34.6907645	-86.7330291
AL	01089011100	154579129	10295374	59.683	3.975	34.6329287	-86.6558424
AL	01089011201	15433480	518115	5.959	0.2	34.628297	-86.7381571
AL	01089011202	7671803	359534	2.962	0.139	34.6594979	-86.7417685
AL	01089011203	53888234	3159757	20.806	1.22	34.6045688	-86.7609595
AL	01089011301	45974533	356863	17.751	0.138	34.6023074	-86.4391181
AL	01089011302	115351017	4958838	44.537	1.915	34.5449797	-86.4972317
AL	01089011400	118186622	955229	45.632	0.369	34.5476596	-86.3754059
AL	01091972901	8039238	1271769	3.104	0.491	32.534175	-87.8327833
AL	01091972902	93869611	1523639	36.243	0.588	32.4789945	-87.7652108
AL	01091973001	163624714	336606	63.176	0.13	32.2191859	-87.7387857
AL	01091973002	520982017	3160672	201.152	1.22	32.3019011	-87.8337535
AL	01091973100	624610050	972168	241.163	0.375	32.3286012	-87.5916737
AL	01091973200	286336273	54771	110.555	0.021	32.0620806	-87.7277322
AL	01091973300	490024557	2519385	189.2	0.973	32.0848433	-87.9458734
AL	01091973400	342668664	5112675	132.305	1.974	32.4063445	-87.9269242
AL	01093964001	112107931	1694695	43.285	0.654	34.2674081	-87.6934357
AL	01093964002	157202761	253892	60.696	0.098	34.1782272	-87.7249448
AL	01093964100	225898312	260336	87.22	0.101	34.262541	-87.8687822
AL	01093964200	272992920	60583	105.403	0.023	34.2203406	-88.131214
AL	01093964300	229507908	71618	88.614	0.028	34.1982117	-87.949109
AL	01093964401	176064700	179050	67.979	0.069	34.0968913	-87.9183484
AL	01093964402	150964794	0	58.288	0.	34.1032842	-88.0891548
AL	01093964500	294327934	316290	113.641	0.122	34.0582476	-87.7221187
AL	01093964600	149093699	38718	57.565	0.015	33.9867017	-87.9021266
AL	01093964701	101634741	239592	39.241	0.093	33.9407314	-87.7157651
AL	01093964702	52861500	68706	20.41	0.027	33.9760369	-87.8193593
AL	01095030101	47244865	717931	18.241	0.277	34.3463625	-86.1462433
AL	01095030102	126490007	37178820	48.838	14.355	34.4309415	-86.1703389
AL	01095030203	94122556	2364475	36.341	0.913	34.5585642	-86.2013414
AL	01095030204	46435227	12668676	17.929	4.891	34.4881716	-86.2296383
AL	01095030205	72885330	868079	28.141	0.335	34.5419486	-86.3008512
AL	01095030206	132487474	36481441	51.154	14.086	34.448824	-86.311707
AL	01095030301	48612475	498205	18.769	0.192	34.4170099	-86.5362459
AL	01095030302	163837739	24268900	63.258	9.37	34.4124087	-86.438254
AL	01095030401	31318564	391675	12.092	0.151	34.3133285	-86.542189
AL	01095030402	51757471	342937	19.984	0.132	34.3681883	-86.5296476
AL	01095030501	20559565	104164	7.938	0.04	34.3497292	-86.4580162
AL	01095030502	55438288	2643666	21.405	1.021	34.3221208	-86.4326701
AL	01095030601	33281787	1281750	12.85	0.495	34.2812873	-86.3323981
AL	01095030602	65644505	8831972	25.345	3.41	34.2765694	-86.402295
AL	01095030701	31629141	3185323	12.212	1.23	34.3111094	-86.2759215
AL	01095030702	43515271	15449286	16.801	5.965	34.355063	-86.2499856
AL	01095030801	38987988	57744	15.053	0.022	34.2969261	-86.172223
AL	01095030803	39584117	99789	15.284	0.039	34.2805313	-86.137242
AL	01095030804	13258272	73469	5.119	0.028	34.2481205	-86.1737824
AL	01095030902	28065956	86179	10.836	0.033	34.2335015	-86.2206978
AL	01095030903	9173984	47967	3.542	0.019	34.2805685	-86.2250605
AL	01095030904	47302727	137799	18.264	0.053	34.2558623	-86.2776418
AL	01095031001	98552065	305117	38.051	0.118	34.1617224	-86.3059132
AL	01095031002	55525516	177540	21.439	0.069	34.2218616	-86.345353
AL	01095031100	40893727	111776	15.789	0.043	34.1846602	-86.2118473
AL	01095031200	28927220	122957	11.169	0.047	34.211084	-86.1353109
AL	01097000200	2056808	0	0.794	0.	30.6909837	-88.0478464
AL	01097000401	1589550	15221	0.614	0.006	30.6993359	-88.0591706
AL	01097000402	686936	7405	0.265	0.003	30.703891	-88.0520514
AL	01097000500	2273082	102640	0.878	0.04	30.7051703	-88.0666709
AL	01097000600	2108770	28838	0.814	0.011	30.7116246	-88.0764971
AL	01097000701	1276817	0	0.493	0.	30.7128382	-88.0861107
AL	01097000702	1310136	0	0.506	0.	30.7212223	-88.0937913
AL	01097000801	2330333	15917	0.9	0.006	30.7056298	-88.0935568
AL	01097000802	829404	0	0.32	0.	30.7063855	-88.0880254
AL	01097000901	1520697	0	0.587	0.	30.6919913	-88.0738408
AL	01097000902	1124434	0	0.434	0.	30.6834127	-88.0744012
AL	01097000903	744660	0	0.288	0.	30.6773945	-88.0734903
AL	01097001001	1043100	0	0.403	0.	30.6868736	-88.060218
AL	01097001002	1453104	0	0.561	0.	30.6779765	-88.060697
AL	01097001100	1285732	0	0.496	0.	30.6778775	-88.048977
AL	01097001200	26028334	31768321	10.05	12.266	30.6913223	-88.0269464
AL	01097001302	1915700	0	0.74	0.	30.6668655	-88.0633977
AL	01097001400	1737736	0	0.671	0.	30.668198	-88.0769678
AL	01097001501	1206073	0	0.466	0.	30.6551457	-88.0777416
AL	01097001502	848502	0	0.328	0.	30.6568785	-88.0688375
AL	01097001800	5437484	2685959	2.099	1.037	30.5877506	-88.071439
AL	01097001901	5750609	1377060	2.22	0.532	30.5873231	-88.0926583
AL	01097001902	5320422	983906	2.054	0.38	30.6020753	-88.0987938
AL	01097002000	8833961	2078311	3.411	0.802	30.6162391	-88.1072757
AL	01097002100	4588857	0	1.772	0.	30.6442145	-88.1117651
AL	01097002200	2858285	17109	1.104	0.007	30.6489514	-88.0983592
AL	01097002301	1564127	17860	0.604	0.007	30.6493976	-88.0924793
AL	01097002302	1736281	1329	0.67	0.001	30.6524897	-88.0850029
AL	01097002400	2478407	0	0.957	0.	30.6690791	-88.0925582
AL	01097002501	2756258	0	1.064	0.	30.6798293	-88.0933073
AL	01097002502	2342226	0	0.904	0.	30.6922684	-88.0896978
AL	01097002600	3399543	0	1.313	0.	30.7072904	-88.1107347
AL	01097002700	3197048	0	1.234	0.	30.6950402	-88.1140994
AL	01097002800	3446267	0	1.331	0.	30.6825772	-88.1144789
AL	01097002900	4410139	0	1.703	0.	30.6665769	-88.1167674
AL	01097003000	9690899	123370	3.742	0.048	30.6270043	-88.1381664
AL	01097003100	6165628	30454	2.381	0.012	30.6453523	-88.1427778
AL	01097003202	1799138	0	0.695	0.	30.6555597	-88.1530543
AL	01097003203	2955421	0	1.141	0.	30.669231	-88.1601245
AL	01097003205	1936616	8344	0.748	0.003	30.6610364	-88.1416111
AL	01097003206	1269166	8043	0.49	0.003	30.673648	-88.1378423
AL	01097003207	1481336	11543	0.572	0.004	30.6668287	-88.1360564
AL	01097003301	2212170	12002	0.854	0.005	30.6812815	-88.137313
AL	01097003302	5552353	27672	2.144	0.011	30.6992655	-88.1362174
AL	01097003402	13993902	71887	5.403	0.028	30.7332348	-88.1390472
AL	01097003404	2486732	0	0.96	0.	30.7156643	-88.1988156
AL	01097003405	2043072	0	0.789	0.	30.714254	-88.1825247
AL	01097003406	3402101	6662	1.314	0.003	30.7140324	-88.1460237
AL	01097003408	8151663	0	3.147	0.	30.7323322	-88.1733797
AL	01097003409	7391761	11202	2.854	0.004	30.7629569	-88.2067932
AL	01097003410	14560148	19372	5.622	0.007	30.7380076	-88.2016449
AL	01097003501	5257103	186723	2.03	0.072	30.6979635	-88.162262
AL	01097003502	3944220	22096	1.523	0.009	30.6858694	-88.1588421
AL	01097003602	2801202	0	1.082	0.	30.6991449	-88.1997383
AL	01097003606	2857818	0	1.103	0.	30.6827769	-88.1806272
AL	01097003607	1611835	0	0.622	0.	30.6862863	-88.1982231
AL	01097003608	1936062	0	0.748	0.	30.7052503	-88.1835895
AL	01097003703	3768925	2011	1.455	0.001	30.6720272	-88.2027514
AL	01097003704	3199459	0	1.235	0.	30.6687889	-88.1808465
AL	01097003705	3731142	24858	1.441	0.01	30.650872	-88.1956098
AL	01097003706	2753238	5142	1.063	0.002	30.6509517	-88.1845077
AL	01097003707	2953673	0	1.14	0.	30.6548471	-88.1700425
AL	01097003708	4795727	0	1.852	0.	30.6267751	-88.1989541
AL	01097003710	5106976	0	1.972	0.	30.6325841	-88.1648061
AL	01097003711	3347599	29446	1.293	0.011	30.6244197	-88.1824256
AL	01097003712	4136485	53628	1.597	0.021	30.6246435	-88.175446
AL	01097003800	98912350	12743659	38.19	4.92	30.8356498	-88.0059269
AL	01097003901	2863269	0	1.106	0.	30.728905	-88.1118223
AL	01097003902	1665762	0	0.643	0.	30.7214885	-88.1042822
AL	01097004000	1737454	0	0.671	0.	30.7402636	-88.0984802
AL	01097004100	814775	0	0.315	0.	30.731593	-88.0933537
AL	01097004800	1912903	0	0.739	0.	30.7508544	-88.0882041
AL	01097004900	5186346	7066	2.002	0.003	30.7503663	-88.1166709
AL	01097005000	3098348	1825	1.196	0.001	30.7606154	-88.1009585
AL	01097005100	983586	0	0.38	0.	30.761891	-88.0886273
AL	01097005200	1830918	0	0.707	0.	30.7636071	-88.0780859
AL	01097005300	4916771	294542	1.898	0.114	30.7789148	-88.079762
AL	01097005400	9806472	268186	3.786	0.104	30.8030189	-88.0881954
AL	01097005500	4532778	43454	1.75	0.017	30.8245364	-88.0784836
AL	01097005601	5031896	189908	1.943	0.073	30.863435	-88.0412179
AL	01097005602	15943354	312169	6.156	0.121	30.843712	-88.0551154
AL	01097005701	51215010	142387	19.774	0.055	30.8780013	-88.0966705
AL	01097005702	180503915	9838929	69.693	3.799	30.9518426	-88.0280203
AL	01097005800	288298010	7036431	111.312	2.717	31.0707011	-88.0654398
AL	01097005900	458700891	2277209	177.105	0.879	31.0071217	-88.266293
AL	01097006000	159587426	1239221	61.617	0.478	31.078491	-88.2574764
AL	01097006102	25909985	49340	10.004	0.019	30.7827427	-88.2128143
AL	01097006103	20932596	99231	8.082	0.038	30.771757	-88.1493275
AL	01097006104	119651006	412101	46.198	0.159	30.8819066	-88.2158005
AL	01097006106	25593920	231224	9.882	0.089	30.798014	-88.113145
AL	01097006107	48134554	277164	18.585	0.107	30.8198837	-88.1821071
AL	01097006201	173530680	1320126	67.001	0.51	30.8737533	-88.352886
AL	01097006202	44719761	1576419	17.266	0.609	30.8007669	-88.3759882
AL	01097006303	30201490	4827995	11.661	1.864	30.7480867	-88.3108714
AL	01097006304	24086403	2397221	9.3	0.926	30.7861058	-88.3110615
AL	01097006305	24162056	31542	9.329	0.012	30.8124771	-88.2844535
AL	01097006306	15732054	18438	6.074	0.007	30.7393369	-88.2488521
AL	01097006307	13845058	64941	5.346	0.025	30.7703763	-88.2455804
AL	01097006402	15830001	14898	6.112	0.006	30.7090832	-88.2365116
AL	01097006403	17008306	50260	6.567	0.019	30.6899792	-88.2543429
AL	01097006407	165068021	5302174	63.733	2.047	30.6973673	-88.3574571
AL	01097006408	4501197	5006	1.738	0.002	30.6477505	-88.2340993
AL	01097006409	11532862	8157	4.453	0.003	30.6659645	-88.2514338
AL	01097006410	4318090	16152	1.667	0.006	30.6484517	-88.2164572
AL	01097006411	4606322	49495	1.779	0.019	30.6724875	-88.2164407
AL	01097006412	6062060	8699	2.341	0.003	30.6354512	-88.269753
AL	01097006413	24661363	297544	9.522	0.115	30.6375019	-88.3044431
AL	01097006501	40619000	326274	15.683	0.126	30.5571651	-88.2741415
AL	01097006503	11243031	43012	4.341	0.017	30.6172849	-88.2854189
AL	01097006504	48114419	258642	18.577	0.1	30.527062	-88.3223834
AL	01097006505	94686529	501122	36.559	0.193	30.5666946	-88.3622715
AL	01097006600	104094994	34410776	40.191	13.286	30.4153593	-88.3659658
AL	01097006702	44701147	78388	17.259	0.03	30.5154023	-88.2381941
AL	01097006703	15392309	14069	5.943	0.005	30.4487539	-88.2388944
AL	01097006704	30638154	111075	11.829	0.043	30.4797806	-88.2634174
AL	01097006802	12437557	37001	4.802	0.014	30.5985927	-88.1816082
AL	01097006803	7617665	73061	2.941	0.028	30.6034977	-88.215414
AL	01097006804	13839126	185832	5.343	0.072	30.6270349	-88.2289821
AL	01097006902	4685414	1574	1.809	0.001	30.5844903	-88.1880238
AL	01097006903	6044852	17152	2.334	0.007	30.5779206	-88.2212389
AL	01097006904	11317250	8167	4.37	0.003	30.5672006	-88.222048
AL	01097007000	37612372	4899111	14.522	1.892	30.5725271	-88.1254897
AL	01097007101	15048863	5151	5.81	0.002	30.5518934	-88.1951344
AL	01097007102	33269957	778940	12.846	0.301	30.5239101	-88.1558898
AL	01097007103	47845772	7049108	18.473	2.722	30.4884587	-88.13197
AL	01097007201	44250274	646269	17.085	0.25	30.4561048	-88.1792821
AL	01097007203	16266664	71388866	6.281	27.563	30.2667947	-88.1002267
AL	01097007204	64603243	66659424	24.943	25.737	30.344868	-88.1716708
AL	01097007300	90387207	12559852	34.899	4.849	30.3943596	-88.2296716
AL	01097007400	14484505	2204149	5.592	0.851	30.6301964	-88.0699426
AL	01097007500	1735422	0	0.67	0.	30.7432183	-88.0817916
AL	01097007600	3100194	8995	1.197	0.003	30.740477	-88.0726838
AL	01097007700	1719754	0	0.664	0.	30.7298424	-88.0840384
AL	01097980000	1895047	0	0.732	0.	30.6951462	-88.1824733
AL	01097990000	0	780537710	0.	301.367	30.2698833	-88.2923593
AL	01099075600	523644031	1376920	202.18	0.532	31.7554501	-87.1028419
AL	01099075700	599497947	9868960	231.467	3.81	31.676299	-87.4409537
AL	01099075800	331032923	59686	127.813	0.023	31.6209755	-87.2643212
AL	01099075901	249774018	5076623	96.438	1.96	31.5345161	-87.4877077
AL	01099075902	18058773	18229	6.973	0.007	31.536358	-87.3415129
AL	01099076000	138136249	202217	53.335	0.078	31.4918169	-87.2760205
AL	01099076101	217531854	307545	83.99	0.119	31.3801302	-87.4484493
AL	01099076102	151600174	172274	58.533	0.067	31.4223306	-87.3602862
AL	01099076200	427193703	5527227	164.94	2.134	31.3250054	-87.5991274
AL	01101000100	2245795	92968	0.867	0.036	32.3792437	-86.3083898
AL	01101000200	1757359	0	0.679	0.	32.3720491	-86.3087877
AL	01101000300	23516863	3969180	9.08	1.533	32.40291	-86.3262902
AL	01101000400	5059608	0	1.954	0.	32.3972124	-86.2846518
AL	01101000500	1707542	0	0.659	0.	32.3817203	-86.2818999
AL	01101000600	1685474	0	0.651	0.	32.3715578	-86.2915698
AL	01101000700	1377521	0	0.532	0.	32.3635327	-86.308144
AL	01101000900	8868139	788529	3.424	0.304	32.3809438	-86.363749
AL	01101001000	3988873	170663	1.54	0.066	32.3685556	-86.3398046
AL	01101001100	3561874	6703	1.375	0.003	32.3613688	-86.3289447
AL	01101001200	1246770	0	0.481	0.	32.3587334	-86.3177821
AL	01101001300	2256230	0	0.871	0.	32.3513299	-86.3072717
AL	01101001400	2859943	0	1.104	0.	32.3526512	-86.2916355
AL	01101001500	2380177	0	0.919	0.	32.3611761	-86.2832653
AL	01101001600	2778035	0	1.073	0.	32.374306	-86.2736134
AL	01101001700	5040024	4085	1.946	0.002	32.3732999	-86.2551197
AL	01101001800	4555652	0	1.759	0.	32.3962127	-86.2661424
AL	01101001900	2360987	0	0.912	0.	32.3941269	-86.2513652
AL	01101002000	5844868	19635	2.257	0.008	32.3408795	-86.271527
AL	01101002100	3213696	0	1.241	0.	32.3356893	-86.290787
AL	01101002201	3121071	0	1.205	0.	32.3356125	-86.3078025
AL	01101002202	2891661	81899	1.116	0.032	32.3151157	-86.303098
AL	01101002300	3185680	100230	1.23	0.039	32.3340804	-86.321932
AL	01101002400	3709020	57096	1.432	0.022	32.341301	-86.3351156
AL	01101002500	4488073	37253	1.733	0.014	32.4177882	-86.2722538
AL	01101002600	4965228	0	1.917	0.	32.3891023	-86.2306238
AL	01101002700	7270672	8760	2.807	0.003	32.3747656	-86.2294064
AL	01101002800	3489421	1943	1.347	0.001	32.3347262	-86.2522211
AL	01101002901	1402875	0	0.542	0.	32.3187774	-86.2432295
AL	01101002902	3583817	11762	1.384	0.005	32.3148723	-86.2512832
AL	01101003000	10571247	10928	4.082	0.004	32.3515219	-86.360195
AL	01101003100	2749897	3215	1.062	0.001	32.318844	-86.2886318
AL	01101003200	9503090	78827	3.669	0.03	32.3061941	-86.2681672
AL	01101003301	3771841	0	1.456	0.	32.3551725	-86.2576169
AL	01101003303	3227632	0	1.246	0.	32.3401951	-86.2370779
AL	01101003304	3981348	1106	1.537	0.	32.3534437	-86.227647
AL	01101005101	72020835	5185351	27.807	2.002	32.4442229	-86.2498671
AL	01101005102	7191968	13255	2.777	0.005	32.4299115	-86.2808445
AL	01101005301	1534586	0	0.593	0.	32.4067542	-86.2466952
AL	01101005302	5672645	169270	2.19	0.065	32.4098492	-86.2260841
AL	01101005402	5387237	0	2.08	0.	32.3932883	-86.1996686
AL	01101005403	3690069	13893	1.425	0.005	32.3716245	-86.2001367
AL	01101005407	8833099	1256	3.41	0.	32.3721996	-86.1686218
AL	01101005409	2372259	55032	0.916	0.021	32.3578287	-86.2043556
AL	01101005410	3481205	16325	1.344	0.006	32.3466249	-86.2086223
AL	01101005411	4449501	88108	1.718	0.034	32.3506619	-86.1504655
AL	01101005412	10531904	113534	4.066	0.044	32.3526287	-86.1690471
AL	01101005413	13028795	183257	5.03	0.071	32.3946462	-86.1343514
AL	01101005414	23052530	1083984	8.901	0.419	32.4244072	-86.1583444
AL	01101005501	50754979	1624681	19.597	0.627	32.3942273	-86.0726688
AL	01101005502	16232846	325060	6.268	0.126	32.3359903	-86.0489059
AL	01101005503	18875448	87612	7.288	0.034	32.3507642	-86.0979528
AL	01101005504	32302854	458854	12.472	0.177	32.3418353	-86.0154438
AL	01101005604	389784225	3748405	150.497	1.447	32.2323597	-86.1000786
AL	01101005605	5450496	47509	2.104	0.018	32.3344745	-86.2081943
AL	01101005606	2538606	10270	0.98	0.004	32.3333975	-86.2237785
AL	01101005607	5860604	38479	2.263	0.015	32.3285717	-86.1403976
AL	01101005608	28935286	209102	11.172	0.081	32.2963697	-86.1355312
AL	01101005609	7746923	27136	2.991	0.01	32.3184612	-86.1987704
AL	01101005610	28689730	324351	11.077	0.125	32.2831695	-86.2293019
AL	01101005611	8438518	50415	3.258	0.019	32.3149101	-86.1816363
AL	01101005612	10036863	22425	3.875	0.009	32.3160856	-86.159636
AL	01101005613	8113279	31435	3.133	0.012	32.2978809	-86.2198445
AL	01101005614	1840357	5645	0.711	0.002	32.314879	-86.2350429
AL	01101005700	322817892	1399522	124.641	0.54	32.0637351	-86.0722109
AL	01101005800	264812646	2173566	102.245	0.839	32.0535013	-86.2470471
AL	01101005902	5208396	327092	2.011	0.126	32.3042745	-86.3437005
AL	01101005903	167584424	2831627	64.705	1.093	32.1313565	-86.3747793
AL	01101005904	217850816	3464268	84.113	1.338	32.2355519	-86.3185974
AL	01101006000	113426374	7990701	43.794	3.085	32.3600827	-86.425212
AL	01101006100	7293155	137020	2.816	0.053	32.3175484	-86.3823917
AL	01103000100	5107253	1201399	1.972	0.464	34.597554	-86.9613222
AL	01103000200	6694884	3174954	2.585	1.226	34.5780062	-86.9405608
AL	01103000300	5714767	73909	2.206	0.029	34.5712507	-86.9706149
AL	01103000400	4992386	1461367	1.928	0.564	34.6096225	-86.985681
AL	01103000600	5756580	107171	2.223	0.041	34.6093151	-87.0204703
AL	01103000700	6610454	5220	2.552	0.002	34.5982281	-87.0103875
AL	01103000800	2544430	0	0.982	0.	34.5819481	-86.994464
AL	01103000900	4371976	105981	1.688	0.041	34.5686315	-86.9965916
AL	01103001000	3049074	7049	1.177	0.003	34.585474	-87.0065651
AL	01103005101	66123077	10162409	25.53	3.924	34.6106657	-87.0639758
AL	01103005103	8039343	819207	3.104	0.316	34.516796	-86.9711064
AL	01103005105	17510844	231909	6.761	0.09	34.5304394	-87.0091223
AL	01103005106	9811034	107676	3.788	0.042	34.570978	-87.0402185
AL	01103005107	50188008	415264	19.378	0.16	34.5356227	-87.0594456
AL	01103005108	4147379	2397	1.601	0.001	34.5540881	-87.0101727
AL	01103005109	8186127	594966	3.161	0.23	34.5494071	-86.9778507
AL	01103005201	133030120	386680	51.363	0.149	34.3834282	-87.0642146
AL	01103005202	76216746	1134350	29.427	0.438	34.4687917	-87.0391013
AL	01103005302	22269196	450627	8.598	0.174	34.4527772	-86.9686742
AL	01103005303	4556139	470	1.759	0.	34.4407081	-86.9436825
AL	01103005304	39131875	311132	15.109	0.12	34.4218938	-86.9163658
AL	01103005305	40686654	182170	15.709	0.07	34.4825416	-86.8919956
AL	01103005306	39881685	3505316	15.398	1.353	34.5054776	-86.9367596
AL	01103005404	62312752	11572366	24.059	4.468	34.5340894	-86.8545654
AL	01103005405	168549377	3998321	65.077	1.544	34.4805794	-86.7691975
AL	01103005500	212457829	821908	82.03	0.317	34.3700815	-86.9035908
AL	01103005601	170307940	570933	65.756	0.22	34.361386	-86.6584352
AL	01103005602	77123343	352150	29.777	0.136	34.3323558	-86.7836287
AL	01103005701	85678408	395788	33.081	0.153	34.4431824	-86.6445588
AL	01103005703	53463557	2351642	20.642	0.908	34.5267005	-86.5695265
AL	01103005704	106822316	5691639	41.244	2.198	34.519387	-86.6707742
AL	01105686800	681774411	3596673	263.235	1.389	32.6849973	-87.1235867
AL	01105687001	387446396	2409067	149.594	0.93	32.7717137	-87.3482155
AL	01105687002	232689401	1457196	89.842	0.563	32.6423997	-87.3890082
AL	01105687100	562025993	3439271	216.999	1.328	32.4878146	-87.40567
AL	01107050000	286738754	289306	110.71	0.112	33.3973636	-87.8929221
AL	01107050100	318140358	475468	122.835	0.184	33.4216907	-88.0182061
AL	01107050200	350350818	1236871	135.271	0.478	33.4578515	-88.2087735
AL	01107050300	390948019	798185	150.946	0.308	33.2779316	-88.1679496
AL	01107050401	405373073	18069649	156.515	6.977	33.108311	-88.2284423
AL	01107050402	531284022	1751614	205.13	0.676	33.1606622	-88.0046808
AL	01109188600	352222458	234374	135.994	0.09	31.8457897	-85.7928705
AL	01109188700	265413971	220040	102.477	0.085	31.9587842	-85.9522044
AL	01109188800	342592992	519037	132.276	0.2	31.8646421	-86.103939
AL	01109188900	58113408	284675	22.438	0.11	31.8410746	-85.9337382
AL	01109189001	48802922	8482	18.843	0.003	31.8012657	-86.0168396
AL	01109189002	13843128	14983	5.345	0.006	31.7558333	-85.949223
AL	01109189003	25511193	180631	9.85	0.07	31.7647259	-85.9797495
AL	01109189101	3796812	0	1.466	0.	31.7970237	-85.9588968
AL	01109189102	61029615	83964	23.564	0.032	31.7469334	-85.9138351
AL	01109189200	296122325	628046	114.333	0.242	31.6892653	-86.0378422
AL	01109189300	273196545	164913	105.482	0.064	31.6883185	-85.8110577
AL	01111000100	356865462	2075549	137.787	0.801	33.4264515	-85.5226826
AL	01111000200	259443392	153250	100.172	0.059	33.3674567	-85.3379448
AL	01111000300	345083956	2579194	133.238	0.996	33.2799275	-85.508691
AL	01111000400	180027928	1431375	69.509	0.553	33.2143355	-85.3592685
AL	01111000500	124928972	499243	48.235	0.193	33.1428655	-85.3161594
AL	01111000600	237268644	2544402	91.61	0.982	33.1594675	-85.567723
AL	01113030200	1529043	2802	0.59	0.001	32.4742814	-85.0069988
AL	01113030300	2724315	0	1.052	0.	32.4828993	-85.0070871
AL	01113030402	6665967	0	2.574	0.	32.5005455	-85.0442078
AL	01113030403	2173792	0	0.839	0.	32.4949557	-85.0252503
AL	01113030404	4923557	54473	1.901	0.021	32.5014183	-85.0061613
AL	01113030500	6138465	19786	2.37	0.008	32.4815891	-85.0367586
AL	01113030601	12652535	103449	4.885	0.04	32.4233717	-85.020047
AL	01113030602	7712463	0	2.978	0.	32.4555351	-85.0340199
AL	01113030700	5301429	0	2.047	0.	32.4619801	-85.0137349
AL	01113030800	21374276	385338	8.253	0.149	32.4344857	-84.9805427
AL	01113030903	103877164	408126	40.107	0.158	32.3477612	-85.040047
AL	01113030904	32044490	13207	12.372	0.005	32.2766062	-85.0329521
AL	01113030905	56272483	5726304	21.727	2.211	32.2613317	-84.9518995
AL	01113030906	32566645	210749	12.574	0.081	32.4359619	-85.10479
AL	01113030907	30250495	170838	11.68	0.066	32.4423114	-85.0729098
AL	01113031000	218381437	516886	84.318	0.2	32.4340636	-85.2177528
AL	01113031100	446886471	1401991	172.544	0.541	32.2688008	-85.3491716
AL	01113031200	669177468	6550463	258.371	2.529	32.22919	-85.1493023
AL	01115040104	11537566	13401	4.455	0.005	33.5755117	-86.5226611
AL	01115040105	110366101	575836	42.613	0.222	33.5420124	-86.4130832
AL	01115040107	28316271	329047	10.933	0.127	33.624702	-86.4863825
AL	01115040108	41072775	681441	15.858	0.263	33.6355766	-86.5230882
AL	01115040109	51746491	164534	19.979	0.064	33.6117443	-86.3811617
AL	01115040110	32864430	170684	12.689	0.066	33.6179631	-86.4510567
AL	01115040206	48732169	3872631	18.816	1.495	33.6314113	-86.2111621
AL	01115040207	45489759	122301	17.564	0.047	33.6333835	-86.2886916
AL	01115040208	7950095	38427	3.07	0.015	33.5928367	-86.3029364
AL	01115040209	85829818	420986	33.139	0.163	33.5290799	-86.321196
AL	01115040210	32413257	5643391	12.515	2.179	33.5538844	-86.2280505
AL	01115040211	14962351	46747	5.777	0.018	33.5911907	-86.2556214
AL	01115040212	12350759	9871662	4.769	3.811	33.5260784	-86.2683468
AL	01115040213	44827250	12052079	17.308	4.653	33.4454445	-86.3443216
AL	01115040301	175974887	3764858	67.944	1.454	33.7122546	-86.266607
AL	01115040302	160858175	7900368	62.108	3.05	33.7732171	-86.1429583
AL	01115040401	206142023	6926906	79.592	2.674	33.8613957	-86.1939665
AL	01115040402	173857703	1666058	67.127	0.643	33.913109	-86.276265
AL	01115040503	125926544	726823	48.621	0.281	33.79507	-86.4532793
AL	01115040504	53074248	788449	20.492	0.304	33.7102288	-86.469539
AL	01115040505	25698834	126121	9.922	0.049	33.7453607	-86.5172323
AL	01115040506	45745342	148312	17.662	0.057	33.6826486	-86.4357715
AL	01115040507	47520682	264524	18.348	0.102	33.7420989	-86.3606469
AL	01115040508	52502138	116215	20.271	0.045	33.6616205	-86.3672337
AL	01117030102	150063405	4834957	57.94	1.867	33.3761817	-86.4351806
AL	01117030103	83008275	3682070	32.05	1.422	33.3103917	-86.4508784
AL	01117030211	42374934	1885282	16.361	0.728	33.4180108	-86.5969287
AL	01117030212	1801359	130654	0.696	0.05	33.4319868	-86.6939094
AL	01117030215	69674252	926085	26.901	0.358	33.3776471	-86.5820427
AL	01117030216	13235586	464092	5.11	0.179	33.4007262	-86.6503506
AL	01117030218	42316303	1217236	16.338	0.47	33.3128441	-86.6526391
AL	01117030219	41491039	914511	16.02	0.353	33.3228941	-86.5891615
AL	01117030220	22415249	386598	8.655	0.149	33.4377904	-86.6340926
AL	01117030221	8288167	64978	3.2	0.025	33.4335307	-86.680027
AL	01117030304	10917976	798999	4.215	0.308	33.3868168	-86.7579464
AL	01117030305	10353147	24990	3.997	0.01	33.350402	-86.7684865
AL	01117030306	8452814	82702	3.264	0.032	33.2318332	-86.8186878
AL	01117030314	5362338	128815	2.07	0.05	33.3574025	-86.7921138
AL	01117030315	13715389	27650	5.296	0.011	33.3206714	-86.7920551
AL	01117030316	9304692	277142	3.593	0.107	33.304642	-86.819586
AL	01117030317	3555092	30150	1.373	0.012	33.2788969	-86.8394989
AL	01117030319	5407027	59035	2.088	0.023	33.2535295	-86.8084054
AL	01117030320	5818221	38842	2.246	0.015	33.2598348	-86.8412887
AL	01117030330	7151917	58060	2.761	0.022	33.4007267	-86.6925733
AL	01117030331	8431023	62230	3.255	0.024	33.3800273	-86.7161945
AL	01117030336	18296700	188051	7.064	0.073	33.2791387	-86.8652635
AL	01117030337	34127634	286256	13.177	0.111	33.2309343	-86.9001761
AL	01117030340	4918877	837	1.899	0.	33.2687913	-86.8245368
AL	01117030341	3981676	121265	1.537	0.047	33.2728781	-86.8064283
AL	01117030345	17975884	290541	6.941	0.112	33.2917065	-86.768909
AL	01117030346	6136424	212402	2.369	0.082	33.4018054	-86.7314217
AL	01117030347	4364325	484343	1.685	0.187	33.4161838	-86.7062361
AL	01117030348	12912401	271675	4.986	0.105	33.4061993	-86.6792907
AL	01117030349	13709144	252457	5.293	0.097	33.356729	-86.6756453
AL	01117030350	64736092	2149092	24.995	0.83	33.2411108	-86.9688246
AL	01117030351	14406808	456271	5.562	0.176	33.316911	-86.8765224
AL	01117030352	16769299	323618	6.475	0.125	33.3284622	-86.8269134
AL	01117030405	11912672	8306	4.6	0.003	33.0791817	-86.8672448
AL	01117030406	27770031	230887	10.722	0.089	33.1051532	-86.8316133
AL	01117030407	11220308	340365	4.332	0.131	33.131697	-86.8475678
AL	01117030408	169329553	1284755	65.379	0.496	33.1338054	-86.937949
AL	01117030502	95244399	1358928	36.774	0.525	33.1109413	-86.6922636
AL	01117030503	27374437	338629	10.569	0.131	33.1222133	-86.7829617
AL	01117030504	28787617	338266	11.115	0.131	33.0910325	-86.7686988
AL	01117030607	8011778	34567	3.093	0.013	33.2299808	-86.8459032
AL	01117030610	8545846	6729	3.3	0.003	33.2059803	-86.8367765
AL	01117030611	16591843	357370	6.406	0.138	33.1658847	-86.8404085
AL	01117030612	11831955	250681	4.568	0.097	33.1895055	-86.796067
AL	01117030613	17261123	87172	6.665	0.034	33.1630036	-86.8048257
AL	01117030614	47734966	678978	18.431	0.262	33.1860251	-86.7376377
AL	01117030615	72410596	1872051	27.958	0.723	33.2552959	-86.740447
AL	01117030616	13845682	290652	5.346	0.112	33.2583202	-86.7744034
AL	01117030701	159065764	1563960	61.416	0.604	33.2265139	-86.6271105
AL	01117030703	64855307	541056	25.041	0.209	33.1621235	-86.5966993
AL	01117030704	141103528	16613453	54.48	6.414	33.1003397	-86.5428113
AL	01117030800	124694442	6745340	48.145	2.604	33.2787111	-86.5011001
AL	01117030900	158314772	4519418	61.126	1.745	33.4588883	-86.51782
AL	01117980000	35338592	793499	13.644	0.306	33.3218302	-86.7421974
AL	01117980100	7563016	2899267	2.92	1.119	33.4586639	-86.6488307
AL	01119011301	368723700	1019224	142.365	0.394	32.674136	-88.2444508
AL	01119011302	573615750	9567287	221.474	3.694	32.5617497	-88.0665576
AL	01119011400	535928893	10990231	206.923	4.243	32.8638806	-88.2623266
AL	01119011500	642309323	2872732	247.997	1.109	32.4322541	-88.1835908
AL	01119011600	220321249	185406	85.067	0.072	32.3800435	-88.3396696
AL	01121010101	81052425	379954	31.295	0.147	33.5360249	-85.8617585
AL	01121010102	133370224	2320054	51.495	0.896	33.5328146	-85.9598329
AL	01121010201	108862969	5677716	42.032	2.192	33.6421819	-86.1115877
AL	01121010202	91035971	8149567	35.149	3.147	33.5725379	-86.1136356
AL	01121010301	115300536	632994	44.518	0.244	33.4832398	-86.1175063
AL	01121010302	110181529	13835266	42.541	5.342	33.4863993	-86.2098235
AL	01121010400	244125244	3505020	94.257	1.353	33.3994155	-86.0096773
AL	01121010500	10168574	8419	3.926	0.003	33.4548956	-86.067709
AL	01121010600	5180069	41404	2.	0.016	33.4475439	-86.1148963
AL	01121010700	10059054	59181	3.884	0.023	33.4188822	-86.135524
AL	01121010900	6617350	903	2.555	0.	33.4317569	-86.0994543
AL	01121011000	27775615	273359	10.724	0.106	33.4003134	-86.0958449
AL	01121011100	300222626	3014179	115.917	1.164	33.3022008	-86.1801531
AL	01121011200	177035257	6792321	68.354	2.623	33.3805486	-86.2819616
AL	01121011301	19777545	510064	7.636	0.197	33.2793875	-86.3343417
AL	01121011302	41859684	3605592	16.162	1.392	33.2439751	-86.380759
AL	01121011400	54185233	653601	20.921	0.252	33.2552882	-86.2982154
AL	01121011501	122531723	9237615	47.31	3.567	33.1698085	-86.4277849
AL	01121011502	122691168	740954	47.371	0.286	33.1569859	-86.3283108
AL	01121011600	83506263	1250889	32.242	0.483	33.1485687	-86.2131766
AL	01121011700	20784211	158803	8.025	0.061	33.2019979	-86.2915709
AL	01121011800	3476006	0	1.342	0.	33.1723317	-86.2529583
AL	01121011900	10461594	17309	4.039	0.007	33.165243	-86.2791174
AL	01121012000	8086395	8552	3.122	0.003	33.145858	-86.250449
AL	01123961900	379531281	3886140	146.538	1.5	33.0266188	-85.731304
AL	01123962000	160837982	836439	62.1	0.323	33.0469464	-85.9450939
AL	01123962100	28832355	45489	11.132	0.018	32.9486635	-85.9841083
AL	01123962200	54084845	2833705	20.882	1.094	32.959922	-85.9009382
AL	01123962301	80761595	27196849	31.182	10.501	32.837203	-85.9375363
AL	01123962302	84880879	11818093	32.773	4.563	32.8277087	-85.9896874
AL	01123962400	310877863	1997551	120.031	0.771	32.8942835	-85.6975223
AL	01123962501	171476208	40796542	66.207	15.752	32.8728739	-85.8223734
AL	01123962502	148013413	32322148	57.148	12.48	32.7193296	-85.799826
AL	01123962600	148177515	430952	57.212	0.166	32.7738057	-85.6484179
AL	01123962701	206820297	5176486	79.854	1.999	32.6313645	-85.7878326
AL	01123962702	81503758	1450592	31.469	0.56	32.5441416	-85.8358099
AL	01125010101	27958534	3111918	10.795	1.202	33.2801821	-87.486158
AL	01125010102	662606762	23202506	255.834	8.959	33.4546345	-87.4712465
AL	01125010104	187321805	3791750	72.325	1.464	33.4984524	-87.6241479
AL	01125010105	430239951	3605531	166.117	1.392	33.3813536	-87.7638854
AL	01125010201	46505461	188575	17.956	0.073	33.3294318	-87.6397443
AL	01125010203	32608676	5505987	12.59	2.126	33.3232217	-87.565961
AL	01125010204	12188517	99821	4.706	0.039	33.2595766	-87.5600868
AL	01125010205	16714368	214827	6.453	0.083	33.3088258	-87.5867084
AL	01125010206	11525087	345406	4.45	0.133	33.2610949	-87.5873104
AL	01125010302	169284999	1726700	65.361	0.667	33.2065484	-87.7319517
AL	01125010303	270481667	6464836	104.434	2.496	33.0766046	-87.7330042
AL	01125010304	11104992	8664	4.288	0.003	33.250428	-87.6210557
AL	01125010305	103536194	1911068	39.976	0.738	33.2942284	-87.6875513
AL	01125010403	4356918	82440	1.682	0.032	33.2346335	-87.5847733
AL	01125010404	5085586	527417	1.964	0.204	33.2199403	-87.5824598
AL	01125010405	11069905	1972461	4.274	0.762	33.2690466	-87.5203662
AL	01125010406	10461478	173546	4.039	0.067	33.2440377	-87.5324292
AL	01125010407	3889087	322219	1.502	0.124	33.2276765	-87.5521429
AL	01125010500	9071935	478445	3.503	0.185	33.2435354	-87.4825444
AL	01125010601	410575867	10324370	158.524	3.986	33.3241575	-87.3313594
AL	01125010603	42714674	628079	16.492	0.243	33.25485	-87.1123475
AL	01125010604	89705941	1400719	34.636	0.541	33.2752676	-87.1920503
AL	01125010703	115022978	462105	44.411	0.178	33.1845177	-87.2514428
AL	01125010704	193970429	977789	74.892	0.378	33.0566238	-87.477616
AL	01125010705	41990784	2708593	16.213	1.046	33.0483114	-87.6133839
AL	01125010706	80043033	1031588	30.905	0.398	33.1868781	-87.3623657
AL	01125010707	175786256	470563	67.871	0.182	33.1089565	-87.3778559
AL	01125010802	19831440	123676	7.657	0.048	33.1609035	-87.4535002
AL	01125010803	6023009	66224	2.325	0.026	33.2128632	-87.468773
AL	01125010804	5992843	16713	2.314	0.006	33.1930468	-87.4548608
AL	01125011200	4848124	214406	1.872	0.083	33.2114539	-87.5385117
AL	01125011401	1160011	0	0.448	0.	33.2031146	-87.5527641
AL	01125011402	1196651	125489	0.462	0.048	33.2156417	-87.5555274
AL	01125011600	4859848	333933	1.876	0.129	33.2062919	-87.5791679
AL	01125011701	1704452	0	0.658	0.	33.1932756	-87.5832845
AL	01125011703	9401575	90744	3.63	0.035	33.1729965	-87.5920135
AL	01125011800	3824410	16192	1.477	0.006	33.188772	-87.568689
AL	01125011901	1860694	0	0.718	0.	33.1887842	-87.5424378
AL	01125011902	1613302	0	0.623	0.	33.1926705	-87.5565278
AL	01125012001	1169326	41715	0.451	0.016	33.1941019	-87.5308126
AL	01125012002	1411887	0	0.545	0.	33.1976348	-87.5396839
AL	01125012101	3608749	8672	1.393	0.003	33.1932706	-87.5098059
AL	01125012102	1676033	0	0.647	0.	33.1999545	-87.5092594
AL	01125012304	4662958	13465	1.8	0.005	33.1601851	-87.5132906
AL	01125012305	11894587	129695	4.593	0.05	33.1507274	-87.4956832
AL	01125012306	9866291	99803	3.809	0.039	33.1829754	-87.4917184
AL	01125012307	2460565	8916	0.95	0.003	33.1724661	-87.5005505
AL	01125012403	9645185	751693	3.724	0.29	33.1568175	-87.5643405
AL	01125012404	5165070	0	1.994	0.	33.157582	-87.5371893
AL	01125012406	1735115	0	0.67	0.	33.1799433	-87.534667
AL	01125012407	1408774	0	0.544	0.	33.1786748	-87.5508272
AL	01125012408	2006945	0	0.775	0.	33.1715136	-87.5364363
AL	01125012501	54288942	2249229	20.961	0.868	33.1696468	-87.6471747
AL	01125012503	15856647	50200	6.122	0.019	33.1269031	-87.5219605
AL	01125012504	36312155	2087094	14.02	0.806	33.1204035	-87.5913757
AL	01125012505	6228259	15330	2.405	0.006	33.1308682	-87.5619302
AL	01125012600	4441268	331842	1.715	0.128	33.2186194	-87.5176867
AL	01125012700	6641779	189874	2.564	0.073	33.2184585	-87.495102
AL	01125012800	2361260	621	0.912	0.	33.2130024	-87.5076573
AL	01127020100	69928912	345091	27.	0.133	33.8114066	-87.3188042
AL	01127020200	29894167	256426	11.542	0.099	33.8786755	-87.3033145
AL	01127020301	15147212	20654	5.848	0.008	33.8538685	-87.24233
AL	01127020302	21893471	251912	8.453	0.097	33.886002	-87.2666219
AL	01127020400	24843538	631877	9.592	0.244	33.8139228	-87.2432068
AL	01127020600	34322551	257457	13.252	0.099	33.7985962	-87.1878122
AL	01127020700	39363837	465435	15.198	0.18	33.8698205	-87.18691
AL	01127020801	74871897	1124366	28.908	0.434	33.8597746	-87.1108898
AL	01127020802	109463797	6536465	42.264	2.524	33.9444843	-87.1767308
AL	01127020900	141547702	1581915	54.652	0.611	33.9366877	-87.3053012
AL	01127021000	153459776	761236	59.251	0.294	33.9445989	-87.4646876
AL	01127021100	139438308	694425	53.837	0.268	33.9292009	-87.5741534
AL	01127021200	192624595	1055553	74.373	0.408	33.8421074	-87.4326882
AL	01127021300	447869062	9583078	172.923	3.7	33.666598	-87.3615093
AL	01127021400	122627989	2612900	47.347	1.009	33.7107342	-87.2677453
AL	01127021500	114337438	2985735	44.146	1.153	33.7347369	-87.1857112
AL	01127021600	80651370	4378794	31.14	1.691	33.6455955	-87.1392961
AL	01127021700	97824662	1537233	37.77	0.594	33.7657597	-87.1021229
AL	01127021800	43802730	592911	16.912	0.229	33.7830673	-87.0565149
AL	01127021900	94844768	1009540	36.62	0.39	33.8481723	-87.036585
AL	01129043900	398479424	659562	153.854	0.255	31.6256633	-88.3415656
AL	01129044000	647676650	2397165	250.069	0.926	31.5344839	-88.2193508
AL	01129044100	605572741	11598053	233.813	4.478	31.4174426	-88.0504262
AL	01129044200	400214865	4732855	154.524	1.827	31.2291633	-88.0724342
AL	01129044300	745904906	2136758	287.996	0.825	31.2709281	-88.3073653
AL	01131034700	401283684	21100944	154.937	8.147	32.1518072	-87.4046392
AL	01131034801	160273151	15231326	61.882	5.881	32.0475351	-87.3749074
AL	01131034802	285476995	6303723	110.223	2.434	32.0046619	-87.2247829
AL	01131035100	479256096	4836905	185.042	1.868	31.9749634	-87.5597949
AL	01131035200	973250632	3119293	375.774	1.204	31.8936403	-87.1386593
AL	01133965501	318813418	2171566	123.095	0.838	34.2189581	-87.2583014
AL	01133965502	145685161	16640861	56.249	6.425	34.0964418	-87.2271905
AL	01133965503	132818110	14363839	51.281	5.546	34.0961246	-87.153277
AL	01133965601	247257830	12775875	95.467	4.933	34.0689955	-87.3602591
AL	01133965602	224082537	1479126	86.519	0.571	34.2151411	-87.4262277
AL	01133965700	73807704	301632	28.497	0.116	34.274337	-87.5723
AL	01133965800	184501316	756234	71.236	0.292	34.1970528	-87.5571374
AL	01133965900	260691391	384734	100.654	0.149	34.062949	-87.5441215
