USPS	GEOID	ALAND	AWATER	ALAND_SQMI	AWATER_SQMI	INTPTLAT	INTPTLONG
AR	05001480100	688205951	19346373	265.718	7.47	34.3424381	-91.2160207
AR	05001480200	717619996	33286678	277.075	12.852	34.3790548	-91.555195
AR	05001480300	41069396	4387333	15.857	1.694	34.5113876	-91.4992086
AR	05001480400	60779353	1135095	23.467	0.438	34.5308197	-91.5548599
AR	05001480500	13960566	55955	5.39	0.022	34.4777411	-91.5623826
AR	05001480600	133400347	1701960	51.506	0.657	34.3069023	-91.3895216
AR	05001480700	154690647	2273640	59.726	0.878	34.2888783	-91.2884998
AR	05001480800	759905169	58511152	293.401	22.591	34.1138869	-91.3344995
AR	05003960100	782142365	8316947	301.987	3.211	33.2657179	-91.6105922
AR	05003960200	416226450	8309946	160.706	3.208	33.3023388	-91.9136334
AR	05003960300	212745214	564573	82.141	0.218	33.2041909	-91.8292892
AR	05003960400	747517032	5766228	288.618	2.226	33.0776691	-91.7455221
AR	05003960500	26538793	47186	10.247	0.018	33.1590496	-91.9375501
AR	05003960600	58952665	445455	22.762	0.172	33.1138762	-91.964771
AR	05003960700	152889825	15205669	59.031	5.871	33.1404174	-92.0617259
AR	05005950100	27188915	0	10.498	0.	36.3083026	-92.3815903
AR	05005950200	19964620	0	7.708	0.	36.3387655	-92.3416706
AR	05005950300	21090527	63090	8.143	0.024	36.3680378	-92.3968766
AR	05005950400	26022055	0	10.047	0.	36.3324575	-92.4242953
AR	05005950500	621272650	18171532	239.875	7.016	36.1504202	-92.3214863
AR	05005950600	165324479	28822876	63.832	11.129	36.3243194	-92.2308491
AR	05005950700	156526514	22744741	60.435	8.782	36.4212464	-92.2430726
AR	05005950801	162839729	5645866	62.873	2.18	36.4282289	-92.48517
AR	05005950802	122663051	7620328	47.36	2.942	36.4523841	-92.343262
AR	05005950900	111782493	1847813	43.159	0.713	36.318364	-92.5138407
AR	05007020102	60174644	9306	23.234	0.004	36.4083637	-94.1178523
AR	05007020103	43301355	10702	16.719	0.004	36.4685562	-94.1088498
AR	05007020104	74868303	4075	28.907	0.002	36.4779482	-94.0022758
AR	05007020201	14700134	5025	5.676	0.002	36.3525266	-94.1076928
AR	05007020203	13788820	126388	5.324	0.049	36.3221093	-94.0826549
AR	05007020205	14341881	13561	5.537	0.005	36.2935951	-94.0906228
AR	05007020206	7988667	15582	3.084	0.006	36.3004942	-94.1212477
AR	05007020301	4383648	20702	1.693	0.008	36.3455815	-94.1363429
AR	05007020302	2941434	23692	1.136	0.009	36.3406637	-94.1544004
AR	05007020304	5942923	5185	2.295	0.002	36.3643455	-94.1478092
AR	05007020305	4506132	18732	1.74	0.007	36.3462019	-94.1683152
AR	05007020401	9377087	10570	3.621	0.004	36.3210842	-94.1714923
AR	05007020402	3902422	1203	1.507	0.	36.3225266	-94.1371533
AR	05007020404	4726303	17916	1.825	0.007	36.2985837	-94.1308125
AR	05007020405	12697151	66188	4.902	0.026	36.2993516	-94.1659306
AR	05007020501	14951222	14057	5.773	0.005	36.3844137	-94.1855884
AR	05007020503	6311086	71714	2.437	0.028	36.3457131	-94.1928451
AR	05007020504	4287739	1033	1.656	0.	36.3608133	-94.1911898
AR	05007020604	7947896	63487	3.069	0.025	36.3598718	-94.2274971
AR	05007020605	8002372	3814	3.09	0.001	36.3956774	-94.2134327
AR	05007020606	9405450	3678	3.631	0.001	36.393386	-94.228004
AR	05007020607	11997652	71741	4.632	0.028	36.3344695	-94.218848
AR	05007020608	2234121	18966	0.863	0.007	36.3488064	-94.2491317
AR	05007020701	31447578	548313	12.142	0.212	36.4847655	-94.2003287
AR	05007020703	15108165	264566	5.833	0.102	36.4548286	-94.2083952
AR	05007020704	32405298	113189	12.512	0.044	36.4387891	-94.1849494
AR	05007020801	28587234	2030858	11.038	0.784	36.4748124	-94.3388491
AR	05007020803	13971358	295088	5.394	0.114	36.4862177	-94.2833066
AR	05007020805	17364006	924298	6.704	0.357	36.4440402	-94.2538672
AR	05007020806	50253784	29325	19.403	0.011	36.4234923	-94.2843216
AR	05007020903	2641381	3639	1.02	0.001	36.3627368	-94.2606075
AR	05007020904	7195888	34296	2.778	0.013	36.374362	-94.281769
AR	05007020905	117999375	16889	45.56	0.007	36.4313228	-94.4069894
AR	05007020906	72501825	147391	27.993	0.057	36.3722087	-94.3686444
AR	05007021001	264493011	33726	102.121	0.013	36.4140841	-94.5288329
AR	05007021003	67957066	274298	26.238	0.106	36.321344	-94.4967523
AR	05007021004	50616340	2417538	19.543	0.933	36.2403434	-94.5367664
AR	05007021101	15426575	136472	5.956	0.053	36.2084623	-94.512156
AR	05007021102	14955420	69115	5.774	0.027	36.1555252	-94.5367375
AR	05007021201	7508938	79522	2.899	0.031	36.197784	-94.5569668
AR	05007021202	6666723	9833	2.574	0.004	36.1670317	-94.554642
AR	05007021304	27435074	385679	10.593	0.149	36.3318155	-94.2697522
AR	05007021305	160585983	988969	62.003	0.382	36.2925108	-94.3318411
AR	05007021306	12875866	38782	4.971	0.015	36.3030889	-94.20983
AR	05007021308	8887049	32420	3.431	0.013	36.2792853	-94.1961389
AR	05007021312	151609334	883416	58.537	0.341	36.2219449	-94.4171468
AR	05007021313	138381614	1399624	53.429	0.54	36.1454492	-94.455031
AR	05007021314	4963409	99019	1.916	0.038	36.2203808	-94.1551744
AR	05007021315	21424481	186754	8.272	0.072	36.2558548	-94.1533564
AR	05007021316	22578785	168277	8.718	0.065	36.2587048	-94.2172274
AR	05007021317	32309934	220104	12.475	0.085	36.2269483	-94.2225998
AR	05007021404	75955099	1874387	29.326	0.724	36.4018355	-94.0118146
AR	05007021405	117395317	35524315	45.327	13.716	36.3908829	-93.9338211
AR	05007021406	17925371	97231	6.921	0.038	36.2529082	-94.1232915
AR	05007021407	40629142	10674195	15.687	4.121	36.3128625	-94.0581287
AR	05007021408	42185268	3903783	16.288	1.507	36.2332763	-94.0612492
AR	05007021409	160597470	30369729	62.007	11.726	36.2964204	-93.9358877
AR	05009790100	481100044	3534576	185.754	1.365	36.3908571	-93.1787094
AR	05009790200	435788503	27003050	168.259	10.426	36.3642777	-92.9762005
AR	05009790300	260606652	388728	100.621	0.15	36.1767389	-92.9906869
AR	05009790400	298678431	648591	115.32	0.25	36.2058353	-93.2046421
AR	05009790501	11867703	2397	4.582	0.001	36.2516114	-93.134656
AR	05009790502	22708690	109770	8.768	0.042	36.2535972	-93.0889095
AR	05009790600	16625293	110873	6.419	0.043	36.2233149	-93.101333
AR	05011950100	113510052	1112752	43.826	0.43	33.6560839	-92.0320067
AR	05011950200	102406087	84811	39.539	0.033	33.644402	-92.1223026
AR	05011950300	184722608	57086	71.322	0.022	33.5403608	-92.1410173
AR	05011950400	83392665	1034349	32.198	0.399	33.5657	-92.0195127
AR	05011950500	1197303604	7216608	462.282	2.786	33.4161889	-92.1907644
AR	05013480100	744959352	3965005	287.63	1.531	33.5406233	-92.4056869
AR	05013480200	883108491	5922797	340.97	2.287	33.5929869	-92.5655584
AR	05015950100	52263251	178433	20.179	0.069	36.390939	-93.736313
AR	05015950201	274417523	19333950	105.953	7.465	36.3859358	-93.7574828
AR	05015950202	104340350	197755	40.286	0.076	36.4649534	-93.6718624
AR	05015950301	46342110	79612	17.893	0.031	36.3854599	-93.5944893
AR	05015950302	54131723	0	20.9	0.	36.3685139	-93.5277289
AR	05015950400	430232987	2499136	166.114	0.965	36.4251325	-93.429949
AR	05015950501	427994911	384293	165.25	0.148	36.2273933	-93.5214322
AR	05015950502	241782016	42578	93.353	0.016	36.2527257	-93.3907446
AR	05017080100	1354078563	111238017	522.813	42.949	33.14334	-91.3577924
AR	05017080200	37134739	750337	14.338	0.29	33.5262794	-91.430922
AR	05017080300	66121604	6348753	25.53	2.451	33.3266511	-91.290489
AR	05017080400	192429495	22076068	74.297	8.524	33.0668068	-91.2260768
AR	05019953601	6067857	0	2.343	0.	34.1302792	-93.0726981
AR	05019953602	120094341	16940808	46.369	6.541	34.1993325	-93.0959125
AR	05019953700	1037993409	21491880	400.772	8.298	34.1303779	-93.3066417
AR	05019953800	39160506	247494	15.12	0.096	34.0967794	-93.0818072
AR	05019953901	693864638	4745870	267.903	1.832	33.9709622	-93.0032713
AR	05019953902	345674420	539528	133.466	0.208	33.8684061	-93.1589544
AR	05021950100	437607728	1317802	168.961	0.509	36.3346921	-90.1887574
AR	05021950200	559276782	946726	215.938	0.366	36.3683746	-90.3846352
AR	05021950300	558390423	2142421	215.596	0.827	36.3883805	-90.629973
AR	05021950400	38729261	869494	14.953	0.336	36.4011524	-90.5847459
AR	05021950500	23784005	53580	9.183	0.021	36.2680469	-90.2939234
AR	05021950600	37793742	167674	14.592	0.065	36.3874409	-90.1936501
AR	05023480100	397764313	819564	153.578	0.316	35.5815703	-91.8684332
AR	05023480201	165379396	15249389	63.853	5.888	35.6478822	-92.1738361
AR	05023480203	163438430	30079353	63.104	11.614	35.5244118	-92.0506768
AR	05023480204	145670376	2289706	56.244	0.884	35.6623694	-92.0273644
AR	05023480301	19323016	641128	7.461	0.248	35.5068203	-91.9713682
AR	05023480302	8794571	3751315	3.396	1.448	35.5150625	-92.0312876
AR	05023480400	73635945	14967389	28.431	5.779	35.480676	-92.0136795
AR	05023480501	229163507	58135	88.481	0.022	35.4023387	-91.9675154
AR	05023480502	231578114	31029417	89.413	11.981	35.4563187	-92.1813642
AR	05025970100	735555841	779154	284.	0.301	33.9882962	-92.2339274
AR	05025970200	813025121	1782547	313.911	0.688	33.814492	-92.1476206
AR	05027950100	771243834	543695	297.779	0.21	33.1763352	-93.0937911
AR	05027950200	404846551	738400	156.312	0.285	33.370181	-93.2263813
AR	05027950301	368290347	201847	142.198	0.078	33.0867811	-93.3399271
AR	05027950302	407138144	365647	157.197	0.141	33.2218884	-93.3761084
AR	05027950401	5590670	39355	2.159	0.015	33.2872014	-93.2304966
AR	05027950402	10275244	0	3.967	0.	33.2808858	-93.2536808
AR	05027950500	16714088	96886	6.453	0.037	33.2564268	-93.2501396
AR	05029950100	537678155	2664265	207.599	1.029	35.3283458	-92.5942172
AR	05029950200	379431447	8614363	146.499	3.326	35.3375101	-92.7581482
AR	05029950300	79558637	3942517	30.718	1.522	35.199276	-92.7772034
AR	05029950400	46030378	4121440	17.772	1.591	35.1579122	-92.8094751
AR	05029950500	186614007	7724805	72.052	2.983	35.1244977	-92.6204629
AR	05029950600	200146006	10690067	77.277	4.127	35.1132082	-92.8751419
AR	05031000101	2991687	0	1.155	0.	35.8359021	-90.7057313
AR	05031000102	5025370	9292	1.94	0.004	35.8288982	-90.6846195
AR	05031000200	4516933	0	1.744	0.	35.8352972	-90.7324471
AR	05031000300	6440254	18201	2.487	0.007	35.8187165	-90.7160504
AR	05031000401	58365955	355849	22.535	0.137	35.760098	-90.6467311
AR	05031000403	6972960	15905	2.692	0.006	35.8097886	-90.6826175
AR	05031000404	4792181	3372	1.85	0.001	35.7941962	-90.6825793
AR	05031000501	40619253	163607	15.683	0.063	35.8749267	-90.6177919
AR	05031000502	67472713	89637	26.051	0.035	35.8158824	-90.5974984
AR	05031000601	32248687	233618	12.451	0.09	35.8956176	-90.6782459
AR	05031000602	4320872	12594	1.668	0.005	35.8434752	-90.6825944
AR	05031000701	46802561	454724	18.071	0.176	35.8847716	-90.7497592
AR	05031000702	37063707	175496	14.31	0.068	35.849215	-90.7803961
AR	05031000803	18041532	97444	6.966	0.038	35.7954068	-90.7569208
AR	05031000804	16287744	266684	6.289	0.103	35.8135817	-90.760856
AR	05031000805	3610216	19670	1.394	0.008	35.7995814	-90.7022302
AR	05031000806	62394622	439103	24.091	0.17	35.7540517	-90.728233
AR	05031000900	222155521	3081253	85.775	1.19	35.7608962	-90.5135722
AR	05031001000	392014007	5203971	151.357	2.009	35.8457438	-90.3479866
AR	05031001101	89565414	1078960	34.581	0.417	35.9369751	-90.6610847
AR	05031001102	190660877	697274	73.615	0.269	35.903579	-90.5067475
AR	05031001200	519178631	1903394	200.456	0.735	35.8154243	-90.8969649
AR	05033020101	374993018	3027469	144.786	1.169	35.6859936	-94.1236234
AR	05033020102	105310927	283352	40.661	0.109	35.5863	-94.1264449
AR	05033020204	67312348	75500	25.989	0.029	35.4983864	-94.3118624
AR	05033020205	384005570	122553	148.265	0.047	35.6694918	-94.3895614
AR	05033020206	116294059	0	44.901	0.	35.5910916	-94.3022286
AR	05033020207	60236684	669126	23.258	0.258	35.502225	-94.4300716
AR	05033020208	4700594	37265	1.815	0.014	35.4716263	-94.3704184
AR	05033020301	5039911	39333	1.946	0.015	35.4536004	-94.3409552
AR	05033020302	17451567	3144255	6.738	1.214	35.4441057	-94.3682606
AR	05033020401	134666793	6278500	51.995	2.424	35.4122322	-94.2177148
AR	05033020402	140390924	7302512	54.205	2.82	35.5009099	-94.1021583
AR	05033020501	32376277	4937189	12.501	1.906	35.3921209	-94.311088
AR	05033020502	8727320	336922	3.37	0.13	35.4412627	-94.3239608
AR	05033020601	39883485	73673	15.399	0.028	35.5331171	-94.225835
AR	05033020602	50349185	590197	19.44	0.228	35.4843333	-94.2101379
AR	05035030101	1560245	613	0.602	0.	35.152528	-90.1506261
AR	05035030102	2718982	0	1.05	0.	35.1542649	-90.1676997
AR	05035030201	5941973	18666	2.294	0.007	35.1573852	-90.1891826
AR	05035030202	5601366	0	2.163	0.	35.1546385	-90.2177535
AR	05035030301	7264262	0	2.805	0.	35.1361118	-90.212423
AR	05035030302	3212884	39433	1.241	0.015	35.1358002	-90.1877903
AR	05035030503	1440426	0	0.556	0.	35.1414504	-90.1571962
AR	05035030601	207757971	117294	80.216	0.045	35.0294825	-90.3619023
AR	05035030602	245765556	61342401	94.891	23.684	34.9033314	-90.3352527
AR	05035030701	389821970	3415967	150.511	1.319	35.3525223	-90.3702057
AR	05035030702	51988019	43720	20.073	0.017	35.233045	-90.2465052
AR	05035030703	44018567	50308	16.996	0.019	35.1726035	-90.249782
AR	05035030803	17839729	16365	6.888	0.006	35.1715003	-90.1607527
AR	05035030804	4673350	0	1.804	0.	35.1923015	-90.2026602
AR	05035030805	4356431	0	1.682	0.	35.2089559	-90.2064897
AR	05035030806	73662615	4955010	28.441	1.913	35.213727	-90.135024
AR	05035030807	222570335	11177446	85.935	4.316	35.3483781	-90.1857971
AR	05035031000	202919834	419218	78.348	0.162	35.1949639	-90.4040901
AR	05035031100	92753656	92685	35.812	0.036	35.2926634	-90.4503769
AR	05035031200	1444461	0	0.558	0.	35.1403545	-90.1700818
AR	05037950100	462113782	9385580	178.423	3.624	35.2863059	-90.5847536
AR	05037950200	395122722	1930042	152.558	0.745	35.3423868	-90.7589128
AR	05037950300	510640800	1158296	197.16	0.447	35.3101033	-90.9526593
AR	05037950400	187021812	2449278	72.21	0.946	35.1709599	-90.7032785
AR	05037950500	16893048	0	6.522	0.	35.2278074	-90.8042715
AR	05037950600	24463023	466175	9.445	0.18	35.2289323	-90.7641907
AR	05039970100	942649674	113993	363.959	0.044	34.038903	-92.6142216
AR	05039970200	723053553	1568249	279.173	0.606	33.9001423	-92.7312422
AR	05039970300	62655075	49136	24.191	0.019	33.8229791	-92.4002304
AR	05041950100	1166847294	165061359	450.522	63.731	33.8960728	-91.1661154
AR	05041950200	345207697	15008547	133.285	5.795	33.8762654	-91.4241176
AR	05041950300	106089544	1541848	40.961	0.595	33.8466119	-91.5299883
AR	05041950400	187499115	1833403	72.394	0.708	33.5935497	-91.3544212
AR	05041950500	114124774	1735752	44.064	0.67	33.6969994	-91.415729
AR	05043490100	1066183964	16764400	411.656	6.473	33.5972395	-91.5872068
AR	05043490200	101497602	602230	39.188	0.233	33.6695215	-91.6974823
AR	05043490300	61987706	454792	23.934	0.176	33.6054188	-91.8211792
AR	05043490400	117549396	37423	45.386	0.014	33.5791047	-91.7378672
AR	05043490500	799018910	930903	308.503	0.359	33.5831142	-91.879726
AR	05045030101	144593496	41742	55.828	0.016	35.3196578	-92.3981529
AR	05045030102	77180125	55430	29.799	0.021	35.1954905	-92.3577718
AR	05045030103	59001494	84056	22.781	0.032	35.1915166	-92.4445823
AR	05045030104	96238600	0	37.158	0.	35.2445849	-92.4534357
AR	05045030201	243167608	227749	93.888	0.088	35.2516373	-92.2682938
AR	05045030202	270485862	388656	104.435	0.15	35.2338855	-92.175085
AR	05045030301	63196436	44149	24.4	0.017	35.0765329	-92.3138012
AR	05045030302	79009097	85251	30.506	0.033	35.0872441	-92.1822924
AR	05045030303	201850030	1701174	77.935	0.657	34.9988478	-92.2720573
AR	05045030401	42540256	3058163	16.425	1.181	35.1390679	-92.4553418
AR	05045030402	53566034	11844	20.682	0.005	35.1241888	-92.3596149
AR	05045030403	16475945	10502	6.361	0.004	35.0991687	-92.3781738
AR	05045030404	12246969	528954	4.729	0.204	35.0708364	-92.3995879
AR	05045030502	4408033	0	1.702	0.	35.1090858	-92.4492954
AR	05045030503	9456098	0	3.651	0.	35.113571	-92.491899
AR	05045030504	16134747	999208	6.23	0.386	35.1030513	-92.5252264
AR	05045030600	4675691	0	1.805	0.	35.0978349	-92.473006
AR	05045030701	2508049	0	0.968	0.	35.0963449	-92.4411258
AR	05045030702	3215505	0	1.242	0.	35.0869499	-92.4379632
AR	05045030800	5535251	15334	2.137	0.006	35.0825284	-92.469026
AR	05045030900	6064554	0	2.342	0.	35.075386	-92.4328626
AR	05045031001	7354982	20398	2.84	0.008	35.0771163	-92.4967345
AR	05045031003	17418773	0	6.725	0.	35.0567697	-92.5057475
AR	05045031006	15967354	392661	6.165	0.152	35.0450345	-92.4285391
AR	05045031007	2074339	0	0.801	0.	35.061998	-92.4623927
AR	05045031008	26153422	52615	10.098	0.02	35.0303828	-92.4681505
AR	05045031101	51653832	23781009	19.944	9.182	34.9985671	-92.3770297
AR	05045031102	144179336	12118860	55.668	4.679	34.9739276	-92.5257866
AR	05047950100	823193963	12482127	317.837	4.819	35.6244633	-93.8744907
AR	05047950201	184628108	5780849	71.285	2.232	35.4752429	-93.7522025
AR	05047950202	23514236	1256731	9.079	0.485	35.4968396	-93.8531805
AR	05047950301	451750358	8456302	174.422	3.265	35.3773124	-93.9386373
AR	05047950302	94131445	877840	36.344	0.339	35.2538886	-94.0541969
AR	05049550101	496955914	979348	191.876	0.378	36.3730234	-91.6718767
AR	05049550102	191766453	1287110	74.041	0.497	36.4178701	-91.5075184
AR	05049550201	315983633	225186	122.002	0.087	36.3236221	-91.8760148
AR	05049550202	595891359	3866217	230.075	1.493	36.4147816	-91.9941227
AR	05051010301	57311907	5693502	22.128	2.198	34.5793558	-93.1667472
AR	05051010302	135647579	35272709	52.374	13.619	34.558438	-93.3139502
AR	05051010401	59880572	1902517	23.12	0.735	34.6201403	-92.9684491
AR	05051010402	133135780	886609	51.404	0.342	34.5765084	-93.0807904
AR	05051010501	98925855	2107620	38.195	0.814	34.5157859	-92.8553368
AR	05051010502	118417627	37142	45.721	0.014	34.5577506	-92.9160552
AR	05051010601	20316854	12920	7.844	0.005	34.5380598	-93.0036498
AR	05051010602	3476654	0	1.342	0.	34.508459	-93.0354659
AR	05051010700	9919354	0	3.83	0.	34.5348867	-93.043293
AR	05051010800	12613303	22594	4.87	0.009	34.521081	-93.0804793
AR	05051010900	13713392	781674	5.295	0.302	34.4961719	-93.103676
AR	05051011001	11657129	1717894	4.501	0.663	34.4946256	-93.1549076
AR	05051011002	6585438	35506	2.543	0.014	34.5138544	-93.1294022
AR	05051011101	157407721	139733	60.775	0.054	34.4205028	-93.2776045
AR	05051011102	136839457	2117588	52.834	0.818	34.4790714	-93.3069803
AR	05051011201	15238277	2244450	5.884	0.867	34.4444633	-93.1481358
AR	05051011202	12059054	1426408	4.656	0.551	34.4608175	-93.1678555
AR	05051011300	10050065	419729	3.88	0.162	34.477869	-93.0960468
AR	05051011400	2474506	0	0.955	0.	34.4951027	-93.0695425
AR	05051011500	3258431	0	1.258	0.	34.500874	-93.0425256
AR	05051011601	20993291	0	8.106	0.	34.4879601	-93.0084717
AR	05051011602	21651029	2123220	8.36	0.82	34.4545971	-93.0121267
AR	05051011701	6213567	1989722	2.399	0.768	34.4531683	-93.0638094
AR	05051011702	2099833	0	0.811	0.	34.4840305	-93.0528004
AR	05051011801	5377313	0	2.076	0.	34.4623404	-93.0768504
AR	05051011802	4664184	2054545	1.801	0.793	34.4534133	-93.0989699
AR	05051011901	17522939	6426242	6.766	2.481	34.42564	-93.1163705
AR	05051011902	56870492	6740684	21.958	2.603	34.4126069	-93.0245902
AR	05051012001	569208473	73096128	219.773	28.223	34.6949333	-93.2044292
AR	05051012002	31483559	203041	12.156	0.078	34.6544705	-93.0193095
AR	05053470100	646522557	451533	249.624	0.174	34.2850845	-92.2922462
AR	05053470200	332969085	456370	128.56	0.176	34.4022591	-92.3868219
AR	05053470300	610473809	1824878	235.705	0.705	34.297751	-92.5730924
AR	05053470401	40895653	164120	15.79	0.063	34.3282429	-92.4279302
AR	05053470402	5720594	0	2.209	0.	34.302473	-92.4163782
AR	05055480100	345103834	1175440	133.245	0.454	36.1596054	-90.3659341
AR	05055480200	150229423	340242	58.004	0.131	36.1787425	-90.4924465
AR	05055480300	501444194	398745	193.609	0.154	36.172428	-90.6704721
AR	05055480401	17490837	257124	6.753	0.099	36.075449	-90.5159202
AR	05055480402	2565678	0	0.991	0.	36.0582558	-90.4982835
AR	05055480501	13312598	0	5.14	0.	36.0812243	-90.4804319
AR	05055480502	6189618	0	2.39	0.	36.0595405	-90.4614575
AR	05055480601	230534757	1852025	89.01	0.715	36.0127009	-90.7276421
AR	05055480602	180548780	1112683	69.71	0.43	35.9979851	-90.5015272
AR	05055480700	20815322	136924	8.037	0.053	36.0344832	-90.4703996
AR	05055480801	11143426	0	4.303	0.	36.0522308	-90.5410889
AR	05055480802	15925862	0	6.149	0.	36.0286873	-90.5231859
AR	05057480101	285198690	1306501	110.116	0.504	33.7934279	-93.5325791
AR	05057480102	536433609	1869000	207.118	0.722	33.8876959	-93.6680425
AR	05057480200	505543026	23313076	195.191	9.001	33.7200824	-93.7919369
AR	05057480301	7665874	35016	2.96	0.014	33.6803984	-93.581832
AR	05057480302	30882239	191182	11.924	0.074	33.6577131	-93.5291672
AR	05057480400	502025056	8903355	193.833	3.438	33.5614734	-93.624556
AR	05057480500	15690805	119778	6.058	0.046	33.6595953	-93.6089475
AR	05059020101	137592109	2432514	53.125	0.939	34.462886	-92.8353649
AR	05059020102	126056618	85248	48.671	0.033	34.409069	-92.7313404
AR	05059020200	15946856	48412	6.157	0.019	34.379031	-92.8160392
AR	05059020300	9210390	14127	3.556	0.005	34.3402863	-92.8162105
AR	05059020400	34612914	44953	13.364	0.017	34.3498169	-92.770418
AR	05059020500	545357138	2192492	210.564	0.847	34.239629	-92.8208431
AR	05059020600	304566963	3029601	117.594	1.17	34.3278823	-92.977311
AR	05059020701	223849349	3260901	86.429	1.259	34.3503539	-93.2724863
AR	05059020702	195504963	7617351	75.485	2.941	34.3049193	-93.1250553
AR	05061950100	1075289905	9442772	415.172	3.646	34.1777965	-94.0248332
AR	05061950200	425235651	11611271	164.184	4.483	33.882464	-93.9277449
AR	05061950300	20656465	307718	7.976	0.119	33.945024	-93.8489851
AR	05063490101	307486541	3071563	118.721	1.186	35.8537355	-91.7582643
AR	05063490102	304302746	285456	117.492	0.11	35.8692778	-91.51786
AR	05063490200	41229529	0	15.919	0.	35.8141564	-91.6581921
AR	05063490300	60879980	41910	23.506	0.016	35.8003715	-91.5581105
AR	05063490400	436238448	9049260	168.433	3.494	35.7485331	-91.3772147
AR	05063490500	38031473	1046763	14.684	0.404	35.7544026	-91.5744854
AR	05063490600	24837075	798845	9.59	0.308	35.7818334	-91.6839481
AR	05063490701	150915129	1961478	58.269	0.757	35.7109787	-91.7316784
AR	05063490702	57742794	877196	22.295	0.339	35.7053246	-91.6121538
AR	05063490800	556340019	3118755	214.804	1.204	35.6009978	-91.583815
AR	05065960100	229343350	3359521	88.55	1.297	36.1695208	-91.7463132
AR	05065960200	529242912	99379	204.342	0.038	36.1317625	-91.9332197
AR	05065960300	217304804	1879696	83.902	0.726	36.176716	-92.1157524
AR	05065960400	526822683	4237978	203.407	1.636	35.983814	-91.8706442
AR	05067480100	449716138	4633479	173.636	1.789	35.7786116	-91.170767
AR	05067480200	58499783	2858438	22.587	1.104	35.6015958	-91.3038625
AR	05067480300	40255965	289536	15.543	0.112	35.6270944	-91.2448368
AR	05067480401	600141577	5710075	231.716	2.205	35.4799255	-91.1743733
AR	05067480402	217753095	1333915	84.075	0.515	35.6583736	-91.1210728
AR	05067480500	274677940	5459048	106.054	2.108	35.5051646	-91.4299833
AR	05069000102	28073640	129855	10.839	0.05	34.4470984	-91.8926834
AR	05069000301	104561094	293787	40.371	0.113	34.2749898	-92.1570233
AR	05069000302	34806843	245367	13.439	0.095	34.3026008	-92.112595
AR	05069000303	9966103	100710	3.848	0.039	34.2530279	-92.0780686
AR	05069000502	25200205	2807698	9.73	1.084	34.2689057	-92.0292438
AR	05069000900	3133419	0	1.21	0.	34.2173443	-91.9772138
AR	05069001000	3033889	993	1.171	0.	34.2208827	-91.9984419
AR	05069001200	2971692	0	1.147	0.	34.220559	-92.0156097
AR	05069001300	3805538	0	1.469	0.	34.2210948	-92.0341834
AR	05069001401	3803333	0	1.468	0.	34.2435565	-92.0535086
AR	05069001402	5251894	819	2.028	0.	34.2180305	-92.0541833
AR	05069001501	4412794	15233	1.704	0.006	34.2002561	-92.0476918
AR	05069001502	4080406	5344	1.575	0.002	34.195959	-92.0302709
AR	05069001600	2098860	6027	0.81	0.002	34.2076841	-92.0178567
AR	05069001700	3286946	0	1.269	0.	34.2036858	-91.9982269
AR	05069001800	4626525	0	1.786	0.	34.1884169	-92.0157592
AR	05069001901	119168384	869417	46.011	0.336	34.1253254	-91.9387215
AR	05069001903	11639541	109067	4.494	0.042	34.1836772	-91.9850093
AR	05069002000	115115475	672690	44.446	0.26	34.1211155	-92.0419692
AR	05069002103	103729050	250412	40.05	0.097	34.1938659	-92.1639045
AR	05069002104	151150438	350891	58.36	0.135	34.1253393	-92.1615259
AR	05069002300	1075595317	69093941	415.29	26.677	34.3188994	-91.8080983
AR	05069002400	198779213	11173938	76.749	4.314	34.3895907	-92.137571
AR	05069002500	241074096	26945501	93.079	10.404	34.1770115	-91.8554199
AR	05071951700	1104288660	4160664	426.368	1.606	35.6368398	-93.4404359
AR	05071951800	266504413	12673188	102.898	4.893	35.4859802	-93.6266823
AR	05071951900	35423777	322592	13.677	0.125	35.4951846	-93.4967241
AR	05071952000	46229881	8387229	17.849	3.238	35.4381011	-93.5133288
AR	05071952100	42368430	3831273	16.359	1.479	35.4577307	-93.4462911
AR	05071952200	217140583	30154144	83.838	11.643	35.4358689	-93.3480391
AR	05073470101	46944937	486197	18.126	0.188	33.36043	-93.4885705
AR	05073470102	363604379	6435436	140.388	2.485	33.4157086	-93.5809373
AR	05073470200	960778076	36106970	370.959	13.941	33.1696749	-93.6245804
AR	05075470100	282960739	645486	109.252	0.249	36.0940765	-90.9122637
AR	05075470200	439951324	6082630	169.866	2.349	36.1307469	-91.2315386
AR	05075470300	286387708	2419408	110.575	0.934	35.9721005	-91.2669157
AR	05075470400	457905233	3194430	176.798	1.233	35.9617762	-91.0236235
AR	05075470501	33969702	53739	13.116	0.021	36.0258341	-90.9800386
AR	05075470502	20515652	0	7.921	0.	36.0769253	-90.953451
AR	05077470100	732475841	54236283	282.811	20.941	34.8175162	-90.628389
AR	05077470200	408200975	633355	157.607	0.245	34.834235	-90.9523364
AR	05077470300	36231776	0	13.989	0.	34.7666943	-90.7680318
AR	05077470400	376584843	2988553	145.4	1.154	34.7086483	-90.9102048
AR	05079960300	651025108	5167504	251.362	1.995	33.9146484	-91.7060232
AR	05079960400	391785336	410263	151.269	0.158	33.9372701	-91.9125351
AR	05079960500	28035420	0	10.825	0.	33.9361724	-91.831433
AR	05079960600	378163082	21115839	146.01	8.153	34.0520834	-91.5948106
AR	05081030101	145834030	7379471	56.307	2.849	33.6327452	-94.1518784
AR	05081030103	218162297	6564927	84.233	2.535	33.6412586	-93.9787197
AR	05081030104	61944855	528585	23.917	0.204	33.652405	-94.0748553
AR	05081030200	402426869	14588708	155.378	5.633	33.6509647	-94.3683484
AR	05081030301	245778729	1607502	94.896	0.621	33.8454227	-94.4014921
AR	05081030302	301796297	52446034	116.524	20.25	33.7494728	-94.1881529
AR	05083950100	591636166	34750913	228.432	13.417	35.2862048	-93.4764464
AR	05083950200	371738635	7364986	143.529	2.844	35.2450006	-93.6675733
AR	05083950300	37189726	996147	14.359	0.385	35.2924373	-93.7294664
AR	05083950400	318394836	1609282	122.933	0.621	35.1841381	-93.8295753
AR	05083950500	22849235	223050	8.822	0.086	35.139055	-93.9104154
AR	05083950600	494791204	9025109	191.04	3.485	35.0721638	-93.9008578
AR	05085020102	52706852	25686	20.35	0.01	35.0026547	-91.9324402
AR	05085020103	57394289	200364	22.16	0.077	34.9591476	-91.9372427
AR	05085020105	38455666	305351	14.848	0.118	35.0257948	-92.0200729
AR	05085020106	52227071	325861	20.165	0.126	35.0532443	-92.067534
AR	05085020107	139224633	1438864	53.755	0.556	34.9420275	-91.8154076
AR	05085020108	56455105	675591	21.797	0.261	34.9146673	-91.9424231
AR	05085020201	16506833	86736	6.373	0.033	34.9899213	-92.0396225
AR	05085020202	8407586	0	3.246	0.	34.9846033	-92.0028444
AR	05085020204	24904261	898694	9.616	0.347	34.9533947	-92.0533143
AR	05085020205	5954263	23763	2.299	0.009	34.9601314	-92.0047023
AR	05085020206	21034455	0	8.121	0.	34.9310518	-92.025866
AR	05085020301	55275068	675689	21.342	0.261	34.8294442	-92.016321
AR	05085020302	179280745	11957644	69.221	4.617	34.8546328	-91.9290357
AR	05085020400	368019425	7558860	142.093	2.918	34.7283465	-91.7424263
AR	05085020500	108687844	5316009	41.965	2.053	34.7609455	-91.8746814
AR	05085020600	382154477	35395972	147.551	13.666	34.6410291	-91.9878916
AR	05085020700	94087653	1308344	36.327	0.505	34.5274934	-91.9748312
AR	05085020800	337269417	16525596	130.22	6.381	34.5495377	-91.8026499
AR	05087960100	488876772	2210827	188.756	0.854	36.2092192	-93.7617761
AR	05087960200	86398421	549873	33.359	0.212	36.0826705	-93.740177
AR	05087960300	734130046	2330871	283.449	0.9	35.9438358	-93.8425975
AR	05087960400	851260142	2364162	328.673	0.913	35.9599306	-93.6243512
AR	05089960100	741885087	4741110	286.443	1.831	36.1484039	-92.6436026
AR	05089960201	246276183	591733	95.088	0.228	36.2955942	-92.7916397
AR	05089960202	132432599	2637894	51.133	1.018	36.2815772	-92.5851789
AR	05089960301	317266667	68945618	122.497	26.62	36.4216421	-92.7370489
AR	05089960302	107322269	36034884	41.437	13.913	36.4303732	-92.5972755
AR	05091020100	3587485	0	1.385	0.	33.4581857	-94.0360995
AR	05091020200	2104076	0	0.812	0.	33.4380327	-94.0365646
AR	05091020400	6221964	0	2.402	0.	33.4078457	-94.0357795
AR	05091020500	5938201	63107	2.293	0.024	33.4107745	-94.0162498
AR	05091020600	2849660	24811	1.1	0.01	33.4245326	-94.0165518
AR	05091020701	3836486	0	1.481	0.	33.4651333	-94.017903
AR	05091020702	5893968	0	2.276	0.	33.4426625	-94.0182002
AR	05091020801	16137517	92777	6.231	0.036	33.4831308	-93.9920666
AR	05091020802	33071810	76401	12.769	0.029	33.3930011	-94.0021527
AR	05091020901	541621257	18712454	209.121	7.225	33.4715784	-93.8141953
AR	05091020902	117032583	627144	45.187	0.242	33.403516	-93.9198889
AR	05091021001	498718801	7596330	192.556	2.933	33.1646529	-93.969407
AR	05091021002	374835117	9655717	144.725	3.728	33.2548976	-93.845308
AR	05091980000	4408307	0	1.702	0.	33.4515745	-93.9910273
AR	05093010100	3587051	0	1.385	0.	35.9242613	-89.9083851
AR	05093010200	39669619	185236	15.317	0.072	35.9399964	-89.8830811
AR	05093010300	16105157	74152	6.218	0.029	35.896632	-89.923102
AR	05093010601	7374060	0	2.847	0.	35.9424784	-89.9161066
AR	05093010602	38189154	0	14.745	0.	35.9823431	-89.9503822
AR	05093010700	616719485	38129460	238.117	14.722	35.8737912	-89.8690399
AR	05093010801	388396787	10881584	149.961	4.201	35.9417082	-90.2269257
AR	05093010802	21574002	0	8.33	0.	35.8815862	-90.1680199
AR	05093010900	438031857	518370	169.125	0.2	35.7242259	-90.1546817
AR	05093011000	23788522	991799	9.185	0.383	35.7064489	-89.9657962
AR	05093011100	53953274	4438	20.831	0.002	35.7016774	-90.0128722
AR	05093011200	295606207	14331705	114.134	5.534	35.6049973	-90.0206913
AR	05093011300	360497238	7107865	139.189	2.744	35.5221254	-90.1665126
AR	05093011400	32917453	0	12.71	0.	35.9546378	-89.9766718
AR	05095950100	271317550	4609158	104.756	1.78	34.918049	-91.2353991
AR	05095950200	389537062	15707257	150.401	6.065	34.6827681	-91.3245217
AR	05095950300	912461947	15391257	352.304	5.943	34.5964842	-91.1512537
AR	05097953000	387723631	44700870	149.701	17.259	34.5891151	-93.5065195
AR	05097953100	700961298	5690898	270.643	2.197	34.6454024	-93.7282713
AR	05097953200	932678957	2587396	360.109	0.999	34.4311919	-93.6622815
AR	05099090100	726645366	3203626	280.559	1.237	33.6851438	-93.2677176
AR	05099090200	370407272	3341918	143.015	1.29	33.8294161	-93.3814628
AR	05099090300	503015171	943946	194.215	0.364	33.5138371	-93.3200863
AR	05101180100	600985144	2846722	232.042	1.099	36.0612239	-93.1982011
AR	05101180200	1525591183	3089189	589.034	1.193	35.8605989	-93.2156073
AR	05103950101	90211758	1131447	34.831	0.437	33.5871373	-92.7696665
AR	05103950102	444848711	3079446	171.757	1.189	33.7315572	-92.7511801
AR	05103950200	551568812	10389763	212.962	4.012	33.6723409	-92.9860569
AR	05103950301	342166424	2726742	132.111	1.053	33.4245141	-92.7757841
AR	05103950302	394883178	431234	152.465	0.167	33.467539	-92.994701
AR	05103950400	8934003	236020	3.449	0.091	33.5918321	-92.8483151
AR	05103950500	28758998	29523	11.104	0.011	33.5457741	-92.8188101
AR	05103950600	36367796	159087	14.042	0.061	33.558859	-92.8743602
AR	05105952700	330252103	17624586	127.511	6.805	35.0062577	-92.6872403
AR	05105952800	375285488	2174784	144.899	0.84	34.9513075	-92.855558
AR	05105952900	722415806	4629190	278.926	1.787	34.9267399	-93.0798642
AR	05107480100	94903759	15650815	36.643	6.043	34.5844877	-90.6169761
AR	05107480201	322200875	168480	124.402	0.065	34.597284	-90.8758541
AR	05107480202	395630070	111127	152.754	0.043	34.5033497	-90.8788575
AR	05107480300	28799750	0	11.12	0.	34.5691577	-90.6647992
AR	05107480400	19817644	653689	7.652	0.252	34.511237	-90.6149111
AR	05107480500	16266618	0	6.281	0.	34.5266206	-90.6573881
AR	05107480600	910405440	79382773	351.51	30.65	34.3198322	-90.869618
AR	05109953300	388728572	1748740	150.089	0.675	34.2186279	-93.552858
AR	05109953400	606213007	29242137	234.06	11.29	34.2414241	-93.7660772
AR	05109953500	559919648	4293991	216.186	1.658	34.0392117	-93.607774
AR	05111490100	406974444	2018489	157.134	0.779	35.5522769	-90.3687843
AR	05111490200	459991360	3888272	177.604	1.501	35.5815494	-90.5464122
AR	05111490300	25920146	0	10.008	0.	35.6717798	-90.5005072
AR	05111490400	14105278	0	5.446	0.	35.6786519	-90.5316427
AR	05111490501	24586487	0	9.493	0.	35.5666247	-90.7165651
AR	05111490502	382770627	3959266	147.789	1.529	35.5797644	-90.7220593
AR	05111490600	627291502	3880759	242.199	1.498	35.5721787	-90.9142206
AR	05111490700	22335558	145958	8.624	0.056	35.5287287	-90.4141005
AR	05113950100	678467129	4889571	261.958	1.888	34.5699565	-94.0725885
AR	05113950201	13532033	86109	5.225	0.033	34.5786382	-94.2734986
AR	05113950202	314674014	1409485	121.496	0.544	34.6541201	-94.3169627
AR	05113950300	327977526	1796351	126.633	0.694	34.5156688	-94.3660597
AR	05113950400	32814256	597833	12.67	0.231	34.5610867	-94.2282774
AR	05113950500	491518323	1911889	189.776	0.738	34.4017047	-94.1998773
AR	05113950600	360217502	1829692	139.081	0.706	34.2669474	-94.360661
AR	05115950700	1058560584	588861	408.713	0.227	35.5807244	-93.0163604
AR	05115950800	197314630	18085935	76.184	6.983	35.3870478	-93.2351536
AR	05115950901	45106633	535242	17.416	0.207	35.3449172	-93.0928865
AR	05115950902	76562448	585981	29.561	0.226	35.3977758	-93.1072869
AR	05115951000	270080590	767252	104.279	0.296	35.3687472	-92.9420666
AR	05115951100	115091017	4632841	44.437	1.789	35.2296179	-92.9133123
AR	05115951201	73912387	27905	28.538	0.011	35.2952478	-93.0073937
AR	05115951202	143893328	7371442	55.558	2.846	35.2120923	-93.0267746
AR	05115951301	5496345	0	2.122	0.	35.2794817	-93.102781
AR	05115951302	2511862	0	0.97	0.	35.2865794	-93.1251231
AR	05115951303	11501239	8603	4.441	0.003	35.3115199	-93.1135083
AR	05115951400	14870706	3783909	5.742	1.461	35.3134136	-93.1620428
AR	05115951501	21429001	12467694	8.274	4.814	35.2772845	-93.1901098
AR	05115951503	3884669	0	1.5	0.	35.2752324	-93.1593231
AR	05115951504	3635251	0	1.404	0.	35.2690304	-93.1434648
AR	05115951601	11456551	0	4.423	0.	35.2623017	-93.1115718
AR	05115951602	45048626	1916841	17.393	0.74	35.2177598	-93.1090197
AR	05117460100	725341477	25772704	280.056	9.951	34.9710338	-91.5544058
AR	05117460200	561049820	14945186	216.623	5.77	34.7396802	-91.6134999
AR	05117460300	390668612	31920305	150.838	12.324	34.7037594	-91.4740391
AR	05119000500	4648253	100819	1.795	0.039	34.7170554	-92.2729487
AR	05119001100	2914452	55534	1.125	0.021	34.7217223	-92.2954658
AR	05119001200	2462539	26773	0.951	0.01	34.724676	-92.3133198
AR	05119001300	1799674	0	0.695	0.	34.7384452	-92.3112835
AR	05119001501	2872161	0	1.109	0.	34.7578226	-92.327379
AR	05119001502	3545490	538384	1.369	0.208	34.7606134	-92.306961
AR	05119001600	6814328	921250	2.631	0.356	34.7752051	-92.3216143
AR	05119001800	2551551	0	0.985	0.	34.7393078	-92.3302778
AR	05119001900	3470605	33168	1.34	0.013	34.7250352	-92.3292048
AR	05119002001	7244641	271510	2.797	0.105	34.7005707	-92.3394851
AR	05119002002	11550550	431317	4.46	0.167	34.6944159	-92.3197375
AR	05119002102	4774992	82534	1.844	0.032	34.7246167	-92.3459794
AR	05119002103	2763567	0	1.067	0.	34.7477722	-92.3539913
AR	05119002104	3591205	4522	1.387	0.002	34.7586558	-92.3575029
AR	05119002203	3409449	114718	1.316	0.044	34.7694156	-92.3624902
AR	05119002206	1259050	1350	0.486	0.001	34.7646608	-92.4095107
AR	05119002208	2138560	237	0.826	0.	34.7562095	-92.3887508
AR	05119002209	2482296	316	0.958	0.	34.7601253	-92.393965
AR	05119002210	2161840	20408	0.835	0.008	34.781417	-92.3948719
AR	05119002211	3347116	8294	1.292	0.003	34.7726913	-92.3828408
AR	05119002403	4498406	19141	1.737	0.007	34.7326332	-92.3680925
AR	05119002405	14303374	177697	5.523	0.069	34.7023673	-92.3882779
AR	05119002406	5830321	177628	2.251	0.069	34.7092332	-92.3614941
AR	05119002407	3842025	21418	1.483	0.008	34.7405787	-92.4038367
AR	05119002409	2699771	54501	1.042	0.021	34.7442044	-92.3814707
AR	05119002410	4117271	56295	1.59	0.022	34.7315354	-92.3852085
AR	05119002500	2756612	390908	1.064	0.151	34.7598425	-92.2705685
AR	05119002600	3565146	1526124	1.377	0.589	34.7509178	-92.2328333
AR	05119002700	12744119	741126	4.921	0.286	34.758935	-92.2041465
AR	05119002800	9643659	12918	3.723	0.005	34.7684082	-92.2387932
AR	05119002900	1653764	0	0.639	0.	34.775842	-92.2681347
AR	05119003001	2356843	872129	0.91	0.337	34.7646494	-92.2890299
AR	05119003002	2239168	1273	0.865	0.	34.7797138	-92.2832966
AR	05119003100	2194704	228305	0.847	0.088	34.7785671	-92.2977389
AR	05119003202	4421521	8073	1.707	0.003	34.8066009	-92.2687091
AR	05119003207	3147229	54	1.215	0.	34.8083442	-92.2949372
AR	05119003208	3116328	4276	1.203	0.002	34.7970554	-92.2848994
AR	05119003303	4032912	35616	1.557	0.014	34.800671	-92.2345916
AR	05119003305	2432169	0	0.939	0.	34.7900813	-92.2657831
AR	05119003306	1946824	2627	0.752	0.001	34.8043444	-92.2607005
AR	05119003307	1656954	0	0.64	0.	34.7871413	-92.2347931
AR	05119003308	3805341	409051	1.469	0.158	34.7860245	-92.2448187
AR	05119003403	64171351	26055	24.777	0.01	34.9765732	-92.1934829
AR	05119003404	79534037	17661	30.708	0.007	34.9579895	-92.108406
AR	05119003405	12606796	104602	4.868	0.04	34.8950311	-92.1825452
AR	05119003406	28664618	141219	11.067	0.055	34.9061438	-92.2153635
AR	05119003604	13051458	37428	5.039	0.014	34.8743583	-92.1454754
AR	05119003605	22539531	519074	8.703	0.2	34.8476121	-92.1568882
AR	05119003606	12262958	289633	4.735	0.112	34.8352859	-92.1043934
AR	05119003607	5922784	41630	2.287	0.016	34.8560069	-92.0865125
AR	05119003608	4885444	0	1.886	0.	34.8741621	-92.1043789
AR	05119003609	9799755	0	3.784	0.	34.8899094	-92.0877822
AR	05119003703	6787834	77228	2.621	0.03	34.8132839	-92.2213208
AR	05119003704	3877807	61960	1.497	0.024	34.8287258	-92.2068255
AR	05119003707	4925201	708728	1.902	0.274	34.8522158	-92.1792651
AR	05119003711	4329825	8568	1.672	0.003	34.8435063	-92.1987999
AR	05119003712	5783807	66235	2.233	0.026	34.8331746	-92.2538693
AR	05119003713	11656937	3291	4.501	0.001	34.8589303	-92.2326107
AR	05119003714	4046111	6290	1.562	0.002	34.8419275	-92.2195223
AR	05119003800	61704097	647429	23.824	0.25	34.8050801	-92.1257812
AR	05119003900	256836281	31673336	99.165	12.229	34.6394265	-92.1102036
AR	05119004001	36132797	1755963	13.951	0.678	34.6908582	-92.2628645
AR	05119004004	27227146	171543	10.512	0.066	34.5956566	-92.3091974
AR	05119004005	126169161	8368940	48.714	3.231	34.5642894	-92.1965001
AR	05119004006	34301998	577087	13.244	0.223	34.6347152	-92.3104795
AR	05119004007	81230360	6773302	31.363	2.615	34.6744113	-92.2153531
AR	05119004103	15774606	98287	6.091	0.038	34.6685776	-92.3905375
AR	05119004104	13762648	126305	5.314	0.049	34.6396579	-92.4107092
AR	05119004105	8443674	64721	3.26	0.025	34.6502863	-92.3751335
AR	05119004106	5444492	1387	2.102	0.001	34.6542916	-92.3552274
AR	05119004107	4571073	0	1.765	0.	34.675024	-92.3228853
AR	05119004108	4658058	8601	1.798	0.003	34.6590393	-92.3297491
AR	05119004201	165570475	44340196	63.927	17.12	34.9022402	-92.5174693
AR	05119004202	177754086	1816118	68.631	0.701	34.8273283	-92.619479
AR	05119004205	34875284	6067117	13.465	2.343	34.8240284	-92.4424615
AR	05119004213	20765254	128731	8.018	0.05	34.7908128	-92.4951537
AR	05119004214	2335806	1188	0.902	0.	34.7960635	-92.4273365
AR	05119004215	5251536	77946	2.028	0.03	34.7898088	-92.4137671
AR	05119004218	3161075	17774	1.22	0.007	34.7500339	-92.4232022
AR	05119004219	5837451	18930	2.254	0.007	34.775344	-92.426326
AR	05119004220	6045411	29583	2.334	0.011	34.658804	-92.4347149
AR	05119004222	1958302	37519	0.756	0.014	34.756995	-92.421779
AR	05119004223	3144822	47057	1.214	0.018	34.7648589	-92.4429306
AR	05119004224	10754165	289128	4.152	0.112	34.7313244	-92.4310789
AR	05119004225	36525933	602559	14.103	0.233	34.7325082	-92.4827631
AR	05119004226	14988875	231385	5.787	0.089	34.6982935	-92.4347868
AR	05119004227	35339909	398818	13.645	0.154	34.7094368	-92.4957874
AR	05119004228	4812010	25989	1.858	0.01	34.7805829	-92.4499021
AR	05119004229	5995226	2694	2.315	0.001	34.7902815	-92.4646786
AR	05119004302	140014497	1765840	54.06	0.682	34.8861685	-92.3056507
AR	05119004306	5354723	219580	2.067	0.085	34.8646659	-92.416129
AR	05119004307	20924643	3539125	8.079	1.366	34.8209832	-92.3588066
AR	05119004308	3237833	281199	1.25	0.109	34.832671	-92.4028883
AR	05119004309	17967080	248731	6.937	0.096	34.857263	-92.3775168
AR	05119004310	17772763	100675	6.862	0.039	34.8997691	-92.4166572
AR	05119004311	10477321	2530973	4.045	0.977	34.8549232	-92.4314688
AR	05119004400	3138696	288920	1.212	0.112	34.7465826	-92.2776859
AR	05119004500	2766536	0	1.068	0.	34.739407	-92.292571
AR	05119004600	2996811	0	1.157	0.	34.7323519	-92.262856
AR	05119004700	2175502	0	0.84	0.	34.7305694	-92.2807456
AR	05119004801	1453456	0	0.561	0.	34.7477793	-92.3058449
AR	05119004901	1783642	0	0.689	0.	34.775995	-92.3458951
AR	05119004902	5858816	1021564	2.262	0.394	34.7881255	-92.3645298
AR	05119980100	6897867	664891	2.663	0.257	34.8004051	-92.317696
AR	05119980200	1745002	3432	0.674	0.001	34.7490962	-92.3302185
AR	05119980300	25339557	157182	9.784	0.061	34.9057432	-92.138294
AR	05119980400	15230036	2307564	5.88	0.891	34.7303445	-92.2341897
AR	05121960100	649067645	5890294	250.606	2.274	36.3271523	-90.8734851
AR	05121960201	536358566	659445	207.089	0.255	36.3452954	-91.2193546
AR	05121960202	443368795	2618362	171.186	1.011	36.3550195	-91.0372895
AR	05121960301	28626225	48030	11.053	0.019	36.2892858	-91.02362
AR	05121960302	31024763	1154693	11.979	0.446	36.2558467	-90.9552114
AR	05123960100	605165475	8113262	233.656	3.133	35.032548	-90.5320456
AR	05123960201	129311726	361717	49.928	0.14	35.0847992	-90.8359416
AR	05123960202	318808697	8017665	123.093	3.096	35.0072278	-90.7303814
AR	05123960300	510988826	3250695	197.294	1.255	34.9975795	-90.970751
AR	05123960400	23313482	101606	9.001	0.039	35.0314698	-90.8061398
AR	05123960500	15522704	121371	5.993	0.047	35.0214227	-90.7665939
AR	05123960600	40972066	51290	15.819	0.02	34.977288	-90.7800336
AR	05125010101	4852709	0	1.874	0.	34.5690107	-92.5813547
AR	05125010104	4598394	0	1.775	0.	34.5926602	-92.5481586
AR	05125010105	6068417	104518	2.343	0.04	34.5743754	-92.5576021
AR	05125010106	14387597	205386	5.555	0.079	34.5663383	-92.5218536
AR	05125010107	12724190	45353	4.913	0.018	34.6024288	-92.5204385
AR	05125010301	8556035	126702	3.304	0.049	34.6125208	-92.5582248
AR	05125010302	10415772	0	4.022	0.	34.6014186	-92.5813153
AR	05125010303	10018585	28121	3.868	0.011	34.5884638	-92.601744
AR	05125010405	81423313	1853802	31.438	0.716	34.5346235	-92.2863768
AR	05125010406	55870548	446162	21.572	0.172	34.5365133	-92.374821
AR	05125010407	135808084	1858312	52.436	0.717	34.5006233	-92.4658852
AR	05125010408	29407089	0	11.354	0.	34.5976496	-92.4219906
AR	05125010409	20333972	199779	7.851	0.077	34.6024028	-92.371733
AR	05125010410	24806286	201674	9.578	0.078	34.5901645	-92.4649797
AR	05125010411	10067891	29115	3.887	0.011	34.6199239	-92.474683
AR	05125010507	359211240	1186578	138.692	0.458	34.7183981	-92.6751786
AR	05125010508	202668385	489945	78.251	0.189	34.5576669	-92.7385077
AR	05125010509	31316778	23109	12.091	0.009	34.6628651	-92.4921178
AR	05125010511	41811662	1214169	16.144	0.469	34.6615324	-92.5556741
AR	05125010512	42228177	94129	16.304	0.036	34.6606343	-92.6038405
AR	05125010513	75554709	138675	29.172	0.054	34.4805209	-92.6244601
AR	05125010514	59178760	39890	22.849	0.015	34.4807924	-92.6700389
AR	05125010515	10857244	1912763	4.192	0.739	34.6475753	-92.9076298
AR	05125010516	24855349	2242287	9.597	0.866	34.6682048	-92.9591545
AR	05125010517	516865703	4760684	199.563	1.838	34.7564997	-92.8913383
AR	05125010518	3608799	172334	1.393	0.067	34.6302949	-92.5215622
AR	05125010519	9542281	0	3.684	0.	34.6300465	-92.4988803
AR	05125010520	3600211	0	1.39	0.	34.6410435	-92.4595242
AR	05125010601	9964411	58094	3.847	0.022	34.552046	-92.5951536
AR	05125010602	53296017	523973	20.578	0.202	34.5064926	-92.5510232
AR	05127950100	1154034754	9717059	445.575	3.752	34.9274818	-94.1351433
AR	05127950200	43169138	454963	16.668	0.176	34.8999332	-94.0836102
AR	05127950300	1115266788	4201429	430.607	1.622	34.7864698	-93.9959834
AR	05129970100	807416643	4035206	311.745	1.558	35.9307228	-92.8238787
AR	05129970200	403979643	1285682	155.977	0.496	35.965462	-92.5845204
AR	05129970300	513222215	1140940	198.156	0.441	35.8329814	-92.5880124
AR	05131000100	6928309	740864	2.675	0.286	35.4154115	-94.3722583
AR	05131000200	16182553	4110108	6.248	1.587	35.4208295	-94.4096063
AR	05131000300	6382175	198972	2.464	0.077	35.3798208	-94.4229257
AR	05131000400	2194645	0	0.847	0.	35.3931506	-94.4057314
AR	05131000501	2625257	0	1.014	0.	35.3942804	-94.3915836
AR	05131000502	2912612	15042	1.125	0.006	35.3945353	-94.3752489
AR	05131000600	12559923	3156013	4.849	1.219	35.4010485	-94.3561885
AR	05131000700	3415325	1377	1.319	0.001	35.3806536	-94.3878611
AR	05131000800	2488056	0	0.961	0.	35.378725	-94.4107028
AR	05131001001	3206132	0	1.238	0.	35.3640721	-94.4128427
AR	05131001002	2549673	6714	0.984	0.003	35.3548277	-94.4069425
AR	05131001101	6008391	85171	2.32	0.033	35.3602977	-94.3855167
AR	05131001102	12990639	58315	5.016	0.023	35.3363376	-94.3633312
AR	05131001201	4449337	42958	1.718	0.017	35.344377	-94.4144455
AR	05131001202	4381207	34047	1.692	0.013	35.3313777	-94.4128417
AR	05131001301	5282708	747046	2.04	0.288	35.3570862	-94.3387507
AR	05131001305	7117400	1555824	2.748	0.601	35.3437606	-94.3254088
AR	05131001306	15878925	142828	6.131	0.055	35.295942	-94.3749677
AR	05131001307	24762034	157848	9.561	0.061	35.3075168	-94.338593
AR	05131001308	15224890	2294901	5.878	0.886	35.3313465	-94.2834831
AR	05131001309	5059399	38709	1.953	0.015	35.3187122	-94.4105064
AR	05131001310	5643305	15157	2.179	0.006	35.3097955	-94.4249548
AR	05131001311	12111550	39883	4.676	0.015	35.2807169	-94.4161652
AR	05131001312	3487225	2257	1.346	0.001	35.298329	-94.4005454
AR	05131010101	155422722	9482397	60.009	3.661	35.3662724	-94.141888
AR	05131010102	336563481	3057898	129.948	1.181	35.1917309	-94.1509844
AR	05131010201	122561788	1539926	47.321	0.595	35.2630627	-94.2420683
AR	05131010202	27214866	426652	10.508	0.165	35.2004526	-94.2560856
AR	05131010301	115576541	1517465	44.624	0.586	35.214853	-94.3906555
AR	05131010303	207756967	2364094	80.215	0.913	35.0146873	-94.3208587
AR	05131010304	226818948	2679367	87.575	1.035	35.0955896	-94.3706026
AR	05133080100	566855045	6404295	218.864	2.473	34.0795914	-94.2262415
AR	05133080200	419379335	4626983	161.923	1.786	34.0042944	-94.3772716
AR	05133080300	18823031	138704	7.268	0.054	34.0414618	-94.3571263
AR	05133080400	454579408	34749679	175.514	13.417	33.8834558	-94.129037
AR	05135470100	296149574	469110	114.344	0.181	36.3645911	-91.3659845
AR	05135470201	65159924	1522771	25.158	0.588	36.3196452	-91.4815028
AR	05135470202	26399436	1464637	10.193	0.565	36.2865023	-91.5401478
AR	05135470300	578908213	928005	223.518	0.358	36.1899454	-91.4965339
AR	05135470401	381029243	626340	147.116	0.242	36.0037192	-91.4488466
AR	05135470402	218367184	198832	84.312	0.077	36.0199639	-91.6379811
AR	05137950100	862520836	3360933	333.021	1.298	35.8828834	-92.2512593
AR	05137950201	277361574	3049051	107.09	1.177	35.8289546	-91.9452747
AR	05137950203	281348166	96862	108.629	0.037	35.795979	-92.0940926
AR	05137950204	149442713	1638598	57.7	0.633	35.9100463	-92.1090765
AR	05139950100	741122606	35249282	286.149	13.61	33.133668	-92.2901697
AR	05139950200	278249475	5216905	107.433	2.014	33.2867092	-92.5831345
AR	05139950300	82908357	128413	32.011	0.05	33.3360624	-92.7314642
AR	05139950401	387442913	354981	149.593	0.137	33.2975085	-92.869197
AR	05139950402	538962971	232926	208.095	0.09	33.1070436	-92.8574875
AR	05139950501	214125746	550137	82.674	0.212	33.0792137	-92.6698131
AR	05139950502	381013062	348058	147.11	0.134	33.1090223	-92.5201863
AR	05139950600	20093392	20279	7.758	0.008	33.2319703	-92.6414347
AR	05139950700	10971072	0	4.236	0.	33.2362075	-92.67905
AR	05139950800	14705846	1288	5.678	0.	33.221657	-92.7012534
AR	05139950900	9371127	0	3.618	0.	33.198157	-92.6804798
AR	05139951000	12203514	0	4.712	0.	33.2003477	-92.637127
AR	05141460100	580586753	1824576	224.166	0.704	35.6985497	-92.5523377
AR	05141460200	650976870	3094236	251.344	1.195	35.5494388	-92.6499605
AR	05141460301	102158899	1467673	39.444	0.567	35.6470084	-92.2983969
AR	05141460303	30300931	6051422	11.699	2.336	35.5852803	-92.2878953
AR	05141460304	79943454	10907206	30.866	4.211	35.5689503	-92.3933735
AR	05141460400	393811143	13863111	152.051	5.353	35.4474951	-92.3562634
AR	05143010101	87987185	6135273	33.972	2.369	36.1964258	-93.9860884
AR	05143010107	6527039	27477	2.52	0.011	36.0929621	-94.1390046
AR	05143010108	32241377	875914	12.448	0.338	36.1163935	-94.0795449
AR	05143010109	84025040	2985858	32.442	1.153	36.144176	-94.0010578
AR	05143010110	6653980	28813	2.569	0.011	36.0680437	-94.1377908
AR	05143010111	1919640	0	0.741	0.	36.0706905	-94.1496769
AR	05143010112	126303790	1348883	48.766	0.521	36.03529	-93.9829492
AR	05143010113	42354715	2666850	16.353	1.03	36.0483617	-94.0465117
AR	05143010114	4438417	372828	1.714	0.144	36.1272971	-94.1301576
AR	05143010115	3721974	43406	1.437	0.017	36.1118544	-94.1317986
AR	05143010201	3052768	480	1.179	0.	36.2000541	-94.1315844
AR	05143010202	7041828	10578	2.719	0.004	36.1983825	-94.1126739
AR	05143010303	4770469	338639	1.842	0.131	36.149814	-94.1306975
AR	05143010304	3748462	782	1.447	0.	36.1590774	-94.1368206
AR	05143010305	5255583	25912	2.029	0.01	36.156123	-94.1074151
AR	05143010306	1626480	553	0.628	0.	36.1720611	-94.1031441
AR	05143010307	3795464	20597	1.465	0.008	36.1788992	-94.1141956
AR	05143010401	4866938	2514	1.879	0.001	36.198817	-94.1499829
AR	05143010402	3049548	8904	1.177	0.003	36.1830718	-94.1504685
AR	05143010404	4029524	16082	1.556	0.006	36.1675055	-94.1536233
AR	05143010405	6051142	6897	2.336	0.003	36.1426668	-94.1540761
AR	05143010501	107635074	751362	41.558	0.29	36.1653749	-94.273371
AR	05143010508	37845832	182088	14.612	0.07	36.0965517	-94.2747015
AR	05143010510	4773785	13169	1.843	0.005	36.1944862	-94.1669411
AR	05143010511	18957745	176432	7.32	0.068	36.1263878	-94.1745346
AR	05143010512	8472829	61145	3.271	0.024	36.1645849	-94.1899297
AR	05143010513	198742748	1343825	76.735	0.519	36.0373512	-94.4759709
AR	05143010514	135960168	1937068	52.495	0.748	36.048874	-94.3613208
AR	05143010515	54754524	304587	21.141	0.118	36.0520197	-94.2928859
AR	05143010516	2858898	7509	1.104	0.003	36.084715	-94.2060077
AR	05143010517	9901397	99095	3.823	0.038	36.113614	-94.1929864
AR	05143010518	6450619	398330	2.491	0.154	36.1845336	-94.209856
AR	05143010519	12586811	381020	4.86	0.147	36.1991507	-94.1980465
AR	05143010520	4621224	6673	1.784	0.003	36.0611084	-94.2259522
AR	05143010521	5415419	18947	2.091	0.007	36.0581328	-94.2067917
AR	05143010601	4612030	4250	1.781	0.002	36.0702262	-94.1953564
AR	05143010602	4145938	297	1.601	0.	36.0882728	-94.1853341
AR	05143010703	3513625	27637	1.357	0.011	36.0968201	-94.1688523
AR	05143010704	1025666	0	0.396	0.	36.0778912	-94.1721956
AR	05143010705	2982486	23334	1.152	0.009	36.1058693	-94.154954
AR	05143010706	2426278	331	0.937	0.	36.0820363	-94.1600267
AR	05143011002	173013238	1415297	66.801	0.546	35.9188143	-94.4226105
AR	05143011003	141129937	1143476	54.491	0.441	35.9108415	-94.2366079
AR	05143011004	437748758	1397841	169.016	0.54	35.8112329	-94.3064383
AR	05143011005	47386939	253912	18.296	0.098	35.9656904	-94.27721
AR	05143011006	51821434	322704	20.008	0.125	36.0185671	-94.2216365
AR	05143011103	373056627	1389045	144.038	0.536	35.8677225	-94.0547424
AR	05143011104	2841243	1885	1.097	0.001	36.0504534	-94.163473
AR	05143011105	15751439	94125	6.082	0.036	36.0265775	-94.1678605
AR	05143011106	39426046	377931	15.222	0.146	36.00496	-94.0483757
AR	05143011107	79715947	849756	30.779	0.328	36.0076221	-94.1126141
AR	05143011200	1839484	0	0.71	0.	36.181873	-94.1329478
AR	05143011301	1790993	0	0.692	0.	36.0638315	-94.1756271
AR	05143011302	1677639	0	0.648	0.	36.0639197	-94.1628822
AR	05145070100	348437636	4978769	134.533	1.922	35.3891861	-91.5245021
AR	05145070200	359198919	86890	138.687	0.034	35.422278	-91.7436562
AR	05145070300	374031689	929262	144.414	0.359	35.2899724	-91.969221
AR	05145070401	41958996	0	16.2	0.	35.2773433	-91.7917963
AR	05145070402	25107876	114368	9.694	0.044	35.2962848	-91.7523394
AR	05145070501	87442115	641179	33.762	0.248	35.3159847	-91.6672851
AR	05145070502	31480035	340190	12.155	0.131	35.2804976	-91.6272662
AR	05145070600	242244916	5110407	93.531	1.973	35.259764	-91.520817
AR	05145070700	12833698	190235	4.955	0.073	35.2645644	-91.7160782
AR	05145070801	2585147	0	0.998	0.	35.2432544	-91.7223323
AR	05145070802	8336997	45372	3.219	0.018	35.2275088	-91.7124979
AR	05145070901	9296267	41416	3.589	0.016	35.234966	-91.7613484
AR	05145070902	43775205	186054	16.902	0.072	35.2173194	-91.7806295
AR	05145071001	156854135	377639	60.562	0.146	35.1729345	-91.8734825
AR	05145071002	269979161	92056	104.24	0.036	35.1605028	-92.0238162
AR	05145071101	316610643	5258185	122.244	2.03	35.1397344	-91.5810669
AR	05145071102	221523358	1866954	85.531	0.721	35.132746	-91.7412796
AR	05145071201	54154089	109476	20.909	0.042	35.0991054	-91.9302543
AR	05145071202	72108197	472170	27.841	0.182	35.0500745	-91.8597232
AR	05147490100	916079505	5226869	353.7	2.018	35.1417277	-91.1906691
AR	05147490200	601583203	15837694	232.273	6.115	35.2525075	-91.3347738
AR	05149952301	111060275	7294844	42.881	2.817	35.1427289	-93.1064834
AR	05149952302	19485478	10331101	7.523	3.989	35.2571362	-93.1996614
AR	05149952401	213937201	5557590	82.602	2.146	35.1258937	-93.499368
AR	05149952402	457886747	4435224	176.791	1.712	35.1486423	-93.2782641
AR	05149952500	476134940	8302421	183.837	3.206	35.0364071	-93.4369103
AR	05149952600	1131183954	11073305	436.753	4.275	34.8794694	-93.4762462
