USPS	GEOID	ALAND	AWATER	ALAND_SQMI	AWATER_SQMI	INTPTLAT	INTPTLONG
CO	08001007801	641536	0	0.248	0.	39.7419967	-104.8752238
CO	08001007802	637373	0	0.246	0.	39.741996	-104.8564378
CO	08001007900	1637884	338	0.632	0.	39.7483494	-104.873462
CO	08001008000	1956147	0	0.755	0.	39.7492605	-104.8564044
CO	08001008100	2717099	2738	1.049	0.001	39.7466612	-104.8372242
CO	08001008200	4497505	2155	1.736	0.001	39.7602795	-104.8368767
CO	08001008308	4311913	0	1.665	0.	39.7571272	-104.8174833
CO	08001008309	12009461	22102	4.637	0.009	39.7560856	-104.7840024
CO	08001008354	108054899	539504	41.72	0.208	39.7785857	-104.6847541
CO	08001008355	3550543	11289	1.371	0.004	39.7460712	-104.7580359
CO	08001008401	497963958	3673375	192.265	1.418	39.869555	-104.5174306
CO	08001008402	1736030778	17054265	670.285	6.585	39.8772581	-104.0658666
CO	08001008505	3066014	0	1.184	0.	39.8921856	-104.9761923
CO	08001008506	1595851	39432	0.616	0.015	39.9080584	-104.9857721
CO	08001008507	2634626	0	1.017	0.	39.9068554	-104.9682546
CO	08001008508	2506914	28118	0.968	0.011	39.905779	-104.949187
CO	08001008524	4984861	42066	1.925	0.016	39.9411441	-104.9316157
CO	08001008526	7230020	108728	2.792	0.042	39.9487613	-104.9743823
CO	08001008533	3353028	36543	1.295	0.014	39.8922024	-104.9538147
CO	08001008534	2341347	28063	0.904	0.011	39.8937323	-104.9317964
CO	08001008535	15299363	754192	5.907	0.291	39.8938043	-104.8801138
CO	08001008536	7269152	38685	2.807	0.015	39.9041827	-104.7947714
CO	08001008538	11510753	11378	4.444	0.004	39.8822633	-104.7869295
CO	08001008540	15304184	562114	5.909	0.217	39.9389493	-104.886535
CO	08001008544	2608401	21325	1.007	0.008	39.9555985	-104.953759
CO	08001008545	3128633	49667	1.208	0.019	39.9336044	-104.951588
CO	08001008546	1324546	988	0.511	0.	39.9254331	-104.9311036
CO	08001008547	1209376	0	0.467	0.	39.9173613	-104.9311779
CO	08001008548	1245046	6215	0.481	0.002	39.9253879	-104.9115056
CO	08001008549	1318490	0	0.509	0.	39.9178174	-104.9123296
CO	08001008550	4398839	37865	1.698	0.015	39.9067319	-104.9253291
CO	08001008551	8737960	256628	3.374	0.099	39.9058713	-104.8996817
CO	08001008552	37424073	839791	14.45	0.324	39.9468292	-104.8134421
CO	08001008553	158084488	8145918	61.037	3.145	39.934758	-104.7045569
CO	08001008554	1264685	298340	0.488	0.115	39.9251409	-104.9531166
CO	08001008555	4829551	179270	1.865	0.069	39.9172728	-104.9663035
CO	08001008556	3399300	0	1.312	0.	39.9017028	-104.8557802
CO	08001008557	8601911	95296	3.321	0.037	39.9106145	-104.8396108
CO	08001008558	3893909	5044	1.503	0.002	39.8907207	-104.8256991
CO	08001008559	8582193	21916	3.314	0.008	39.8746752	-104.8206625
CO	08001008560	11821234	370267	4.564	0.143	39.9954849	-104.8729585
CO	08001008561	22281925	356100	8.603	0.137	39.9704759	-104.883633
CO	08001008562	5863588	0	2.264	0.	39.9942093	-104.7480216
CO	08001008563	3786633	0	1.462	0.	39.9803115	-104.7569481
CO	08001008564	3251820	19982	1.256	0.008	39.994354	-104.7838525
CO	08001008565	3704672	988	1.43	0.	39.9790588	-104.7870045
CO	08001008603	1862824	57731	0.719	0.022	39.9926025	-104.8202075
CO	08001008604	2176257	5539	0.84	0.002	39.9947904	-104.8049505
CO	08001008605	1982546	0	0.765	0.	39.979622	-104.8052914
CO	08001008606	3837624	180213	1.482	0.07	39.9784872	-104.8279264
CO	08001008705	2441945	0	0.943	0.	39.8197927	-104.9217541
CO	08001008706	1886782	0	0.728	0.	39.8235849	-104.9078211
CO	08001008709	7787108	126169	3.007	0.049	39.8001266	-104.9175627
CO	08001008801	3891999	0	1.503	0.	39.8435866	-104.9039724
CO	08001008802	12057268	3131932	4.655	1.209	39.8520677	-104.9126526
CO	08001008901	7948893	566408	3.069	0.219	39.8104804	-104.943483
CO	08001009001	2109475	0	0.814	0.	39.8528317	-104.9708005
CO	08001009003	1735295	5812	0.67	0.002	39.8438201	-104.9773674
CO	08001009004	1312427	30022	0.507	0.012	39.8432294	-104.9660343
CO	08001009101	1848229	0	0.714	0.	39.8626274	-104.9583946
CO	08001009103	4211367	930415	1.626	0.359	39.8749583	-104.9266127
CO	08001009104	2607431	0	1.007	0.	39.8656803	-104.9406943
CO	08001009202	1753932	1771	0.677	0.001	39.8627228	-104.970359
CO	08001009203	2654937	51512	1.025	0.02	39.8714265	-104.9845234
CO	08001009204	2522236	50328	0.974	0.019	39.8781134	-104.9677999
CO	08001009206	1295354	11050	0.5	0.004	39.8812623	-104.9476403
CO	08001009207	1599206	0	0.617	0.	39.8731829	-104.949623
CO	08001009304	3437698	61316	1.327	0.024	39.8734632	-104.9942392
CO	08001009306	1712098	5137	0.661	0.002	39.8433931	-104.9991945
CO	08001009307	1785528	0	0.689	0.	39.8442899	-104.9887739
CO	08001009308	1466860	16161	0.566	0.006	39.8311684	-104.9941282
CO	08001009309	1280593	0	0.494	0.	39.8418509	-105.0199563
CO	08001009310	1486671	5571	0.574	0.002	39.841417	-105.0116197
CO	08001009316	2256541	0	0.871	0.	39.8677408	-105.0099712
CO	08001009318	1280936	13889	0.495	0.005	39.8562595	-105.0015812
CO	08001009319	681481	0	0.263	0.	39.8615931	-105.0153918
CO	08001009320	1911264	5472	0.738	0.002	39.8518191	-105.0134175
CO	08001009321	1309072	0	0.505	0.	39.8780218	-105.0202944
CO	08001009322	1289918	0	0.498	0.	39.87842	-105.0105392
CO	08001009323	2183021	5172	0.843	0.002	39.8986779	-104.9931394
CO	08001009325	3821813	47867	1.476	0.018	39.9063562	-105.0117384
CO	08001009326	1279781	14568	0.494	0.006	39.8926576	-105.0209029
CO	08001009327	2493104	100443	0.963	0.039	39.8927873	-105.0052148
CO	08001009401	3508562	4691	1.355	0.002	39.84742	-105.0377226
CO	08001009406	1730102	9038	0.668	0.003	39.8654289	-105.0373523
CO	08001009407	1897314	0	0.733	0.	39.8599533	-105.0388512
CO	08001009408	3815939	50182	1.473	0.019	39.9091796	-105.0361172
CO	08001009409	3837682	6753	1.482	0.003	39.8939618	-105.0359302
CO	08001009410	2730989	54250	1.054	0.021	39.8770154	-105.0444201
CO	08001009411	1282242	0	0.495	0.	39.8779975	-105.0297696
CO	08001009501	1087578	0	0.42	0.	39.830531	-105.0167737
CO	08001009502	4225441	137321	1.631	0.053	39.8201251	-105.01885
CO	08001009553	7630952	111055	2.946	0.043	39.8109834	-104.9913163
CO	08001009603	2141077	0	0.827	0.	39.8415779	-105.0460982
CO	08001009604	2215181	0	0.855	0.	39.8315027	-105.0380288
CO	08001009606	1859410	233323	0.718	0.09	39.815997	-105.0276092
CO	08001009607	2225160	439974	0.859	0.17	39.814281	-105.0397078
CO	08001009608	1339319	132756	0.517	0.051	39.8112783	-105.0495884
CO	08001009751	2950940	424601	1.139	0.164	39.7983183	-105.0412999
CO	08001009752	2015991	1161	0.778	0.	39.7969664	-105.0146221
CO	08001015000	14102829	1158077	5.445	0.447	39.8212115	-104.9680224
CO	08001060001	4979246	3227	1.922	0.001	39.967648	-105.0040752
CO	08001060002	15599144	245190	6.023	0.095	39.9697786	-104.9556974
CO	08001060100	6381676	289277	2.464	0.112	39.942467	-105.0021415
CO	08001060200	4953286	50951	1.912	0.02	39.9246541	-105.0056952
CO	08001061200	10617615	145577	4.099	0.056	39.9911853	-104.94997
CO	08001988700	67648980	1117152	26.119	0.431	39.8353129	-104.8409337
CO	08003960000	1391578446	652350	537.291	0.252	37.5917311	-105.7534696
CO	08003960100	420511417	938349	162.36	0.362	37.4075614	-105.9746695
CO	08003960201	10890579	0	4.205	0.	37.4767066	-105.8455965
CO	08003960202	12045402	79756	4.651	0.031	37.4986343	-105.917548
CO	08003960300	36617184	0	14.138	0.	37.4510743	-105.8926748
CO	08005004951	149488	5724	0.058	0.002	39.6975484	-104.9300106
CO	08005004952	1321698	0	0.51	0.	39.7042632	-104.9357259
CO	08005005551	3105119	7882	1.199	0.003	39.6632487	-105.0139798
CO	08005005552	2103423	62055	0.812	0.024	39.6477568	-105.0229576
CO	08005005553	2464733	147866	0.952	0.057	39.6327228	-105.0230623
CO	08005005611	4013229	2002	1.55	0.001	39.6026756	-104.9736893
CO	08005005612	3875699	7516	1.496	0.003	39.6167999	-104.9727279
CO	08005005614	2327961	0	0.899	0.	39.6022192	-104.9506453
CO	08005005619	3813633	453882	1.472	0.175	39.6184954	-105.0420335
CO	08005005620	983598	54536	0.38	0.021	39.6192276	-105.0224562
CO	08005005621	2594389	19519	1.002	0.008	39.5975536	-105.0474084
CO	08005005622	5452036	1587530	2.105	0.613	39.5899552	-105.0394699
CO	08005005623	4025370	55486	1.554	0.021	39.5898285	-105.0192214
CO	08005005624	1998744	2603	0.772	0.001	39.585713	-104.9996187
CO	08005005625	1875830	6454	0.724	0.002	39.588172	-104.98202
CO	08005005626	2013684	0	0.777	0.	39.5881026	-104.9675022
CO	08005005627	2596145	3101	1.002	0.001	39.5883602	-104.95091
CO	08005005628	2568254	0	0.992	0.	39.5877989	-104.9321962
CO	08005005629	2567686	18075	0.991	0.007	39.5709676	-104.9328223
CO	08005005630	2583009	12972	0.997	0.005	39.5767913	-104.9527702
CO	08005005631	1673406	4048	0.646	0.002	39.5733625	-104.9686148
CO	08005005632	2209376	0	0.853	0.	39.5732431	-104.9804701
CO	08005005633	1954635	0	0.755	0.	39.5774982	-105.0034557
CO	08005005634	4042020	742035	1.561	0.287	39.5711533	-105.023382
CO	08005005635	2696080	0	1.041	0.	39.6026358	-104.9327074
CO	08005005636	5108799	19853	1.973	0.008	39.6186086	-104.9435393
CO	08005005701	1103307	36133	0.426	0.014	39.6640775	-104.9953985
CO	08005005702	1164046	15302	0.449	0.006	39.6558534	-104.996823
CO	08005005800	1210927	0	0.468	0.	39.6638957	-104.9786537
CO	08005005951	1435050	0	0.554	0.	39.6558889	-104.9794272
CO	08005005952	1019837	0	0.394	0.	39.6566375	-104.963731
CO	08005006000	2578927	51185	0.996	0.02	39.6467022	-105.0000158
CO	08005006100	1131579	0	0.437	0.	39.6449326	-104.9830709
CO	08005006200	2489280	34903	0.961	0.013	39.6364179	-105.0025013
CO	08005006300	1293166	0	0.499	0.	39.6313085	-104.983238
CO	08005006400	2330634	69148	0.9	0.027	39.6285046	-105.0022166
CO	08005006501	1682484	56059	0.65	0.022	39.6123447	-105.0191615
CO	08005006502	1937543	5763	0.748	0.002	39.6090227	-105.0109509
CO	08005006601	1940243	4847	0.749	0.002	39.6176107	-104.9967415
CO	08005006603	1852818	1620	0.715	0.001	39.5965407	-104.996668
CO	08005006604	1889477	54093	0.73	0.021	39.6044898	-105.0005895
CO	08005006704	11008284	162903	4.25	0.063	39.6354343	-104.9393604
CO	08005006705	5067741	31511	1.957	0.012	39.6378062	-104.9681018
CO	08005006706	2260864	326090	0.873	0.126	39.5879485	-104.9136313
CO	08005006707	3204915	0	1.237	0.	39.5873185	-104.8924857
CO	08005006708	2585447	4185	0.998	0.002	39.572864	-104.9133752
CO	08005006709	4186300	2377	1.616	0.001	39.5733605	-104.8884657
CO	08005006711	2593043	0	1.001	0.	39.6023091	-104.9134955
CO	08005006712	5018621	4716	1.938	0.002	39.6120244	-104.9083836
CO	08005006713	532164	0	0.205	0.	39.5990418	-104.9001419
CO	08005006808	3807644	0	1.47	0.	39.6167928	-104.8622636
CO	08005006815	3210394	0	1.24	0.	39.5941023	-104.8730971
CO	08005006854	2038939	0	0.787	0.	39.6358877	-104.8795586
CO	08005006857	1999192	0	0.772	0.	39.6132265	-104.8808536
CO	08005006859	1673292	0	0.646	0.	39.6177362	-104.8919336
CO	08005006860	1174547	0	0.453	0.	39.60141	-104.8840889
CO	08005006861	2643396	0	1.021	0.	39.6023783	-104.8573282
CO	08005006862	5580946	0	2.155	0.	39.6053155	-104.8351917
CO	08005006863	6789318	0	2.621	0.	39.5797752	-104.814342
CO	08005006864	12076450	0	4.663	0.	39.5790809	-104.8485627
CO	08005007101	1197664552	11087382	462.421	4.281	39.6513626	-104.058086
CO	08005007103	165400308	461714	63.861	0.178	39.6880444	-104.5189211
CO	08005007106	166810192	80408	64.406	0.031	39.6012893	-104.5738022
CO	08005007108	26627696	0	10.281	0.	39.7084535	-104.7493963
CO	08005007109	29124854	4938	11.245	0.002	39.6547253	-104.6894905
CO	08005007110	24214391	0	9.349	0.	39.7233317	-104.7120582
CO	08005007111	63186297	24542	24.396	0.009	39.6884328	-104.6369747
CO	08005007112	5575392	0	2.153	0.	39.5979302	-104.6947679
CO	08005007113	8560030	0	3.305	0.	39.5834236	-104.6685284
CO	08005007201	1322307	0	0.511	0.	39.7218089	-104.8694475
CO	08005007202	1663433	0	0.642	0.	39.7315236	-104.8768692
CO	08005007301	858950	0	0.332	0.	39.7382028	-104.8362493
CO	08005007302	1305058	0	0.504	0.	39.738375	-104.8653843
CO	08005007400	1934558	0	0.747	0.	39.7310346	-104.8565432
CO	08005007500	856638	0	0.331	0.	39.7332593	-104.840087
CO	08005007600	1326879	0	0.512	0.	39.7292876	-104.8336709
CO	08005007702	2770244	0	1.07	0.	39.7183247	-104.8364817
CO	08005007703	1839892	0	0.71	0.	39.7202602	-104.8578156
CO	08005007704	843588	0	0.326	0.	39.7149404	-104.8525237
CO	08005015100	1503320	0	0.58	0.	39.6677274	-104.9216215
CO	08005080000	1331488	0	0.514	0.	39.7073828	-104.8564247
CO	08005080100	1421058	0	0.549	0.	39.7002088	-104.8579606
CO	08005080200	2596945	0	1.003	0.	39.6893212	-104.856577
CO	08005080300	2526554	0	0.976	0.	39.6749395	-104.8564218
CO	08005080400	2416531	0	0.933	0.	39.6639916	-104.8501632
CO	08005080500	1264541	0	0.488	0.	39.6712836	-104.838212
CO	08005080600	1254776	0	0.484	0.	39.6785047	-104.838073
CO	08005080700	2523857	0	0.974	0.	39.6893112	-104.8380769
CO	08005080800	914502	0	0.353	0.	39.6993931	-104.8390645
CO	08005080900	1677433	0	0.648	0.	39.7066477	-104.8371554
CO	08005081001	967326	0	0.373	0.	39.7179895	-104.8229152
CO	08005081002	1432773	0	0.553	0.	39.7175933	-104.8144773
CO	08005081101	2084902	0	0.805	0.	39.704135	-104.8204356
CO	08005081102	353649	0	0.137	0.	39.6986002	-104.8145901
CO	08005081200	1337017	0	0.516	0.	39.6894218	-104.824114
CO	08005081300	1174975	0	0.454	0.	39.6899412	-104.8148643
CO	08005081400	2653239	0	1.024	0.	39.6754486	-104.8194382
CO	08005081500	1808705	0	0.698	0.	39.6624753	-104.8274015
CO	08005081600	3120068	0	1.205	0.	39.6589508	-104.8126064
CO	08005081700	1850451	0	0.714	0.	39.6243214	-104.8014817
CO	08005081800	2119140	0	0.818	0.	39.7329918	-104.8176956
CO	08005081900	2623712	0	1.013	0.	39.7329148	-104.800615
CO	08005082000	3237489	22279	1.25	0.009	39.717835	-104.8018751
CO	08005082100	1947367	0	0.752	0.	39.7020373	-104.8008256
CO	08005082200	1954645	0	0.755	0.	39.6911551	-104.8004673
CO	08005082300	1228043	0	0.474	0.	39.6813347	-104.8029832
CO	08005082400	2078667	0	0.803	0.	39.6736798	-104.7991215
CO	08005082500	1258131	0	0.486	0.	39.6608395	-104.7957759
CO	08005082600	2430797	0	0.939	0.	39.703557	-104.7824921
CO	08005082700	1218094	0	0.47	0.	39.6915301	-104.7851
CO	08005082800	1969208	0	0.76	0.	39.6851884	-104.7800166
CO	08005082900	2579452	0	0.996	0.	39.6892923	-104.7630363
CO	08005083000	10302283	0	3.978	0.	39.6674395	-104.7348531
CO	08005083100	2554624	0	0.986	0.	39.6749114	-104.7630652
CO	08005083201	2398245	0	0.926	0.	39.6452828	-104.7450911
CO	08005083202	2800743	0	1.081	0.	39.6461435	-104.7265286
CO	08005083300	1922094	0	0.742	0.	39.662251	-104.7802179
CO	08005083400	2634817	0	1.017	0.	39.6604301	-104.7630124
CO	08005083500	1883407	0	0.727	0.	39.6733466	-104.7815904
CO	08005083600	953488	0	0.368	0.	39.6338394	-104.8216281
CO	08005083700	2039108	0	0.787	0.	39.6246101	-104.8186529
CO	08005083800	1293771	0	0.5	0.	39.6457884	-104.8147584
CO	08005083900	1376216	0	0.531	0.	39.6461494	-104.824356
CO	08005084000	883774	0	0.341	0.	39.6462937	-104.7945883
CO	08005084100	1540917	0	0.595	0.	39.6486812	-104.7818046
CO	08005084200	1482396	0	0.572	0.	39.6415211	-104.7784674
CO	08005084300	1192530	0	0.46	0.	39.6488691	-104.7654208
CO	08005084400	994025	0	0.384	0.	39.6440644	-104.7582413
CO	08005084500	726827	0	0.281	0.	39.6561257	-104.7851302
CO	08005084600	2059744	0	0.795	0.	39.6342768	-104.8028884
CO	08005084700	1738397	0	0.671	0.	39.6455712	-104.8038517
CO	08005084800	1492529	0	0.576	0.	39.6281025	-104.7662408
CO	08005084900	1679917	0	0.649	0.	39.6150848	-104.8031938
CO	08005085000	3622740	0	1.399	0.	39.6032189	-104.803791
CO	08005085100	3739598	0	1.444	0.	39.6032796	-104.777446
CO	08005085200	3603157	0	1.391	0.	39.6008957	-104.7522575
CO	08005085300	1818799	0	0.702	0.	39.5984575	-104.7267587
CO	08005085400	1887857	0	0.729	0.	39.6199595	-104.7650013
CO	08005085500	2178317	0	0.841	0.	39.6164538	-104.7830848
CO	08005085600	1281726	0	0.495	0.	39.6118627	-104.765211
CO	08005085700	1679297	0	0.648	0.	39.6301213	-104.7843603
CO	08005085800	975972	517614	0.377	0.2	39.6358131	-104.7715859
CO	08005085900	4714118	0	1.82	0.	39.6323658	-104.7377228
CO	08005086001	1648713	0	0.637	0.	39.6174167	-104.7294344
CO	08005086002	1721221	0	0.665	0.	39.6182471	-104.7197911
CO	08005086100	1893507	0	0.731	0.	39.6102647	-104.7344978
CO	08005086200	2214611	8158	0.855	0.003	39.6187332	-104.7456944
CO	08005086300	4944224	0	1.909	0.	39.5879932	-104.7910962
CO	08005086400	8127014	0	3.138	0.	39.5825221	-104.7651609
CO	08005086500	6105790	0	2.357	0.	39.5796778	-104.7471801
CO	08005086600	7444412	0	2.874	0.	39.5764611	-104.725022
CO	08005086700	6123938	0	2.364	0.	39.5787346	-104.6958331
CO	08005086801	941468	0	0.364	0.	39.6935074	-104.894313
CO	08005086802	767987	0	0.297	0.	39.6931705	-104.8803123
CO	08005086900	733046	0	0.283	0.	39.6856875	-104.8800164
CO	08005087000	964295	0	0.372	0.	39.6910917	-104.8706144
CO	08005087100	982355	0	0.379	0.	39.6799125	-104.8700942
CO	08005087200	2418668	0	0.934	0.	39.6801887	-104.8894393
CO	08005087301	526348	0	0.203	0.	39.6695726	-104.8981221
CO	08005087302	1717957	0	0.663	0.	39.6708247	-104.8857915
CO	08005980000	12409981	3517762	4.792	1.358	39.6452079	-104.8382111
CO	08007940400	1022633893	11004752	394.841	4.249	37.1226363	-107.252314
CO	08007974201	56162361	351699	21.684	0.136	37.2731463	-107.1497672
CO	08007974202	18365298	848846	7.091	0.328	37.259163	-107.0951097
CO	08007974300	934707546	629055	360.893	0.243	37.2858561	-107.1938599
CO	08007974400	1464843067	905895	565.579	0.35	37.2103231	-106.8032202
CO	08009964600	5290600792	1181758	2042.712	0.456	37.1566605	-102.2951766
CO	08009964700	1326799774	4960434	512.28	1.915	37.4208335	-102.6053111
CO	08011966701	11037201	938237	4.261	0.362	38.0603579	-103.2000395
CO	08011966702	3907217946	72203282	1508.585	27.878	37.9318907	-103.0775841
CO	08013012101	2975938	0	1.149	0.	40.0297523	-105.2897946
CO	08013012103	2307672	650	0.891	0.	40.0461571	-105.2684267
CO	08013012104	2700656	96592	1.043	0.037	40.0507733	-105.286974
CO	08013012105	2471067	470	0.954	0.	40.0502082	-105.2772891
CO	08013012106	1229680	0	0.475	0.	40.0293932	-105.2771207
CO	08013012107	1652360	0	0.638	0.	40.030283	-105.2657638
CO	08013012201	5303263	0	2.048	0.	40.0076824	-105.3022312
CO	08013012204	1393752	0	0.538	0.	40.0176123	-105.2791597
CO	08013012205	606093	0	0.234	0.	40.0204431	-105.2681669
CO	08013012206	1021887	0	0.395	0.	40.0164294	-105.2626048
CO	08013012207	1815055	158791	0.701	0.061	40.0346211	-105.244796
CO	08013012208	4694853	34031	1.813	0.013	40.0211401	-105.2391418
CO	08013012300	1418926	8081	0.548	0.003	40.0071485	-105.2678794
CO	08013012401	1118147	0	0.432	0.	40.0040854	-105.2753824
CO	08013012501	3430634	24163	1.325	0.009	39.9901057	-105.2202002
CO	08013012505	15085912	10340	5.825	0.004	39.9870088	-105.2999647
CO	08013012507	1639851	0	0.633	0.	39.9918955	-105.2506161
CO	08013012508	3490588	54960	1.348	0.021	39.9761681	-105.2348888
CO	08013012509	1764488	51241	0.681	0.02	39.9779451	-105.2504381
CO	08013012510	50711625	87793	19.58	0.034	39.9529586	-105.2704198
CO	08013012511	1923218	11251	0.743	0.004	39.9937073	-105.2411617
CO	08013012603	1763562	0	0.681	0.	40.0082506	-105.2319886
CO	08013012605	1213031	0	0.468	0.	40.0110267	-105.2494564
CO	08013012608	879737	0	0.34	0.	40.0035322	-105.2419783
CO	08013012609	332661	0	0.128	0.	40.0036607	-105.2507561
CO	08013012610	390612	0	0.151	0.	40.0040178	-105.2558459
CO	08013012701	46715928	3674324	18.037	1.419	40.083692	-105.2399
CO	08013012705	4347054	132676	1.678	0.051	40.0613501	-105.2101905
CO	08013012707	30454124	4297148	11.758	1.659	40.0340749	-105.184709
CO	08013012708	5656859	24958	2.184	0.01	40.0644987	-105.186649
CO	08013012709	9706906	154534	3.748	0.06	40.0579438	-105.1579995
CO	08013012710	19225713	1123972	7.423	0.434	39.9895369	-105.1913668
CO	08013012801	15255319	411543	5.89	0.159	40.0254786	-105.092561
CO	08013012802	24043512	1051668	9.283	0.406	40.0527261	-105.094203
CO	08013012903	3872983	9020	1.495	0.003	40.0043586	-105.1136639
CO	08013012904	3135349	264951	1.211	0.102	39.9916258	-105.1121571
CO	08013012905	1343391	0	0.519	0.	39.9942394	-105.0959958
CO	08013012907	6492428	59196	2.507	0.023	40.0111446	-105.0792227
CO	08013013003	12258156	74058	4.733	0.029	40.0013996	-105.1513933
CO	08013013004	1999004	112408	0.772	0.043	39.9804585	-105.1574112
CO	08013013005	1940404	923	0.749	0.	39.979605	-105.1409438
CO	08013013006	3174558	12053	1.226	0.005	39.9695757	-105.1432708
CO	08013013201	58577698	3903991	22.617	1.507	40.2307503	-105.1083
CO	08013013202	63330974	2252651	24.452	0.87	40.1394325	-105.2343456
CO	08013013205	22817209	23594	8.81	0.009	40.0939236	-105.1418024
CO	08013013207	5458991	1060972	2.108	0.41	40.1905286	-105.1535318
CO	08013013208	3229327	33975	1.247	0.013	40.1819596	-105.1433975
CO	08013013210	5591439	222901	2.159	0.086	40.148595	-105.1180846
CO	08013013211	52397086	2388103	20.231	0.922	40.1098622	-105.0886721
CO	08013013212	8482396	589999	3.275	0.228	40.1541427	-105.1415658
CO	08013013214	9723387	13066	3.754	0.005	40.1212737	-105.1743897
CO	08013013215	10490981	358346	4.051	0.138	40.1643819	-105.1634478
CO	08013013302	3774455	53367	1.457	0.021	40.1658533	-105.1153802
CO	08013013305	1965696	0	0.759	0.	40.1958831	-105.1238217
CO	08013013306	1989501	0	0.768	0.	40.1958903	-105.1095326
CO	08013013307	1952838	13257	0.754	0.005	40.1804046	-105.124938
CO	08013013308	1963964	0	0.758	0.	40.1813023	-105.1094915
CO	08013013401	3157701	152278	1.219	0.059	40.1628015	-105.0908971
CO	08013013402	5656646	13258	2.184	0.005	40.1646936	-105.0697153
CO	08013013503	1950401	0	0.753	0.	40.181242	-105.0953408
CO	08013013505	1291650	0	0.499	0.	40.1959032	-105.0977082
CO	08013013506	2597927	0	1.003	0.	40.1959317	-105.0836114
CO	08013013507	1954238	0	0.755	0.	40.1813384	-105.0812371
CO	08013013508	5173897	58992	1.998	0.023	40.1924157	-105.0703341
CO	08013013601	138103636	2036863	53.322	0.786	40.2148749	-105.2621222
CO	08013013602	494936327	3405352	191.096	1.315	40.1690928	-105.5462943
CO	08013013703	179045632	2253550	69.13	0.87	40.0689428	-105.4729686
CO	08013013704	72562710	58943	28.017	0.023	40.0732446	-105.3424538
CO	08013013705	161508384	2237894	62.359	0.864	39.9784146	-105.6234706
CO	08013013706	176989300	1725158	68.336	0.666	39.9803825	-105.4053762
CO	08013060601	2857423	136332	1.103	0.053	39.9434167	-105.1493551
CO	08013060602	34971780	1280953	13.503	0.495	39.9421138	-105.2168028
CO	08013060700	9961604	77426	3.846	0.03	39.957907	-105.1362753
CO	08013060801	14319971	134749	5.529	0.052	39.9562928	-105.0874686
CO	08013060802	7189360	15103	2.776	0.006	39.9910643	-105.0651418
CO	08013060900	7774636	24211	3.002	0.009	39.9743022	-105.1069745
CO	08013061300	2069154	6895	0.799	0.003	39.9359802	-105.155391
CO	08013061400	2552608	8890	0.986	0.003	39.9224429	-105.1567552
CO	08014030000	1615867	1448	0.624	0.001	39.9186918	-105.0810169
CO	08014030100	1076688	0	0.416	0.	39.9263159	-105.0822175
CO	08014030200	2583065	26498	0.997	0.01	39.9087252	-105.0745694
CO	08014030300	2678892	59239	1.034	0.023	39.9219477	-105.0596936
CO	08014030400	2317757	133645	0.895	0.052	39.9360047	-105.0693068
CO	08014030500	4921819	204895	1.9	0.079	39.9452625	-105.040444
CO	08014030600	2530470	64721	0.977	0.025	39.9352846	-105.0249408
CO	08014030700	1319415	14244	0.509	0.005	39.9256553	-105.023998
CO	08014030800	2557490	613	0.987	0.	39.9200732	-105.0428103
CO	08014030900	5421899	40005	2.093	0.015	39.9458043	-105.0713208
CO	08014031000	3502330	56202	1.352	0.022	39.9492707	-105.0198719
CO	08014031101	2318191	16448	0.895	0.006	39.9070604	-105.0943635
CO	08014031102	3060724	3654	1.182	0.001	39.9225963	-105.1416047
CO	08014031103	4911419	607133	1.896	0.234	39.8984963	-105.1483444
CO	08014031104	4068610	7124	1.571	0.003	39.920693	-105.1171842
CO	08014031201	3413703	0	1.318	0.	39.944217	-105.125822
CO	08014031202	2661471	0	1.028	0.	39.9292022	-105.1003462
CO	08014031300	10340572	142036	3.993	0.055	39.9704923	-105.0277683
CO	08014031401	2958884	0	1.142	0.	39.9897163	-105.0455329
CO	08014031402	16480290	124667	6.363	0.048	40.0116024	-104.9853454
CO	08014031403	4035438	0	1.558	0.	39.9925691	-105.0258027
CO	08014980100	111948	0	0.043	0.	39.9578364	-105.1032652
CO	08014980200	394934	0	0.152	0.	39.9598684	-105.0849176
CO	08014980300	105261	0	0.041	0.	39.9543347	-105.1155685
CO	08015000100	3942787	0	1.522	0.	38.5388202	-105.9949817
CO	08015000200	110219904	48075	42.556	0.019	38.4813087	-106.0042061
CO	08015000300	1097876751	1068977	423.893	0.413	38.6064382	-106.1624627
CO	08015000402	460118797	93951	177.653	0.036	38.8890399	-106.0430897
CO	08015000403	926251110	2553678	357.628	0.986	38.7861536	-106.2221531
CO	08015000404	26306344	235294	10.157	0.091	38.8391977	-106.1519429
CO	08017960600	4605713958	8166129	1778.276	3.153	38.8356456	-102.6017914
CO	08019014701	234360827	115832	90.487	0.045	39.6208347	-105.5632911
CO	08019014702	249704082	1101107	96.411	0.425	39.7285428	-105.5575645
CO	08019014800	15200739	33931	5.869	0.013	39.7514343	-105.528766
CO	08019014900	523968411	2024030	202.305	0.781	39.7068626	-105.8380172
CO	08021974800	618168539	386651	238.676	0.149	37.1012414	-105.912015
CO	08021974900	2716255355	8848361	1048.752	3.416	37.2224342	-106.244101
CO	08023972600	1554693294	3766243	600.27	1.454	37.4204815	-105.3948681
CO	08023972700	1624759011	5062663	627.323	1.955	37.1383747	-105.4626735
CO	08025969601	1823808994	25092886	704.177	9.688	38.3061801	-103.7727363
CO	08025969602	215618885	8330095	83.251	3.216	38.1941689	-103.7943229
CO	08027970101	1041919706	2909132	402.287	1.123	38.0949576	-105.5001027
CO	08027970102	871112279	455018	336.338	0.176	38.054321	-105.2397223
CO	08029964600	666992346	1163483	257.527	0.449	38.9800317	-107.6060539
CO	08029964700	340977130	2356432	131.652	0.91	38.9087028	-108.0173474
CO	08029964800	603516350	3260741	233.019	1.259	38.811111	-108.2201556
CO	08029964900	191916939	1298677	74.1	0.501	38.7189385	-107.9464464
CO	08029965001	413448818	1538497	159.633	0.594	38.7316047	-107.6557298
CO	08029965002	409336242	1774946	158.046	0.685	38.902494	-107.7900037
CO	08029965100	46821481	413195	18.078	0.16	38.7010974	-108.0692227
CO	08029965201	8818544	0	3.405	0.	38.9034727	-107.9298167
CO	08029965202	276263139	4980810	106.666	1.923	38.9757405	-107.8990733
CO	08031000102	1706895	243474	0.659	0.094	39.7811473	-105.03984
CO	08031000201	2079465	0	0.803	0.	39.7875483	-105.011734
CO	08031000202	1785694	0	0.689	0.	39.7800524	-105.0121352
CO	08031000301	1926792	0	0.744	0.	39.7730308	-105.0392349
CO	08031000302	1444047	0	0.558	0.	39.7639304	-105.0462665
CO	08031000303	1463503	0	0.565	0.	39.7639664	-105.0323023
CO	08031000401	978390	0	0.378	0.	39.7729368	-105.0182645
CO	08031000403	971806	0	0.375	0.	39.7656493	-105.0182324
CO	08031000404	683430	0	0.264	0.	39.7594062	-105.0169781
CO	08031000501	1313701	716678	0.507	0.277	39.7524826	-105.0501134
CO	08031000503	514451	0	0.199	0.	39.7527213	-105.0369034
CO	08031000504	1079452	0	0.417	0.	39.7524336	-105.029937
CO	08031000600	1278945	0	0.494	0.	39.7521395	-105.0192168
CO	08031000703	477774	0	0.184	0.	39.7421636	-105.0462568
CO	08031000704	720670	0	0.278	0.	39.7376192	-105.0460817
CO	08031000705	736183	0	0.284	0.	39.740255	-105.0354428
CO	08031000706	675099	0	0.261	0.	39.7408784	-105.028586
CO	08031000800	1655100	0	0.639	0.	39.7357982	-105.0210768
CO	08031000902	1874238	0	0.724	0.	39.7185409	-105.0464605
CO	08031000903	1980812	17393	0.765	0.007	39.7189492	-105.0318583
CO	08031000904	1241246	0	0.479	0.	39.7304588	-105.0466729
CO	08031000905	1312927	0	0.507	0.	39.7304643	-105.0320196
CO	08031001000	2486719	0	0.96	0.	39.7171717	-105.0152226
CO	08031001101	898886	0	0.347	0.	39.7729192	-105.0047028
CO	08031001102	1328939	0	0.513	0.	39.7634977	-105.0055945
CO	08031001301	1830813	57105	0.707	0.022	39.7048065	-105.0186498
CO	08031001302	2101761	13495	0.811	0.005	39.7030892	-105.0023728
CO	08031001401	2088740	0	0.806	0.	39.6932437	-105.0098557
CO	08031001402	1671506	0	0.645	0.	39.6859195	-105.0128604
CO	08031001403	2899255	42621	1.119	0.016	39.6809562	-104.9932566
CO	08031001500	5302194	2641	2.047	0.001	39.7811003	-104.986342
CO	08031001601	1278840	0	0.494	0.	39.7666853	-104.9790951
CO	08031001602	970382	0	0.375	0.	39.7608835	-104.9930235
CO	08031001603	949345	0	0.367	0.	39.7567984	-104.9857235
CO	08031001703	272487	0	0.105	0.	39.7564699	-105.0045174
CO	08031001704	489769	0	0.189	0.	39.7509702	-104.9976332
CO	08031001705	377140	0	0.146	0.	39.754451	-105.0011626
CO	08031001706	477572	0	0.184	0.	39.7474781	-104.990909
CO	08031001707	638897	0	0.247	0.	39.743359	-104.9948428
CO	08031001800	975124	0	0.376	0.	39.7309653	-104.9958422
CO	08031001901	2335153	0	0.902	0.	39.7331806	-105.0086286
CO	08031002000	787300	0	0.304	0.	39.7353735	-104.991197
CO	08031002101	880925	0	0.34	0.	39.7220354	-104.993829
CO	08031002102	2977258	0	1.15	0.	39.7131837	-104.9968922
CO	08031002300	1458490	0	0.563	0.	39.7563555	-104.9665589
CO	08031002402	411253	0	0.159	0.	39.7500576	-104.9755909
CO	08031002404	371688	0	0.144	0.	39.7572107	-104.9765507
CO	08031002405	569896	0	0.22	0.	39.7508766	-104.9825132
CO	08031002602	393281	0	0.152	0.	39.743338	-104.9771526
CO	08031002603	289792	0	0.112	0.	39.7453315	-104.9838031
CO	08031002604	230082	0	0.089	0.	39.7416634	-104.9836333
CO	08031002704	344920	0	0.133	0.	39.737634	-104.9836355
CO	08031002705	229175	0	0.088	0.	39.7336287	-104.9836603
CO	08031002706	340238	0	0.131	0.	39.7296622	-104.9836522
CO	08031002707	315263	0	0.122	0.	39.7296441	-104.9764218
CO	08031002708	318865	0	0.123	0.	39.7375849	-104.9764484
CO	08031002709	203506	0	0.079	0.	39.7335935	-104.9764225
CO	08031002801	753261	0	0.291	0.	39.7239208	-104.9782121
CO	08031002802	886798	0	0.342	0.	39.7177365	-104.9841763
CO	08031002804	204354	0	0.079	0.	39.7182089	-104.9773949
CO	08031002805	359752	0	0.139	0.	39.7138097	-104.9768763
CO	08031002901	995466	0	0.384	0.	39.7038284	-104.9839316
CO	08031002902	1263474	0	0.488	0.	39.7015908	-104.9767276
CO	08031003002	1441148	0	0.556	0.	39.6731774	-104.9806072
CO	08031003003	1087788	0	0.42	0.	39.6827343	-104.9672191
CO	08031003004	2160776	0	0.834	0.	39.6703069	-104.9660658
CO	08031003005	905917	0	0.35	0.	39.6913856	-104.9818299
CO	08031003006	1214967	0	0.469	0.	39.6830541	-104.9804792
CO	08031003101	516843	0	0.2	0.	39.7487003	-104.9665497
CO	08031003102	868796	0	0.335	0.	39.7433727	-104.9665826
CO	08031003202	507637	0	0.196	0.	39.734567	-104.9623109
CO	08031003203	1683151	0	0.65	0.	39.7222971	-104.9659994
CO	08031003204	248528	0	0.096	0.	39.7384315	-104.9688793
CO	08031003205	607923	0	0.235	0.	39.7330132	-104.9688623
CO	08031003300	1288718	0	0.498	0.	39.7291072	-104.9507867
CO	08031003401	1128054	0	0.436	0.	39.7118123	-104.9668409
CO	08031003402	2735576	54418	1.056	0.021	39.6974964	-104.9657821
CO	08031003501	4665474	20	1.801	0.	39.7812624	-104.961917
CO	08031003502	2078926	0	0.803	0.	39.7864253	-104.9481698
CO	08031003601	1326341	0	0.512	0.	39.7671839	-104.9662007
CO	08031003602	1999338	0	0.772	0.	39.767421	-104.950128
CO	08031003603	1984692	0	0.766	0.	39.7565108	-104.9502093
CO	08031003701	1873267	120383	0.723	0.046	39.7444161	-104.9509827
CO	08031003702	706200	0	0.273	0.	39.7365218	-104.9543646
CO	08031003703	681502	0	0.263	0.	39.7361181	-104.9450408
CO	08031003801	1176699	0	0.454	0.	39.7193612	-104.9533161
CO	08031003802	1012138	0	0.391	0.	39.7193992	-104.9446183
CO	08031003901	3003056	0	1.159	0.	39.7049974	-104.9504525
CO	08031003902	2192999	0	0.847	0.	39.6904268	-104.9497575
CO	08031004002	2367835	51146	0.914	0.02	39.661474	-104.9500752
CO	08031004003	2615057	0	1.01	0.	39.6599028	-104.9311833
CO	08031004004	1428118	0	0.551	0.	39.6475693	-104.9218529
CO	08031004005	1056271	0	0.408	0.	39.6814221	-104.9504003
CO	08031004006	1953043	0	0.754	0.	39.6729505	-104.9500398
CO	08031004101	4693585	0	1.812	0.	39.7757025	-104.9318528
CO	08031004102	3925730	0	1.516	0.	39.7729381	-104.912833
CO	08031004103	1899572	0	0.733	0.	39.7565221	-104.9314085
CO	08031004104	1963411	0	0.758	0.	39.7565128	-104.9128475
CO	08031004108	2302497	0	0.889	0.	39.7556737	-104.8754684
CO	08031004109	4644254	0	1.793	0.	39.7971065	-104.8732621
CO	08031004110	6465796	32253	2.496	0.012	39.7674283	-104.8640727
CO	08031004111	5444225	1749	2.102	0.001	39.7881691	-104.8896848
CO	08031004112	1569577	0	0.606	0.	39.7538587	-104.8958082
CO	08031004113	2718834	0	1.05	0.	39.7700664	-104.8951472
CO	08031004201	1904500	0	0.735	0.	39.7455935	-104.9314404
CO	08031004202	1952597	0	0.754	0.	39.7455989	-104.9128776
CO	08031004302	1104052	0	0.426	0.	39.732935	-104.9264364
CO	08031004303	2495203	0	0.963	0.	39.7183753	-104.9315607
CO	08031004306	2557986	0	0.988	0.	39.7185505	-104.912997
CO	08031004307	614543	0	0.237	0.	39.7369461	-104.9352242
CO	08031004308	791214	0	0.305	0.	39.7297392	-104.9357473
CO	08031004309	1332722	0	0.515	0.	39.7328214	-104.9176211
CO	08031004310	1289540	0	0.498	0.	39.7328957	-104.9081259
CO	08031004403	1465389	0	0.566	0.	39.7443925	-104.894813
CO	08031004404	1304208	0	0.504	0.	39.7365094	-104.8940558
CO	08031004406	1700468	0	0.657	0.	39.7250266	-104.8978195
CO	08031004407	4307778	0	1.663	0.	39.7176671	-104.8853817
CO	08031004503	1017830	0	0.393	0.	39.7005623	-105.0458901
CO	08031004504	899287	0	0.347	0.	39.707775	-105.0468182
CO	08031004505	1000565	0	0.386	0.	39.7076012	-105.0324194
CO	08031004506	958641	0	0.37	0.	39.7004127	-105.0320473
CO	08031004601	1963145	0	0.758	0.	39.6894807	-105.0461034
CO	08031004602	1906083	32470	0.736	0.013	39.6903431	-105.0327113
CO	08031004603	1867748	0	0.721	0.	39.6749283	-105.031805
CO	08031004700	2389463	110616	0.923	0.043	39.6755785	-105.0485065
CO	08031004801	1401480	0	0.541	0.	39.6605879	-105.0480424
CO	08031005001	1542074	0	0.595	0.	39.7025325	-104.9171282
CO	08031005003	978109	0	0.378	0.	39.7057889	-104.9078791
CO	08031005004	1131438	0	0.437	0.	39.6941843	-104.9077711
CO	08031005102	1624912	0	0.627	0.	39.6875556	-104.9269973
CO	08031005104	742038	0	0.287	0.	39.6847737	-104.9356207
CO	08031005200	2051682	0	0.792	0.	39.685488	-104.914999
CO	08031005300	1136449	0	0.439	0.	39.6738704	-104.9359526
CO	08031005502	2898735	0	1.119	0.	39.6459291	-105.0429063
CO	08031005503	2020259	0	0.78	0.	39.6332722	-105.0407517
CO	08031006701	1018161	0	0.393	0.	39.6301934	-104.9093526
CO	08031006804	2223326	0	0.858	0.	39.6303898	-104.8944364
CO	08031006810	2251981	0	0.869	0.	39.6462882	-104.8888351
CO	08031006812	1987595	0	0.767	0.	39.6601119	-104.9108556
CO	08031006813	1042128	0	0.402	0.	39.6680755	-104.8709935
CO	08031006814	2077433	0	0.802	0.	39.6593147	-104.8777978
CO	08031006815	1154635	0	0.446	0.	39.6496047	-104.9083821
CO	08031006816	1847835	17849	0.713	0.007	39.6400403	-104.9033647
CO	08031006817	912242	0	0.352	0.	39.6637319	-104.8965466
CO	08031006818	1259085	0	0.486	0.	39.6569246	-104.8934823
CO	08031006902	1053097	0	0.407	0.	39.6745428	-104.9203116
CO	08031006903	936328	0	0.362	0.	39.6729464	-104.9082307
CO	08031007006	1838348	0	0.71	0.	39.6539723	-104.8634657
CO	08031007013	1254010	0	0.484	0.	39.6848106	-104.8974864
CO	08031007037	1058750	0	0.409	0.	39.703681	-104.870908
CO	08031007088	2441409	1067	0.943	0.	39.7020947	-104.8936456
CO	08031007090	204903	0	0.079	0.	39.7079473	-104.8898489
CO	08031007091	757393	0	0.292	0.	39.7044871	-104.8807951
CO	08031008304	934491	0	0.361	0.	39.7938634	-104.8415724
CO	08031008305	1026177	0	0.396	0.	39.7943942	-104.828692
CO	08031008306	1366939	0	0.528	0.	39.7857354	-104.8384214
CO	08031008312	2572312	0	0.993	0.	39.7769139	-104.8301468
CO	08031008386	1292146	0	0.499	0.	39.7919789	-104.8148289
CO	08031008387	1737987	0	0.671	0.	39.7840691	-104.8201917
CO	08031008388	8813341	0	3.403	0.	39.7859681	-104.7914653
CO	08031008389	5688856	0	2.196	0.	39.790463	-104.7526224
CO	08031008390	2288743	0	0.884	0.	39.7766656	-104.7628612
CO	08031008391	2304139	0	0.89	0.	39.7756402	-104.7444224
CO	08031011902	2446002	0	0.944	0.	39.6594459	-105.0615228
CO	08031011903	1052078	0	0.406	0.	39.66508	-105.0750315
CO	08031012001	1963357	10200	0.758	0.004	39.6443128	-105.0650653
CO	08031012010	3057388	2647171	1.18	1.022	39.6238354	-105.0626097
CO	08031012015	1507923	14530	0.582	0.006	39.632813	-105.095705
CO	08031012016	990616	3606	0.382	0.001	39.6267045	-105.098343
CO	08031015300	1137447	0	0.439	0.	39.7040164	-104.926286
CO	08031015400	2648852	0	1.023	0.	39.7876183	-105.0439331
CO	08031015500	591740	0	0.228	0.	39.693137	-104.9356767
CO	08031015600	3733075	6184	1.441	0.002	39.6759062	-105.019205
CO	08031015700	2103357	0	0.812	0.	39.6614484	-105.0344467
CO	08031015800	6175356	0	2.384	0.	39.8134798	-104.7721151
CO	08031980001	103458747	78494	39.946	0.03	39.8791986	-104.6910529
CO	08031980100	4225561	0	1.631	0.	39.786583	-104.8564088
CO	08031980200	1671280	0	0.645	0.	39.7458199	-105.0082706
CO	08033000100	2763958508	2716141	1067.17	1.049	37.7338227	-108.5062192
CO	08035013904	5325682	0	2.056	0.	39.530132	-104.7671387
CO	08035013905	3645627	0	1.408	0.	39.5131593	-104.7566152
CO	08035013907	6333538	0	2.445	0.	39.4914703	-104.7579735
CO	08035013909	63706425	27213	24.597	0.011	39.4099782	-104.7270342
CO	08035013910	5167471	0	1.995	0.	39.5034616	-104.7371996
CO	08035013911	36712819	5394	14.175	0.002	39.4899314	-104.6902364
CO	08035013912	27302420	126492	10.542	0.049	39.5452125	-104.7335591
CO	08035013913	18767008	25414	7.246	0.01	39.5432151	-104.6847715
CO	08035013914	21555544	49435	8.323	0.019	39.4723533	-104.7378759
CO	08035013915	6104715	95760	2.357	0.037	39.4483961	-104.7495345
CO	08035014005	2606515	0	1.006	0.	39.5420815	-104.8017795
CO	08035014006	5797227	15187	2.238	0.006	39.5040809	-104.7958216
CO	08035014007	9893653	82567	3.82	0.032	39.5447279	-104.8346305
CO	08035014008	5768055	9586	2.227	0.004	39.5268478	-104.8089149
CO	08035014009	3673361	0	1.418	0.	39.5098041	-104.7806911
CO	08035014010	4323691	0	1.669	0.	39.5377937	-104.7837756
CO	08035014011	30023901	67941	11.592	0.026	39.5016623	-104.8403971
CO	08035014013	41384060	0	15.978	0.	39.4215739	-104.7976638
CO	08035014014	9054412	0	3.496	0.	39.5593418	-104.8333644
CO	08035014015	2544580	0	0.982	0.	39.5575189	-104.7882114
CO	08035014016	39482346	0	15.244	0.	39.4630274	-104.8225688
CO	08035014017	9328603	0	3.602	0.	39.4274529	-104.8623266
CO	08035014107	2746510	0	1.06	0.	39.5607228	-104.9727746
CO	08035014108	3090461	0	1.193	0.	39.5503853	-104.9744605
CO	08035014109	1545576	0	0.597	0.	39.5466733	-104.9559512
CO	08035014110	2692409	1317	1.04	0.001	39.5584875	-104.9498093
CO	08035014112	1692298	4930	0.653	0.002	39.5486109	-104.9191516
CO	08035014113	1264691	0	0.488	0.	39.5473717	-104.9076037
CO	08035014114	3121589	0	1.205	0.	39.5585875	-104.893627
CO	08035014115	2585072	0	0.998	0.	39.5436486	-104.8948691
CO	08035014116	3976441	0	1.535	0.	39.5496631	-104.8772631
CO	08035014123	5624143	0	2.171	0.	39.4245333	-104.8816939
CO	08035014124	2625431	0	1.014	0.	39.5296592	-105.0208384
CO	08035014125	17299133	5755	6.679	0.002	39.5045943	-104.8818577
CO	08035014126	715530	0	0.276	0.	39.5455012	-104.9971453
CO	08035014127	6120977	0	2.363	0.	39.4814792	-104.9092305
CO	08035014128	2070224	0	0.799	0.	39.5374076	-105.0046584
CO	08035014129	1377555	4014	0.532	0.002	39.5332313	-104.9927263
CO	08035014130	3534867	0	1.365	0.	39.543137	-105.0217658
CO	08035014131	13385071	1044125	5.168	0.403	39.552954	-105.031686
CO	08035014132	3305674	3538	1.276	0.001	39.5320325	-104.96023
CO	08035014133	4110475	1136	1.587	0.	39.5379234	-104.9780883
CO	08035014134	3177432	0	1.227	0.	39.5168815	-104.9506853
CO	08035014135	67303845	21091	25.986	0.008	39.4807982	-104.9724592
CO	08035014138	1885400	0	0.728	0.	39.5613717	-104.9150649
CO	08035014139	3747315	3147	1.447	0.001	39.5548902	-104.9333338
CO	08035014140	3918206	0	1.513	0.	39.530575	-104.9042441
CO	08035014141	7489048	0	2.892	0.	39.4606234	-104.8922407
CO	08035014142	6261563	0	2.418	0.	39.4428854	-104.9024083
CO	08035014143	1653932	0	0.639	0.	39.5325627	-104.9226235
CO	08035014144	9850098	9356	3.803	0.004	39.5029778	-104.9271038
CO	08035014145	1680182	0	0.649	0.	39.5375455	-104.9397387
CO	08035014146	1667194	0	0.644	0.	39.5337754	-104.9305361
CO	08035014203	18806717	0	7.261	0.	39.4525247	-105.0828338
CO	08035014205	73260791	327235	28.286	0.126	39.4455297	-105.0333269
CO	08035014206	55220164	214	21.321	0.	39.3794559	-105.0051354
CO	08035014207	655546	0	0.253	0.	39.4733189	-105.0691657
CO	08035014208	25380897	2584864	9.8	0.998	39.5094376	-105.0632029
CO	08035014300	492002471	1693504	189.963	0.654	39.254744	-105.1569731
CO	08035014404	238220943	125188	91.978	0.048	39.2083615	-105.0205776
CO	08035014405	9218652	0	3.559	0.	39.4112636	-104.9048678
CO	08035014407	67151075	0	25.927	0.	39.330921	-104.9230009
CO	08035014408	93050132	0	35.927	0.	39.2109533	-104.9005816
CO	08035014409	26498317	0	10.231	0.	39.3934233	-104.9292311
CO	08035014410	10857440	0	4.192	0.	39.3929096	-104.8838364
CO	08035014503	9399038	0	3.629	0.	39.3929432	-104.8463257
CO	08035014504	6443623	0	2.488	0.	39.3682701	-104.8427247
CO	08035014505	14774965	0	5.705	0.	39.3467248	-104.8394936
CO	08035014506	200095407	115775	77.257	0.045	39.2364659	-104.8203999
CO	08035014602	215069725	345663	83.039	0.133	39.2393453	-104.7015733
CO	08035014603	6574132	0	2.538	0.	39.3785915	-104.8025716
CO	08035014604	65189295	0	25.17	0.	39.3344845	-104.7713617
CO	08037000100	1404011697	6666917	542.092	2.574	39.7782448	-106.8102656
CO	08037000200	375575082	1310593	145.01	0.506	39.5321969	-106.8800471
CO	08037000301	23919026	161550	9.235	0.062	39.3913241	-107.0945995
CO	08037000302	598501129	3496885	231.083	1.35	39.4172672	-106.9990714
CO	08037000401	190520752	620623	73.56	0.24	39.7127553	-106.5636189
CO	08037000402	168446762	748791	65.038	0.289	39.5876465	-106.595484
CO	08037000404	370604215	898929	143.091	0.347	39.6051403	-106.7259514
CO	08037000405	146119832	202291	56.417	0.078	39.5680768	-106.8107312
CO	08037000501	49986256	134108	19.3	0.052	39.5904401	-106.5316939
CO	08037000502	36129916	167368	13.95	0.065	39.5904253	-106.4766918
CO	08037000504	2311700	169175	0.893	0.065	39.6329082	-106.5197534
CO	08037000505	65007934	61877	25.1	0.024	39.6495835	-106.501936
CO	08037000600	643613912	3773040	248.501	1.457	39.4555871	-106.4583606
CO	08037000701	20076384	32650	7.752	0.013	39.619831	-106.4086057
CO	08037000702	45577875	39314	17.598	0.015	39.6057777	-106.3288187
CO	08037000703	222355232	483052	85.852	0.187	39.6759529	-106.3083165
CO	08039961100	3030782904	284922	1170.192	0.11	39.2296612	-103.9184034
CO	08039961204	244187291	5952	94.281	0.002	39.5047207	-104.5359349
CO	08039961205	869520917	82016	335.724	0.032	39.3696118	-104.3429014
CO	08039961206	53619166	0	20.702	0.	39.4124854	-104.6344863
CO	08039961207	137501741	69257	53.09	0.027	39.4084908	-104.5427635
CO	08039961208	179777599	0	69.413	0.	39.3047252	-104.5833059
CO	08039961209	276310556	0	106.684	0.	39.22203	-104.5371973
CO	08041000102	1615912	0	0.624	0.	38.8637764	-104.7671405
CO	08041000103	1295090	0	0.5	0.	38.8860094	-104.7641258
CO	08041000104	5645429	6031	2.18	0.002	38.8729518	-104.7706431
CO	08041000202	2657713	0	1.026	0.	38.8952989	-104.7724225
CO	08041000203	2631162	0	1.016	0.	38.8890384	-104.8043973
CO	08041000301	1867287	0	0.721	0.	38.8798657	-104.8029776
CO	08041000302	5547145	45585	2.142	0.018	38.8903897	-104.8219967
CO	08041000400	1716903	0	0.663	0.	38.869807	-104.8042439
CO	08041000500	1331116	0	0.514	0.	38.8649049	-104.8121119
CO	08041000600	1714238	0	0.662	0.	38.8644925	-104.785341
CO	08041000700	1624935	0	0.627	0.	38.8550267	-104.7855084
CO	08041000800	2242755	5043	0.866	0.002	38.8549501	-104.8007163
CO	08041000900	1055982	0	0.408	0.	38.8554929	-104.8149195
CO	08041001000	1972006	0	0.761	0.	38.859281	-104.8259251
CO	08041001101	1264371	0	0.488	0.	38.8701033	-104.8288393
CO	08041001104	4244031	0	1.639	0.	38.8651678	-104.8431949
CO	08041001301	1329799	0	0.513	0.	38.8483933	-104.8632762
CO	08041001302	3054641	0	1.179	0.	38.8564697	-104.8543921
CO	08041001400	1972627	0	0.762	0.	38.8407892	-104.847398
CO	08041001500	1748264	11472	0.675	0.004	38.8400852	-104.8363339
CO	08041001600	1578303	9954	0.609	0.004	38.8444894	-104.8237983
CO	08041001700	785530	0	0.303	0.	38.8447519	-104.8138738
CO	08041001800	1281858	0	0.495	0.	38.8430499	-104.8022651
CO	08041001901	1002835	0	0.387	0.	38.8454382	-104.7886009
CO	08041001902	707312	0	0.273	0.	38.8458045	-104.77943
CO	08041002000	3446170	0	1.331	0.	38.8494231	-104.7665919
CO	08041002101	2732103	0	1.055	0.	38.8331676	-104.7855982
CO	08041002102	2621420	0	1.012	0.	38.8323323	-104.7670208
CO	08041002200	1729443	0	0.668	0.	38.8302361	-104.8132278
CO	08041002300	3129892	0	1.208	0.	38.8273607	-104.8263328
CO	08041002401	1671581	0	0.645	0.	38.8344929	-104.8677757
CO	08041002402	2478718	0	0.957	0.	38.8318307	-104.8528024
CO	08041002501	14783825	99522	5.708	0.038	38.8008621	-104.8676124
CO	08041002502	3921512	0	1.514	0.	38.8127184	-104.8497263
CO	08041002700	2130532	193141	0.823	0.075	38.8302183	-104.8014605
CO	08041002801	1102265	0	0.426	0.	38.8212721	-104.7877945
CO	08041002802	6294254	0	2.43	0.	38.8104684	-104.7974129
CO	08041002901	2108485	0	0.814	0.	38.8051237	-104.8149424
CO	08041002902	910870	0	0.352	0.	38.7999345	-104.801434
CO	08041003001	2183885	0	0.843	0.	38.8158442	-104.8337218
CO	08041003002	1139244	0	0.44	0.	38.80514	-104.8324672
CO	08041003100	11268894	132287	4.351	0.051	38.7842434	-104.8497248
CO	08041003303	5275347	37571	2.037	0.015	38.7724901	-104.7883623
CO	08041003305	13322543	14489	5.144	0.006	38.7677829	-104.8383801
CO	08041003306	168779452	30079	65.166	0.012	38.6982861	-104.8981559
CO	08041003307	2201938	67621	0.85	0.026	38.7851613	-104.8025191
CO	08041003308	1671881	0	0.646	0.	38.7715413	-104.8060449
CO	08041003401	149105305	940802	57.57	0.363	38.8520085	-105.0086135
CO	08041003402	50613464	22625	19.542	0.009	38.9024294	-104.9454318
CO	08041003702	5079729	0	1.961	0.	38.9379321	-104.8554943
CO	08041003705	11705822	0	4.52	0.	38.9437315	-104.8346355
CO	08041003706	2758954	0	1.065	0.	38.9245034	-104.8404743
CO	08041003707	4196077	0	1.62	0.	38.9302434	-104.8769575
CO	08041003708	3161771	0	1.221	0.	38.9084689	-104.8658103
CO	08041003710	2427170	0	0.937	0.	38.9131432	-104.8578497
CO	08041003711	5890217	0	2.274	0.	38.9097589	-104.8405014
CO	08041003712	21784853	128899	8.411	0.05	39.0745651	-104.8815301
CO	08041003713	259083065	1960313	100.033	0.757	39.0428337	-104.9537874
CO	08041003801	26296734	0	10.153	0.	38.9773732	-104.8672358
CO	08041003802	48510326	35008	18.73	0.014	39.0072966	-104.8523026
CO	08041003905	5552590	0	2.144	0.	38.9381578	-104.7917768
CO	08041003906	4907947	0	1.895	0.	38.9517685	-104.7845449
CO	08041003910	469232378	42066	181.172	0.016	39.0263528	-104.2562514
CO	08041003911	352437234	421990	136.077	0.163	39.0797897	-104.3967106
CO	08041003912	9879627	10800	3.815	0.004	38.9648821	-104.5890977
CO	08041003913	43131939	0	16.653	0.	39.0831217	-104.5760931
CO	08041003914	52350052	175232	20.212	0.068	39.0047994	-104.5678377
CO	08041004008	40212609	21258	15.526	0.008	38.802461	-104.708714
CO	08041004009	472433	0	0.182	0.	38.7855834	-104.754013
CO	08041004100	2485191	0	0.96	0.	38.7628249	-104.7470376
CO	08041004200	1965695	0	0.759	0.	38.7572945	-104.7342999
CO	08041004300	6384377	66650	2.465	0.026	38.745317	-104.7142596
CO	08041004402	16031100	0	6.19	0.	38.7427801	-104.7736956
CO	08041004403	319927028	143520	123.525	0.055	38.602988	-104.8118104
CO	08041004404	1569010	0	0.606	0.	38.7292856	-104.7980013
CO	08041004405	4037733	0	1.559	0.	38.7323224	-104.806629
CO	08041004406	2050653	0	0.792	0.	38.7584163	-104.8047308
CO	08041004501	13565108	42902	5.238	0.017	38.7739563	-104.7685202
CO	08041004502	10836500	1100364	4.184	0.425	38.7632595	-104.7158422
CO	08041004506	2683830	12563	1.036	0.005	38.7298858	-104.7149075
CO	08041004507	2248508	0	0.868	0.	38.72103	-104.7101413
CO	08041004512	2475062	0	0.956	0.	38.7047112	-104.703874
CO	08041004513	7147564	15326	2.76	0.006	38.7042342	-104.7160698
CO	08041004514	2928711	0	1.131	0.	38.700516	-104.6877911
CO	08041004515	11208052	0	4.327	0.	38.7067544	-104.6622772
CO	08041004516	96577377	69069	37.289	0.027	38.5831487	-104.7078502
CO	08041004517	70762445	283418	27.322	0.109	38.6359194	-104.647664
CO	08041004518	16880509	38065	6.518	0.015	38.7491088	-104.6640028
CO	08041004519	2518596	0	0.972	0.	38.7168633	-104.6928672
CO	08041004520	872725	0	0.337	0.	38.7297954	-104.6931409
CO	08041004601	185506311	0	71.624	0.	38.8963586	-104.4702457
CO	08041004602	1782997663	200015	688.419	0.077	38.7105177	-104.2840142
CO	08041004603	378760816	0	146.24	0.	38.7678079	-104.5221938
CO	08041004701	2235336	0	0.863	0.	38.9232182	-104.7830597
CO	08041004702	1015060	0	0.392	0.	38.9276429	-104.7637325
CO	08041004703	2330930	0	0.9	0.	38.9205918	-104.7635776
CO	08041004706	2994876	0	1.156	0.	38.9343083	-104.7335635
CO	08041004707	903532	0	0.349	0.	38.9197277	-104.7318168
CO	08041004708	2143714	0	0.828	0.	38.9260728	-104.7359632
CO	08041004800	2386918	0	0.922	0.	38.9098202	-104.7735643
CO	08041004901	1694879	0	0.654	0.	38.9012195	-104.7582853
CO	08041004902	4090323	0	1.579	0.	38.9108254	-104.7470999
CO	08041005000	4962505	8832	1.916	0.003	38.8509467	-104.710936
CO	08041005110	1980690	0	0.765	0.	38.86315	-104.7021716
CO	08041005112	1519328	0	0.587	0.	38.902557	-104.7146373
CO	08041005113	1398111	0	0.54	0.	38.9060955	-104.7029194
CO	08041005114	2430096	0	0.938	0.	38.8458435	-104.6912312
CO	08041005115	3268691	0	1.262	0.	38.8616061	-104.6812378
CO	08041005116	1976000	0	0.763	0.	38.8923288	-104.6916292
CO	08041005117	2603204	0	1.005	0.	38.893912	-104.7055729
CO	08041005118	2889447	0	1.116	0.	38.8775081	-104.7101599
CO	08041005119	3419997	0	1.32	0.	38.8776223	-104.6922441
CO	08041005120	2259185	0	0.872	0.	38.9169468	-104.7085993
CO	08041005121	5063374	0	1.955	0.	38.9316248	-104.7057571
CO	08041005122	36853007	59661	14.229	0.023	38.9065029	-104.6568768
CO	08041005123	95036456	0	36.694	0.	38.8850625	-104.6009097
CO	08041005124	1313720	0	0.507	0.	38.9066124	-104.689277
CO	08041005125	3359506	0	1.297	0.	38.9249369	-104.6885096
CO	08041005201	1627803	29021	0.628	0.011	38.8183449	-104.7733632
CO	08041005202	1018412	0	0.393	0.	38.8202286	-104.7623983
CO	08041005300	1490893	0	0.576	0.	38.8054848	-104.7755214
CO	08041005400	2824053	0	1.09	0.	38.8022313	-104.7640557
CO	08041005501	4051760	0	1.564	0.	38.9054869	-104.728811
CO	08041005502	1850723	0	0.715	0.	38.8900972	-104.7475556
CO	08041005601	1858391	0	0.718	0.	38.8903551	-104.7296387
CO	08041005602	1512449	0	0.584	0.	38.8785774	-104.7260525
CO	08041005700	3146182	0	1.215	0.	38.875909	-104.7472884
CO	08041005800	1390101	0	0.537	0.	38.8812668	-104.7357458
CO	08041005900	6259859	0	2.417	0.	38.8582293	-104.7352322
CO	08041006000	3963049	0	1.53	0.	38.8469704	-104.743464
CO	08041006100	1355660	0	0.523	0.	38.832772	-104.7524816
CO	08041006200	3609651	0	1.394	0.	38.8323139	-104.734629
CO	08041006301	2546042	0	0.983	0.	38.8165162	-104.7360273
CO	08041006302	1712445	0	0.661	0.	38.8191714	-104.7501605
CO	08041006400	3260681	0	1.259	0.	38.8006403	-104.7505121
CO	08041006501	1600530	0	0.618	0.	38.8008375	-104.7374589
CO	08041006502	2591739	0	1.001	0.	38.7866308	-104.7365854
CO	08041006600	2516901	91797	0.972	0.035	38.8687188	-104.8744389
CO	08041006701	6398365	0	2.47	0.	38.8624953	-104.9094818
CO	08041006702	8551123	0	3.302	0.	38.8477257	-104.9159829
CO	08041006801	1907349	0	0.736	0.	38.9370583	-104.7654017
CO	08041006802	2127455	0	0.821	0.	38.9487357	-104.7592223
CO	08041006901	2815765	0	1.087	0.	38.9471933	-104.7309464
CO	08041006902	2469055	0	0.953	0.	38.9444519	-104.7483532
CO	08041007000	5615971	0	2.168	0.	38.975923	-104.7882553
CO	08041007103	2806404	0	1.084	0.	38.9601986	-104.7457998
CO	08041007104	4017115	0	1.551	0.	38.9726454	-104.7649636
CO	08041007105	12266867	15049	4.736	0.006	38.9789446	-104.7284165
CO	08041007106	2888207	0	1.115	0.	38.9660118	-104.7266411
CO	08041007203	5063707	13400	1.955	0.005	39.0472997	-104.8361013
CO	08041007204	9871646	11563	3.811	0.004	39.0399227	-104.8056068
CO	08041007205	8474416	45021	3.272	0.017	39.0048687	-104.8060562
CO	08041007206	8765573	0	3.384	0.	39.0149234	-104.7903251
CO	08041007301	15117748	0	5.837	0.	39.0675193	-104.820522
CO	08041007302	23462456	0	9.059	0.	39.083747	-104.7867073
CO	08041007401	12037336	159993	4.648	0.062	39.1165292	-104.8449149
CO	08041007402	19168825	25575	7.401	0.01	39.1138284	-104.8051268
CO	08041007501	15125569	6845	5.84	0.003	39.0086382	-104.7116425
CO	08041007502	143218566	95881	55.297	0.037	39.0830235	-104.7055989
CO	08041007602	66299182	0	25.598	0.	39.0341474	-104.6531592
CO	08041007603	37416948	14539	14.447	0.006	38.9610839	-104.6369597
CO	08041007604	13007287	33907	5.022	0.013	38.9737172	-104.6853293
CO	08041007700	6052018	0	2.337	0.	38.918766	-104.8029178
CO	08041007801	1221687	0	0.472	0.	38.9033625	-104.7848489
CO	08041007802	3983717	6318	1.538	0.002	38.9024152	-104.8032532
CO	08041007900	6093579	63948	2.353	0.025	38.8852199	-104.8653582
CO	08041008000	2829739	0	1.093	0.	38.887817	-104.841168
CO	08043978100	422215312	1265798	163.018	0.489	38.5277639	-105.0385649
CO	08043978200	40673194	317384	15.704	0.123	38.4142067	-105.1011933
CO	08043978300	205097577	0	79.189	0.	38.5452973	-105.1650507
CO	08043978400	8429059	19992	3.254	0.008	38.440001	-105.1920177
CO	08043978500	22916399	66314	8.848	0.026	38.4859002	-105.240921
CO	08043978600	2435410	0	0.94	0.	38.4457412	-105.237425
CO	08043978800	5143644	0	1.986	0.	38.429714	-105.2410105
CO	08043979001	2142762325	132674	827.325	0.051	38.4660945	-105.6228854
CO	08043979002	471867177	10296	182.189	0.004	38.3599695	-105.4681099
CO	08043979100	16106043	92443	6.219	0.036	38.4179387	-105.1889959
CO	08043979200	252706792	64108	97.571	0.025	38.3477078	-105.2933816
CO	08043979400	365181320	106131	140.997	0.041	38.3175394	-105.1010756
CO	08043980100	739742	0	0.286	0.	38.4408592	-105.2498419
CO	08043980200	2601343	0	1.004	0.	38.3595431	-105.0979639
CO	08043980300	13738323	160404	5.304	0.062	38.4230248	-105.1546412
CO	08045951600	1485108959	8972258	573.404	3.464	39.9574947	-107.1910632
CO	08045951701	13065768	129255	5.045	0.05	39.5296914	-107.3351127
CO	08045951702	11298126	0	4.362	0.	39.5348774	-107.3101964
CO	08045951802	369025269	993927	142.481	0.384	39.4866724	-107.2537325
CO	08045951803	93114232	70340	35.952	0.027	39.4533636	-107.1728606
CO	08045951804	94454975	374263	36.469	0.145	39.38996	-107.2218125
CO	08045951901	375854822	1483439	145.118	0.573	39.4647386	-107.5555836
CO	08045951902	713760598	1346200	275.585	0.52	39.6601966	-107.5101472
CO	08045952001	86825819	814912	33.524	0.315	39.6091111	-107.7314759
CO	08045952003	1057350227	4552841	408.245	1.758	39.6694299	-107.8585608
CO	08045952004	7033574	0	2.716	0.	39.5387276	-107.7776577
CO	08045952100	3326904287	2969806	1284.525	1.147	39.4580099	-108.5643398
CO	08047013801	209603705	813029	80.928	0.314	39.8864568	-105.571055
CO	08047013802	178953043	129027	69.094	0.05	39.8294506	-105.4662781
CO	08049000100	2845207099	20272600	1098.541	7.827	40.096046	-106.2929536
CO	08049000203	104778996	51753	40.455	0.02	39.894998	-105.7398918
CO	08049000204	260570131	37486	100.607	0.014	39.8370654	-105.8543375
CO	08049000205	288866873	134029	111.532	0.052	40.0201859	-105.9675753
CO	08049000206	34564710	20907070	13.346	8.072	40.182676	-105.8388897
CO	08049000207	1248288969	18483145	481.967	7.136	40.0990834	-105.7570366
CO	08051963601	841033395	1194883	324.725	0.461	38.6704993	-107.0568798
CO	08051963602	2426561090	9534513	936.901	3.681	38.6700595	-106.5421857
CO	08051963701	5194595	0	2.006	0.	38.5463262	-106.941557
CO	08051963702	9128981	0	3.525	0.	38.5430003	-106.9185931
CO	08051963800	845104235	774727	326.297	0.299	38.8798621	-106.9330004
CO	08051963900	4262311856	41566875	1645.688	16.049	38.6085672	-107.2476179
CO	08053973100	2893614472	15324685	1117.231	5.917	37.8115187	-107.3839736
CO	08055960600	115785653	479764	44.705	0.185	37.6521532	-104.76524
CO	08055960901	3095878817	4537858	1195.326	1.752	37.7487572	-104.9714073
CO	08055960902	909091835	774479	351.002	0.299	37.4683913	-104.9545734
CO	08057955600	4179530231	18750017	1613.726	7.239	40.6634319	-106.3292476
CO	08059009806	5773352	1243478	2.229	0.48	39.7606044	-105.1586044
CO	08059009807	1744770	9863	0.674	0.004	39.742998	-105.15329
CO	08059009815	5467572	21447	2.111	0.008	39.8511631	-105.1322054
CO	08059009823	1794399	0	0.693	0.	39.8848557	-105.1218737
CO	08059009824	2597279	93009	1.003	0.036	39.8858391	-105.1103974
CO	08059009827	4390342	157332	1.695	0.061	39.8758497	-105.0731784
CO	08059009828	4144384	27084	1.6	0.01	39.8685798	-105.0922816
CO	08059009829	3327645	5024057	1.285	1.94	39.8757097	-105.1214575
CO	08059009830	883433	1425	0.341	0.001	39.8572908	-105.0966498
CO	08059009831	1845115	3625	0.712	0.001	39.8593873	-105.0666228
CO	08059009832	1332724	0	0.515	0.	39.8491051	-105.0579449
CO	08059009833	2536468	183944	0.979	0.071	39.8496497	-105.0721087
CO	08059009834	1842285	0	0.711	0.	39.8506432	-105.0894523
CO	08059009835	1856431	192531	0.717	0.074	39.8473662	-105.1022592
CO	08059009836	6180738	33903	2.386	0.013	39.8360782	-105.1481048
CO	08059009837	21948285	1228891	8.474	0.474	39.8352568	-105.2099205
CO	08059009838	4377641	4772	1.69	0.002	39.8189606	-105.1820401
CO	08059009839	1824597	0	0.704	0.	39.8201265	-105.1584177
CO	08059009840	1914740	7384	0.739	0.003	39.819066	-105.1454495
CO	08059009841	1288574	0	0.498	0.	39.8199033	-105.1331372
CO	08059009842	6544557	216971	2.527	0.084	39.7914636	-105.1821993
CO	08059009845	43102569	20342	16.642	0.008	39.6882508	-105.2547945
CO	08059009846	27531040	36793	10.63	0.014	39.6778288	-105.3328814
CO	08059009847	5019174	33214	1.938	0.013	39.6727134	-105.3508621
CO	08059009848	34314474	29957	13.249	0.012	39.6744441	-105.3852698
CO	08059009850	54879949	179079	21.189	0.069	39.7299526	-105.2977455
CO	08059009851	3539141	438797	1.366	0.169	39.8055122	-105.1534021
CO	08059009852	9445519	162688	3.647	0.063	39.785932	-105.1492101
CO	08059009853	3501267	4849	1.352	0.002	39.8110334	-105.2077043
CO	08059009854	15158176	64490	5.853	0.025	39.7822558	-105.2081255
CO	08059009855	7161158	37762	2.765	0.015	39.7269172	-105.219339
CO	08059009856	3409431	0	1.316	0.	39.7181691	-105.1992855
CO	08059009857	8887800	45571	3.432	0.018	39.7625216	-105.2588673
CO	08059009858	260263632	1209627	100.488	0.467	39.8270131	-105.3192732
CO	08059009901	3794783	74450	1.465	0.029	39.7502202	-105.2192722
CO	08059010001	5074551	5289	1.959	0.002	39.7367913	-105.204241
CO	08059010100	7015433	3054	2.709	0.001	39.7392982	-105.1739401
CO	08059010205	2208316	0	0.853	0.	39.8352346	-105.1176408
CO	08059010206	3225950	44861	1.246	0.017	39.8339198	-105.0920433
CO	08059010208	2987062	251	1.153	0.	39.8287575	-105.0745318
CO	08059010209	2554579	7575	0.986	0.003	39.8339829	-105.0624546
CO	08059010210	2799144	39218	1.081	0.015	39.8232499	-105.1005649
CO	08059010211	1787565	1313	0.69	0.001	39.8164894	-105.0858999
CO	08059010212	2274166	1071	0.878	0.	39.8116877	-105.073766
CO	08059010213	2774094	248	1.071	0.	39.8118857	-105.060253
CO	08059010303	3057933	6262	1.181	0.002	39.8214801	-105.1197694
CO	08059010304	1350995	0	0.522	0.	39.8105424	-105.1064009
CO	08059010305	1661536	0	0.642	0.	39.8061352	-105.0906552
CO	08059010306	1483811	0	0.573	0.	39.807262	-105.1307399
CO	08059010307	1488574	0	0.575	0.	39.8065903	-105.1160821
CO	08059010308	4889865	18359	1.888	0.007	39.7960661	-105.1137379
CO	08059010402	4026522	149839	1.555	0.058	39.7889834	-105.1073582
CO	08059010403	4082985	143983	1.576	0.056	39.7789876	-105.1152296
CO	08059010405	1609580	28397	0.621	0.011	39.7974819	-105.0833343
CO	08059010406	2786524	24471	1.076	0.009	39.7935347	-105.0636021
CO	08059010502	5946655	295053	2.296	0.114	39.7670195	-105.0945738
CO	08059010503	3964477	111273	1.531	0.043	39.767333	-105.1264548
CO	08059010504	2313045	5084	0.893	0.002	39.7581644	-105.1260247
CO	08059010603	1943853	0	0.751	0.	39.7729915	-105.0673281
CO	08059010604	1875430	157267	0.724	0.061	39.7806351	-105.0685379
CO	08059010701	2208517	0	0.853	0.	39.7623151	-105.0734426
CO	08059010702	1669995	26688	0.645	0.01	39.7611899	-105.0595994
CO	08059010801	2081809	246868	0.804	0.095	39.7508948	-105.1265493
CO	08059010901	4540433	617	1.753	0.	39.7317322	-105.1418106
CO	08059010902	2651184	3031	1.024	0.001	39.7313548	-105.1198013
CO	08059011000	3914474	0	1.511	0.	39.7474731	-105.0954668
CO	08059011101	2630152	1607	1.016	0.001	39.7325308	-105.1017729
CO	08059011102	1302907	0	0.503	0.	39.7329155	-105.0861232
CO	08059011202	3896693	12075	1.505	0.005	39.7166303	-105.0954116
CO	08059011300	1284657	0	0.496	0.	39.751215	-105.0626168
CO	08059011401	902512	0	0.348	0.	39.7439608	-105.0596758
CO	08059011402	1709705	0	0.66	0.	39.7466687	-105.0748591
CO	08059011551	2156822	13726	0.833	0.005	39.731455	-105.0706506
CO	08059011552	1703026	308	0.658	0.	39.7339613	-105.0586408
CO	08059011601	1924279	5499	0.743	0.002	39.7207624	-105.0668354
CO	08059011602	1984653	0	0.766	0.	39.7148216	-105.0674029
CO	08059011701	3858316	76726	1.49	0.03	39.7035473	-105.0957219
CO	08059011702	2566570	10206	0.991	0.004	39.6868658	-105.0902335
CO	08059011708	2507799	0	0.968	0.	39.7048451	-105.121157
CO	08059011709	1776073	173084	0.686	0.067	39.6936351	-105.1213495
CO	08059011710	1933466	391216	0.747	0.151	39.6889744	-105.1080644
CO	08059011711	2169927	0	0.838	0.	39.6969608	-105.1362846
CO	08059011712	2427630	0	0.937	0.	39.6855787	-105.1436421
CO	08059011720	15469960	7231	5.973	0.003	39.6949354	-105.173187
CO	08059011721	2543931	3353	0.982	0.001	39.7161105	-105.158491
CO	08059011723	1400256	0	0.541	0.	39.7060466	-105.142307
CO	08059011724	9271465	15500	3.58	0.006	39.6694437	-105.1746097
CO	08059011725	1004142	0	0.388	0.	39.6770634	-105.152028
CO	08059011726	5614859	89831	2.168	0.035	39.6709388	-105.1298174
CO	08059011727	2556004	24337	0.987	0.009	39.6778007	-105.0974921
CO	08059011728	1277508	0	0.493	0.	39.670616	-105.0924488
CO	08059011729	1935776	30745	0.747	0.012	39.6603579	-105.0874291
CO	08059011730	1921566	1258	0.742	0.	39.6618111	-105.1022393
CO	08059011731	13006543	1075643	5.022	0.415	39.6546128	-105.1481369
CO	08059011732	1324834	0	0.512	0.	39.7211174	-105.1420325
CO	08059011733	1092814	34014	0.422	0.013	39.7150847	-105.1407131
CO	08059011803	1928462	0	0.745	0.	39.6930576	-105.067313
CO	08059011804	1916211	33161	0.74	0.013	39.6860178	-105.0676281
CO	08059011806	2955851	0	1.141	0.	39.7032559	-105.0644078
CO	08059011807	580176	9282	0.224	0.004	39.7081402	-105.0759318
CO	08059011808	344124	10126	0.133	0.004	39.7025635	-105.078042
CO	08059011904	2654781	30463	1.025	0.012	39.6490154	-105.0742498
CO	08059011951	2975415	257187	1.149	0.099	39.6732006	-105.0704464
CO	08059012022	5208074	27869	2.011	0.011	39.5868042	-105.1380907
CO	08059012023	2116605	2860	0.817	0.001	39.5854129	-105.0984554
CO	08059012024	8041712	21600	3.105	0.008	39.5695879	-105.1262658
CO	08059012026	23130932	16502	8.931	0.006	39.6134723	-105.2997029
CO	08059012027	54877925	33438	21.188	0.013	39.6298811	-105.247461
CO	08059012030	34181557	196689	13.198	0.076	39.6124428	-105.3560884
CO	08059012031	47969560	53910	18.521	0.021	39.5742729	-105.3569018
CO	08059012032	31154323	51509	12.029	0.02	39.5730872	-105.2753511
CO	08059012033	56553796	69573	21.836	0.027	39.5316599	-105.2372056
CO	08059012034	22261041	79258	8.595	0.031	39.6090939	-105.2055347
CO	08059012035	29664576	245391	11.454	0.095	39.5600616	-105.189124
CO	08059012036	146553912	3463095	56.585	1.337	39.4943089	-105.1282461
CO	08059012037	40131436	43595	15.495	0.017	39.5085205	-105.3734198
CO	08059012038	3269866	780	1.263	0.	39.6323926	-105.1563596
CO	08059012039	2535610	0	0.979	0.	39.6321214	-105.1363468
CO	08059012041	3137228	196477	1.211	0.076	39.6329791	-105.1134778
CO	08059012042	2546429	39974	0.983	0.015	39.6178994	-105.1191483
CO	08059012043	4733372	298038	1.828	0.115	39.6158462	-105.1450331
CO	08059012044	4055873	215563	1.566	0.083	39.598562	-105.1349138
CO	08059012045	2914554	19860	1.125	0.008	39.602518	-105.1222665
CO	08059012046	1374701	4303	0.531	0.002	39.6068278	-105.101052
CO	08059012047	1733094	2002	0.669	0.001	39.5971331	-105.1017088
CO	08059012048	2362001	243010	0.912	0.094	39.6029966	-105.0814174
CO	08059012049	2631281	0	1.016	0.	39.6025026	-105.063165
CO	08059012050	3452821	669921	1.333	0.259	39.6202786	-105.0787282
CO	08059012051	2611930	0	1.008	0.	39.5879739	-105.0633076
CO	08059012052	2433626	2126	0.94	0.001	39.5880202	-105.0815406
CO	08059012053	2457715	85176	0.949	0.033	39.5737532	-105.0625464
CO	08059012054	2349225	0	0.907	0.	39.6170527	-105.1012684
CO	08059012055	2465634	0	0.952	0.	39.5695933	-105.0780224
CO	08059012057	3827568	16694	1.478	0.006	39.5596074	-105.0979577
CO	08059012058	577215556	3916910	222.864	1.512	39.2998562	-105.2991401
CO	08059012059	1946650	0	0.752	0.	39.573812	-105.0912513
CO	08059012060	1218297	3757	0.47	0.001	39.5720066	-105.1021419
CO	08059015800	2309711	737	0.892	0.	39.7428766	-105.1265106
CO	08059015900	5319422	171036	2.054	0.066	39.6459452	-105.0998346
CO	08059060300	1846531	0	0.713	0.	39.905502	-105.0609214
CO	08059060400	5231316	25393	2.02	0.01	39.8856275	-105.0555775
CO	08059060501	28136252	103476	10.863	0.04	39.8828947	-105.1551684
CO	08059980000	2859291	24245	1.104	0.009	39.7173809	-105.1202752
CO	08059980400	801490	0	0.309	0.	39.6417085	-105.1033572
CO	08059980700	31159309	306433	12.031	0.118	39.8935884	-105.2002605
CO	08059980800	4579309	6171	1.768	0.002	39.7591605	-105.1967474
CO	08061960100	4578603586	47032918	1767.809	18.16	38.387663	-102.7568494
CO	08063962100	1909599564	889659	737.301	0.343	39.3072974	-102.2113119
CO	08063962400	3686902386	1362270	1423.521	0.526	39.3078361	-102.7664071
CO	08065961701	9087744	0	3.509	0.	39.2593522	-106.3155454
CO	08065961702	30868001	13043	11.918	0.005	39.2157978	-106.3295815
CO	08065961900	936260119	18098522	361.492	6.988	39.2053405	-106.350079
CO	08067940300	527907353	185212	203.826	0.072	37.1016255	-107.6011509
CO	08067940400	1250531908	881110	482.833	0.34	37.1279198	-107.9882241
CO	08067970601	205239977	0	79.244	0.	37.2788093	-107.6899498
CO	08067970602	523098085	11153860	201.969	4.307	37.3388218	-107.5634436
CO	08067970701	889876658	6224840	343.583	2.403	37.3687763	-108.011827
CO	08067970703	147267091	17910	56.86	0.007	37.2998778	-107.8123854
CO	08067970705	223422542	14407	86.264	0.006	37.5515051	-107.8803145
CO	08067970706	560111634	7020788	216.26	2.711	37.5108975	-107.7025498
CO	08067970800	11279559	85392	4.355	0.033	37.2915383	-107.8509993
CO	08067970900	8345721	0	3.222	0.	37.3003723	-107.8936415
CO	08067971000	5182392	0	2.001	0.	37.2868287	-107.889261
CO	08067971100	23992351	59060	9.263	0.023	37.2554292	-107.8890742
CO	08069000100	1844767	13645	0.712	0.005	40.586304	-105.0765889
CO	08069000201	983869	0	0.38	0.	40.5821488	-105.0896763
CO	08069000202	1928956	65690	0.745	0.025	40.5942544	-105.0880612
CO	08069000300	7089399	392197	2.737	0.151	40.6038165	-105.1212844
CO	08069000401	1312162	0	0.507	0.	40.5927892	-105.1052454
CO	08069000402	2551327	59912	0.985	0.023	40.5852317	-105.1125254
CO	08069000503	1292450	0	0.499	0.	40.578206	-105.1055271
CO	08069000504	1296198	4385	0.5	0.002	40.572537	-105.1054648
CO	08069000505	1271565	0	0.491	0.	40.5784812	-105.12438
CO	08069000506	1277425	0	0.493	0.	40.5712586	-105.1244844
CO	08069000600	1968757	0	0.76	0.	40.5726472	-105.0864455
CO	08069000700	1299915	0	0.502	0.	40.5739459	-105.0715442
CO	08069000801	1100303	0	0.425	0.	40.5737317	-105.0624869
CO	08069000802	1041868	0	0.402	0.	40.5710762	-105.051651
CO	08069000901	2943201	5979	1.136	0.002	40.559882	-105.0684293
CO	08069000902	1938651	93838	0.749	0.036	40.5600799	-105.0505446
CO	08069001003	3034769	0	1.172	0.	40.5452756	-105.0691391
CO	08069001004	1840158	147723	0.71	0.057	40.5459508	-105.0460288
CO	08069001007	2801525	631039	1.082	0.244	40.531144	-105.0671795
CO	08069001008	1639786	23968	0.633	0.009	40.5329657	-105.0473063
CO	08069001009	6896869	94235	2.663	0.036	40.5075808	-105.0695427
CO	08069001010	2878020	21881	1.111	0.008	40.5102663	-105.0521344
CO	08069001104	2649275	0	1.023	0.	40.5601586	-105.1246046
CO	08069001106	2160271	5347	0.834	0.002	40.5444283	-105.0893678
CO	08069001107	2609924	0	1.008	0.	40.5454851	-105.1056315
CO	08069001109	2109200	6545	0.814	0.003	40.5316089	-105.0870066
CO	08069001110	2597969	17924	1.003	0.007	40.5600042	-105.1059008
CO	08069001111	2246156	8083	0.867	0.003	40.5601466	-105.0882201
CO	08069001112	6524652	215973	2.519	0.083	40.5433511	-105.1328478
CO	08069001113	2608267	0	1.007	0.	40.5308935	-105.105647
CO	08069001114	8587935	35603	3.316	0.014	40.5088682	-105.1010986
CO	08069001301	51008747	4235878	19.695	1.635	40.6509308	-105.1260354
CO	08069001304	3896642	128988	1.505	0.05	40.6116733	-105.0882293
CO	08069001305	2849150	18378	1.1	0.007	40.6056315	-105.064927
CO	08069001306	9375409	181838	3.62	0.07	40.5892301	-105.0356261
CO	08069001307	9070101	524241	3.502	0.202	40.6065399	-105.0336788
CO	08069001308	27155807	4032715	10.485	1.557	40.6355451	-105.0468258
CO	08069001601	5845339	734295	2.257	0.284	40.571894	-105.0230154
CO	08069001602	3038150	10095	1.173	0.004	40.5448602	-105.0321036
CO	08069001603	3203405	1363	1.237	0.001	40.5310012	-105.0315956
CO	08069001605	15501383	900075	5.985	0.348	40.5418247	-105.016006
CO	08069001606	3279554	14716	1.266	0.006	40.5007573	-105.0427396
CO	08069001607	2534664	0	0.979	0.	40.5161259	-105.0297205
CO	08069001608	15849949	3240638	6.12	1.251	40.4823495	-105.0093424
CO	08069001706	4776496	726252	1.844	0.28	40.4167622	-105.0557281
CO	08069001707	3381158	6728	1.305	0.003	40.4339484	-105.0712363
CO	08069001708	3931804	222039	1.518	0.086	40.48634	-105.0624151
CO	08069001710	4600559	72598	1.776	0.028	40.3916534	-105.0519263
CO	08069001711	3913387	0	1.511	0.	40.4030934	-105.0491112
CO	08069001712	14182686	6518347	5.476	2.517	40.457521	-105.0507607
CO	08069001713	54502281	1738221	21.043	0.671	40.3719429	-105.0062466
CO	08069001714	31368529	207017	12.111	0.08	40.4229075	-104.9741537
CO	08069001715	20403916	3419371	7.878	1.32	40.4319549	-105.013082
CO	08069001804	3089345	1814971	1.193	0.701	40.4189825	-105.0867756
CO	08069001807	3799377	25213	1.467	0.01	40.4409499	-105.0870265
CO	08069001808	45004518	756691	17.376	0.292	40.431586	-105.2017124
CO	08069001810	3886711	4145	1.501	0.002	40.4415369	-105.105757
CO	08069001811	2445454	18250	0.944	0.007	40.4234881	-105.1130254
CO	08069001812	76075407	108731	29.373	0.042	40.4692986	-105.1519041
CO	08069001813	15561088	83664	6.008	0.032	40.4717875	-105.0958762
CO	08069001901	4339466	412467	1.675	0.159	40.3996463	-105.1045085
CO	08069001902	3082484	254032	1.19	0.098	40.4126599	-105.1099852
CO	08069001904	457393533	397348	176.601	0.153	40.449117	-105.3560313
CO	08069001905	218255568	476626	84.269	0.184	40.3044123	-105.3613586
CO	08069002005	2582687	4105	0.997	0.002	40.3845931	-105.1058613
CO	08069002007	4772230	462880	1.843	0.179	40.389689	-105.0875
CO	08069002008	3240035	31630	1.251	0.012	40.3701573	-105.08268
CO	08069002010	24121105	2295341	9.313	0.886	40.3627219	-105.1766077
CO	08069002011	14825277	893688	5.724	0.345	40.3608613	-105.1081797
CO	08069002300	101117992	8287415	39.042	3.2	40.584362	-105.1908619
CO	08069002401	1033161618	3683425	398.906	1.422	40.8700325	-105.5507838
CO	08069002403	2154806216	9453742	831.975	3.65	40.7283949	-105.6905038
CO	08069002404	279597681	375325	107.953	0.145	40.7398446	-105.4161432
CO	08069002503	829801864	8006144	320.388	3.091	40.8777039	-105.1314032
CO	08069002504	34931623	4070444	13.487	1.572	40.6203733	-104.9699431
CO	08069002505	22852093	1050025	8.823	0.405	40.4975445	-104.9730804
CO	08069002506	26606353	3044882	10.273	1.176	40.5600276	-104.9656756
CO	08069002507	87300082	7511517	33.707	2.9	40.7320415	-105.0104384
CO	08069002508	36876387	2066518	14.238	0.798	40.6734116	-104.9956312
CO	08069002601	75392161	5201051	29.109	2.008	40.3145461	-105.2009075
CO	08069002602	62067332	5354899	23.964	2.068	40.2994512	-105.1185525
CO	08069002700	13403936	425634	5.175	0.164	40.3077822	-105.0792047
CO	08069002801	28293302	666968	10.924	0.258	40.3876853	-105.5093504
CO	08069002803	570731217	2672154	220.361	1.032	40.4641748	-105.6269883
CO	08069002804	93509201	333201	36.104	0.129	40.2903521	-105.5014081
CO	08069002805	14034715	25003	5.419	0.01	40.3591491	-105.5296167
CO	08071000100	800423489	102855	309.045	0.04	37.3139872	-104.7239281
CO	08071000200	4015747	0	1.55	0.	37.175623	-104.523263
CO	08071000300	1634036027	6221750	630.905	2.402	37.1079319	-104.9553711
CO	08071000400	101329767	0	39.124	0.	37.0735804	-104.4812022
CO	08071000500	72670447	0	28.058	0.	37.1265845	-104.4306186
CO	08071000800	9749377171	605365	3764.256	0.234	37.3781338	-103.8154592
CO	08073961700	939720699	3683439	362.828	1.422	39.3429379	-103.5935292
CO	08073961800	5736568851	19096919	2214.902	7.373	38.9629061	-103.530972
CO	08075965900	1425417778	3036714	550.357	1.172	40.9256808	-103.0746508
CO	08075966000	1350635549	13326321	521.483	5.145	40.6699906	-103.3877547
CO	08075966101	62856470	0	24.269	0.	40.6376953	-103.2679005
CO	08075966102	15096423	0	5.829	0.	40.6565379	-103.197667
CO	08075966200	20766041	0	8.018	0.	40.6657424	-103.1642145
CO	08075966300	42113686	0	16.26	0.	40.5887953	-103.2524081
CO	08075966400	1845063560	518	712.383	0.	40.6184514	-102.9030577
CO	08077000200	1077776	0	0.416	0.	39.0708988	-108.5567299
CO	08077000300	1443990	0	0.558	0.	39.0715582	-108.5670101
CO	08077000400	3556135	7826	1.373	0.003	39.0850987	-108.5742215
CO	08077000500	1210672	0	0.467	0.	39.084672	-108.55673
CO	08077000601	2565481	0	0.991	0.	39.0882265	-108.5338129
CO	08077000602	2594136	0	1.002	0.	39.081003	-108.5337314
CO	08077000700	3502729	0	1.352	0.	39.0730068	-108.5338176
CO	08077000801	11807808	239307	4.559	0.092	39.0574448	-108.5191698
CO	08077000802	4059884	71848	1.568	0.028	39.0678291	-108.4886467
CO	08077000900	16764093	1360729	6.473	0.525	39.1013837	-108.6167119
CO	08077001001	5368421	0	2.073	0.	39.0994362	-108.5338394
CO	08077001002	9002431	12515	3.476	0.005	39.1014606	-108.5683448
CO	08077001102	4494616	0	1.735	0.	39.0920908	-108.4880932
CO	08077001103	2862863	0	1.105	0.	39.0998401	-108.5057401
CO	08077001104	2588076	0	0.999	0.	39.0845763	-108.5058931
CO	08077001200	32516338	1028357	12.555	0.397	39.0582391	-108.4430712
CO	08077001302	7416942	100491	2.864	0.039	39.03682	-108.5075729
CO	08077001303	5782941	206969	2.233	0.08	39.0382834	-108.5534723
CO	08077001304	3932695	229318	1.518	0.089	39.046431	-108.5434163
CO	08077001402	24014142	970294	9.272	0.375	39.1009868	-108.6776655
CO	08077001403	8899172	842121	3.436	0.325	39.0713678	-108.6074616
CO	08077001404	16193149	0	6.252	0.	39.0605824	-108.63805
CO	08077001502	997948183	5093294	385.31	1.967	39.2562747	-108.804377
CO	08077001503	5887740	0	2.273	0.	39.1710227	-108.7230179
CO	08077001504	12664343	875290	4.89	0.338	39.150114	-108.7240615
CO	08077001600	113708378	0	43.903	0.	39.1535661	-108.5326918
CO	08077001702	51765528	370942	19.987	0.143	39.1310637	-108.4346131
CO	08077001703	5063097	0	1.955	0.	39.0950291	-108.4660855
CO	08077001705	6751055	0	2.607	0.	39.0908573	-108.4410966
CO	08077001706	5356342	107272	2.068	0.041	39.064348	-108.4473051
CO	08077001707	4861454	56873	1.877	0.022	39.0711177	-108.4685443
CO	08077001800	2970587272	11931145	1146.95	4.607	39.201675	-108.0249391
CO	08077001900	4275100180	8487119	1650.625	3.277	38.8197136	-108.6995804
CO	08079973600	2268209075	5222161	875.76	2.016	37.5490672	-107.003236
CO	08081000300	420740763	1773556	162.449	0.685	40.5644916	-107.4825927
CO	08081000400	7422349	0	2.866	0.	40.522931	-107.5645542
CO	08081000500	9507070	0	3.671	0.	40.5227088	-107.538667
CO	08081000600	11847273640	18029855	4574.258	6.961	40.661904	-108.204535
CO	08083941100	1799391502	347405	694.749	0.134	37.1461289	-108.6129503
CO	08083969000	931828384	16185569	359.781	6.249	37.5546706	-108.3195811
CO	08083969100	839020395	3146486	323.948	1.215	37.3552575	-108.2992999
CO	08083969200	1294374552	6409749	499.761	2.475	37.4712506	-108.8049803
CO	08083969301	37654468	42236	14.538	0.016	37.3773865	-108.6009039
CO	08083969302	20823755	60460	8.04	0.023	37.3784257	-108.5638393
CO	08083969400	8784653	70393	3.392	0.027	37.3384153	-108.5726543
CO	08083969600	324112309	945897	125.14	0.365	37.3316599	-108.5687651
CO	08085966100	2875032904	682240	1110.056	0.263	38.2906092	-108.6270409
CO	08085966201	971891367	450242	375.249	0.174	38.5334305	-108.2464022
CO	08085966202	653000121	2451952	252.125	0.947	38.5946302	-107.7398148
CO	08085966301	1853732	0	0.716	0.	38.4795208	-107.868538
CO	08085966302	9559877	0	3.691	0.	38.4938953	-107.8831235
CO	08085966401	2253020	0	0.87	0.	38.4613136	-107.8566718
CO	08085966402	5467052	0	2.111	0.	38.4725234	-107.8605848
CO	08085966501	606965729	1278814	234.351	0.494	38.4425855	-107.6997914
CO	08085966502	7881738	0	3.043	0.	38.4701984	-107.8368284
CO	08085966503	73359608	0	28.324	0.	38.5156793	-107.8245038
CO	08085966601	16902955	0	6.526	0.	38.4543939	-107.8880858
CO	08085966602	579855457	60012	223.883	0.023	38.4307037	-108.0136069
CO	08087000100	1323262587	17577609	510.915	6.787	40.4103163	-103.8140035
CO	08087000200	750564293	14887388	289.795	5.748	40.1694906	-104.0293307
CO	08087000300	41129336	1664753	15.88	0.643	40.2757054	-103.8845326
CO	08087000400	3299283	0	1.274	0.	40.2579191	-103.7963301
CO	08087000500	3554272	0	1.372	0.	40.2503688	-103.8038979
CO	08087000600	293167992	111988	113.193	0.043	40.165309	-103.8707355
CO	08087000700	27487876	107346	10.613	0.041	40.2500032	-103.6361538
CO	08087000800	873975850	314014	337.444	0.121	40.1541924	-103.6512305
CO	08089968000	44653977	715252	17.241	0.276	38.1180617	-104.0109636
CO	08089968100	33642604	2751591	12.989	1.062	38.1081102	-103.7372363
CO	08089968200	133548708	1252090	51.563	0.483	38.0228708	-103.7306921
CO	08089968300	97470967	588383	37.634	0.227	37.9744879	-103.5931653
CO	08089968400	2480675419	3465129	957.794	1.338	37.8500251	-103.749161
CO	08089968500	473349223	11248755	182.761	4.343	38.1163443	-103.5137756
CO	08089968600	5083410	71355	1.963	0.028	37.9814479	-103.5400401
CO	08091967601	403388409	64618	155.749	0.025	38.2686054	-107.9044119
CO	08091967602	996944214	3921674	384.922	1.514	38.1235121	-107.7003856
CO	08093000101	385270376	493456	148.754	0.191	39.5056713	-105.6613297
CO	08093000102	109229265	150027	42.174	0.058	39.4886923	-105.4473692
CO	08093000200	435352548	307220	168.091	0.119	39.3724165	-105.5000699
CO	08093000300	282700245	1212542	109.151	0.468	39.262142	-106.0641967
CO	08093000400	2394333385	14997447	924.457	5.791	39.1743767	-105.8016486
CO	08093000500	2074279783	26358637	800.884	10.177	38.8812413	-105.6157563
CO	08095967600	981425679	258511	378.931	0.1	40.5902559	-102.2201088
CO	08095967700	800299298	43297	308.997	0.017	40.5918506	-102.5226695
CO	08097000101	259654434	521936	100.253	0.202	39.1743163	-106.9530059
CO	08097000102	952084560	1146585	367.602	0.443	39.2460271	-107.1629123
CO	08097000402	88332901	0	34.106	0.	39.0940823	-106.8862934
CO	08097000403	21420614	0	8.271	0.	39.2123633	-106.8227643
CO	08097000404	4091913	0	1.58	0.	39.2013515	-106.8367005
CO	08097000500	1188520481	4804056	458.89	1.855	39.217614	-106.6821442
CO	08099000100	409873957	2217570	158.253	0.856	38.1798595	-102.6048147
CO	08099000200	6062562	171463	2.341	0.066	38.0969763	-102.6195588
CO	08099000300	5752896	0	2.221	0.	38.0742864	-102.6182428
CO	08099000600	1266298814	4785087	488.921	1.848	37.9612659	-102.1449176
CO	08099000700	2555466583	8145734	986.671	3.145	37.9120076	-102.4817982
CO	08101000100	3436482	4876	1.327	0.002	38.3050168	-104.6332234
CO	08101000200	2965767	189960	1.145	0.073	38.2828389	-104.637124
CO	08101000300	1250491	0	0.483	0.	38.2863382	-104.6295838
CO	08101000400	1666011	0	0.643	0.	38.2920568	-104.6234417
CO	08101000500	3534018	19348	1.364	0.007	38.2953445	-104.6109375
CO	08101000600	904265	0	0.349	0.	38.2798035	-104.6183713
CO	08101000800	2083698	33230	0.805	0.013	38.2785522	-104.5962586
CO	08101000902	3671488	0	1.418	0.	38.291888	-104.5781032
CO	08101000903	1517093	0	0.586	0.	38.3080395	-104.5763649
CO	08101000904	2489543	0	0.961	0.	38.297648	-104.5935598
CO	08101000905	704622	0	0.272	0.	38.3048546	-104.5969244
CO	08101001000	2001270	0	0.773	0.	38.2800381	-104.5782574
CO	08101001100	1395413	0	0.539	0.	38.2731433	-104.576463
CO	08101001200	2664051	29704	1.029	0.011	38.26505	-104.5837283
CO	08101001400	1058791	60133	0.409	0.023	38.2631617	-104.6221878
CO	08101001500	1287594	0	0.497	0.	38.2620736	-104.6318003
CO	08101001600	2522133	169927	0.974	0.066	38.2659163	-104.6495333
CO	08101001700	3118760	0	1.204	0.	38.2492761	-104.6537706
CO	08101001800	1121739	0	0.433	0.	38.2558849	-104.6381485
CO	08101001900	931265	0	0.36	0.	38.2546787	-104.6229305
CO	08101002000	2331545	29982	0.9	0.012	38.2490839	-104.6085365
CO	08101002100	782634	0	0.302	0.	38.2423764	-104.6175057
CO	08101002200	795057	0	0.307	0.	38.2313536	-104.615776
CO	08101002300	2998328	560090	1.158	0.216	38.2334541	-104.6352496
CO	08101002400	850661	0	0.328	0.	38.2377686	-104.6310602
CO	08101002500	1200284	0	0.463	0.	38.2458524	-104.6288887
CO	08101002600	2345469	0	0.906	0.	38.238308	-104.6414277
CO	08101002700	2823038	0	1.09	0.	38.2308357	-104.6525367
CO	08101002801	2170771	0	0.838	0.	38.2226969	-104.6592836
CO	08101002802	4055142	66834	1.566	0.026	38.2594133	-104.6729809
CO	08101002804	732389054	1093320	282.777	0.422	37.9749862	-104.7952537
CO	08101002806	875171456	9381559	337.906	3.622	38.1786934	-104.8461838
CO	08101002807	3167888	0	1.223	0.	38.2367867	-104.6730755
CO	08101002808	6494678	0	2.508	0.	38.2127221	-104.6763473
CO	08101002901	9620849	102233	3.715	0.039	38.2869501	-104.6593515
CO	08101002906	71812559	477090	27.727	0.184	38.3453572	-104.8701281
CO	08101002911	17901945	1622988	6.912	0.627	38.3012646	-104.7922667
CO	08101002912	3889952	8441	1.502	0.003	38.3223401	-104.7154064
CO	08101002913	4926628	17454	1.902	0.007	38.3275175	-104.7593748
CO	08101002914	5191141	1697	2.004	0.001	38.3154641	-104.7282115
CO	08101002915	2870175	0	1.108	0.	38.3106291	-104.7580094
CO	08101002916	2493098	0	0.963	0.	38.3057148	-104.7335877
CO	08101002917	41838272	3022078	16.154	1.167	38.2876786	-104.7262689
CO	08101002919	3550321	0	1.371	0.	38.3152749	-104.629779
CO	08101002920	22872896	29217	8.831	0.011	38.3532956	-104.6329545
CO	08101002921	35212114	71028	13.595	0.027	38.3513195	-104.6615195
CO	08101002922	169074618	258425	65.28	0.1	38.4576438	-104.6660524
CO	08101002923	161978347	125519	62.54	0.048	38.3858089	-104.7958817
CO	08101003001	13569808	444276	5.239	0.172	38.2667326	-104.5213018
CO	08101003004	10545965	0	4.072	0.	38.3195535	-104.5820909
CO	08101003103	12757672	582256	4.926	0.225	38.2430743	-104.5722952
CO	08101003104	7071771	27241	2.73	0.011	38.2410845	-104.5487987
CO	08101003105	15643756	314350	6.04	0.121	38.246789	-104.5106684
CO	08101003106	38223701	273469	14.758	0.106	38.2064543	-104.5807167
CO	08101003200	2149111912	5615546	829.777	2.168	38.0333213	-104.3361397
CO	08101003500	4992734	337815	1.928	0.13	38.2663099	-104.6083782
CO	08101003600	1505604534	3290282	581.317	1.27	38.3778874	-104.2911153
CO	08101980100	192587565	680881	74.358	0.263	38.4666411	-104.8485045
CO	08103951100	5156134112	4833853	1990.795	1.866	39.9734231	-107.9122899
CO	08103951200	3186140902	34258	1230.176	0.013	39.9402205	-108.6653685
CO	08105976700	45744599	49333	17.662	0.019	37.5837695	-106.1509088
CO	08105976800	10867688	13585	4.196	0.005	37.6748574	-106.3741193
CO	08105977001	1758619457	422972	679.007	0.163	37.4858534	-106.453128
CO	08105977002	546724339	498405	211.091	0.192	37.6170488	-106.1384912
CO	08107000100	2826474165	7603611	1091.308	2.936	40.6901258	-107.0120224
CO	08107000200	32768479	18884	12.652	0.007	40.4775173	-107.2451172
CO	08107000300	1314158183	1070789	507.399	0.413	40.3585588	-107.1531198
CO	08107000400	100176043	14499	38.678	0.006	40.5043596	-106.9413569
CO	08107000500	110251037	52795	42.568	0.02	40.4347424	-106.8771539
CO	08107000600	82751567	369369	31.951	0.143	40.5029771	-106.7542996
CO	08107000701	3620712	18908	1.398	0.007	40.4613338	-106.8098539
CO	08107000702	750153	0	0.29	0.	40.4467883	-106.8048425
CO	08107000703	147313398	240025	56.878	0.093	40.4399782	-106.7296763
CO	08107000800	1499339067	6442864	578.898	2.488	40.1220219	-106.8436992
CO	08109977600	7205986179	4314125	2782.247	1.666	38.1324118	-106.2972506
CO	08109977700	1000561521	140385	386.319	0.054	37.8576198	-106.3582168
CO	08111972600	1003660671	2035929	387.516	0.786	37.7810492	-107.6702567
CO	08113968101	53656665	288172	20.717	0.111	37.9013629	-107.7871913
CO	08113968102	43732055	106598	16.885	0.041	37.9080027	-107.8594797
CO	08113968103	827899561	991507	319.654	0.383	37.9622487	-107.9945187
CO	08113968200	2407314315	3821305	929.469	1.475	38.0024365	-108.6004385
CO	08115968300	1419419015	3530746	548.041	1.363	40.8715679	-102.3553579
CO	08117000101	3946132	0	1.524	0.	39.6241176	-106.0931355
CO	08117000102	69955582	233023	27.01	0.09	39.6718296	-105.9983314
CO	08117000103	636287820	10249271	245.672	3.957	39.7466315	-106.2705296
CO	08117000201	234772875	99551	90.646	0.038	39.6034923	-105.9073845
CO	08117000202	1979142	0	0.764	0.	39.6368465	-106.0436144
CO	08117000203	32711600	6684033	12.63	2.581	39.5731072	-106.015467
CO	08117000301	10689411	6472685	4.127	2.499	39.5917065	-106.0681408
CO	08117000302	259716893	3867315	100.277	1.493	39.4750498	-106.2020714
CO	08117000403	92156188	447196	35.582	0.173	39.4026883	-106.0957457
CO	08117000404	107836454	0	41.636	0.	39.5138751	-105.9594436
CO	08117000405	66929049	257862	25.841	0.1	39.45265	-105.972888
CO	08117000406	58582072	0	22.619	0.	39.5097786	-106.0760143
CO	08119010104	12957878	1969	5.003	0.001	38.9705102	-105.0587083
CO	08119010107	9779592	0	3.776	0.	38.9948487	-105.0390705
CO	08119010108	25030759	0	9.664	0.	39.0236357	-105.0639098
CO	08119010109	96409420	3050	37.224	0.001	38.8949197	-105.2823829
CO	08119010110	238950486	2026829	92.259	0.783	38.8916257	-105.1278176
CO	08119010111	383199955	238558	147.954	0.092	39.0466722	-105.1897136
CO	08119010112	95029682	0	36.691	0.	38.9706166	-105.2427587
CO	08119010203	581630404	2689791	224.569	1.039	38.7374079	-105.1421148
CO	08121924100	4629972028	6913167	1787.642	2.669	39.8725436	-103.1535534
CO	08121924200	1891834769	8294230	730.442	3.202	40.1924453	-103.2647949
CO	08123000100	1491496	0	0.576	0.	40.4222993	-104.6919322
CO	08123000200	889467	0	0.343	0.	40.4097833	-104.6902228
CO	08123000300	627761	0	0.242	0.	40.4027748	-104.7016135
CO	08123000401	1799042	11169	0.695	0.004	40.4093169	-104.7080594
CO	08123000402	1636432	0	0.632	0.	40.4182521	-104.7061518
CO	08123000501	984955	0	0.38	0.	40.4323195	-104.7092434
CO	08123000502	1355032	0	0.523	0.	40.4266675	-104.7046709
CO	08123000600	4736003	93911	1.829	0.036	40.443058	-104.7043493
CO	08123000701	3275606	0	1.265	0.	40.4257383	-104.6839281
CO	08123000703	5451124	67930	2.105	0.026	40.4028625	-104.6615678
CO	08123000704	1727367	164823	0.667	0.064	40.3855839	-104.6715288
CO	08123000705	85571644	3559448	33.039	1.374	40.3951981	-104.6256426
CO	08123000800	1824013	0	0.704	0.	40.3991364	-104.6900432
CO	08123000900	1494108	0	0.577	0.	40.3963791	-104.7068242
CO	08123001003	1247004	0	0.481	0.	40.3885518	-104.7067031
CO	08123001004	4357762	64657	1.683	0.025	40.3813517	-104.6861401
CO	08123001005	8037168	152578	3.103	0.059	40.3726659	-104.7223
CO	08123001006	2788774	0	1.077	0.	40.3774979	-104.7056307
CO	08123001100	2518217	34423	0.972	0.013	40.3989779	-104.726111
CO	08123001201	1503898	0	0.581	0.	40.418756	-104.725427
CO	08123001202	1474996	2387	0.569	0.001	40.4112297	-104.7242951
CO	08123001300	4724168	70184	1.824	0.027	40.4347086	-104.7269862
CO	08123001404	17751245	178918	6.854	0.069	40.3678119	-104.773927
CO	08123001405	3847538	0	1.486	0.	40.3815484	-104.7612247
CO	08123001406	7357210	0	2.841	0.	40.3876113	-104.783471
CO	08123001407	4039392	0	1.56	0.	40.4007214	-104.7945307
CO	08123001408	3247725	0	1.254	0.	40.3988473	-104.7683556
CO	08123001409	2872639	0	1.109	0.	40.3995172	-104.7457128
CO	08123001410	3075777	0	1.188	0.	40.4143845	-104.7455235
CO	08123001411	2575103	0	0.994	0.	40.4141393	-104.765725
CO	08123001412	5245954	0	2.025	0.	40.4140966	-104.7943143
CO	08123001413	1419325	0	0.548	0.	40.4257039	-104.7454963
CO	08123001414	1404381	0	0.542	0.	40.4253305	-104.7653506
CO	08123001415	2213519	0	0.855	0.	40.4352831	-104.761177
CO	08123001416	15337841	411544	5.922	0.159	40.4390844	-104.77776
CO	08123001417	1772911	19098	0.685	0.007	40.4322991	-104.7445787
CO	08123001500	169556192	1261313	65.466	0.487	40.5002661	-104.6925997
CO	08123001600	240893607	2007866	93.01	0.775	40.3888036	-104.5351781
CO	08123001700	170058773	1554689	65.66	0.6	40.2977825	-104.7252027
CO	08123001800	323122251	8774890	124.758	3.388	40.2047346	-104.7452989
CO	08123001905	7053458	0	2.723	0.	40.0875352	-104.796736
CO	08123001906	44362191	341699	17.128	0.132	40.1291647	-104.8237221
CO	08123001909	33871597	249376	13.078	0.096	40.0336024	-104.8575105
CO	08123001910	42563720	331618	16.434	0.128	40.0879361	-104.8437548
CO	08123001911	32981039	235511	12.734	0.091	40.0258281	-104.7835375
CO	08123001912	17442765	64389	6.735	0.025	40.0729015	-104.7885056
CO	08123001913	31968948	58332	12.343	0.023	40.0371911	-104.7257249
CO	08123001914	121425672	379269	46.883	0.146	40.1094807	-104.6878
CO	08123002004	10186114	0	3.933	0.	40.0802268	-104.9419339
CO	08123002005	18421979	16325	7.113	0.006	40.0416936	-104.9579437
CO	08123002006	39773849	162894	15.357	0.063	40.0353669	-104.9127103
CO	08123002007	11201741	9385	4.325	0.004	40.0366515	-105.0445976
CO	08123002008	3859565	0	1.49	0.	40.0075687	-105.0226373
CO	08123002009	42751756	5459	16.507	0.002	40.0509093	-105.0062175
CO	08123002010	40459227	608590	15.621	0.235	40.1186141	-105.0306935
CO	08123002011	3849429	15862	1.486	0.006	40.0943673	-104.9967345
CO	08123002012	8104731	0	3.129	0.	40.109416	-104.9707415
CO	08123002013	7795512	189947	3.01	0.073	40.1058001	-104.9532371
CO	08123002014	2352122	0	0.908	0.	40.0951205	-104.9326915
CO	08123002015	6445888	25533	2.489	0.01	40.093332	-104.9033109
CO	08123002016	15202953	141814	5.87	0.055	40.1199084	-104.922526
CO	08123002017	6357720	0	2.455	0.	40.1205364	-104.9895796
CO	08123002018	2636609	0	1.018	0.	40.135066	-104.9611638
CO	08123002019	12930565	1566710	4.993	0.605	40.1565312	-104.9554855
CO	08123002020	5055879	35891	1.952	0.014	40.1646894	-104.926992
CO	08123002021	18148694	75370	7.007	0.029	40.1532777	-104.9117926
CO	08123002101	111767235	905198	43.154	0.349	40.3495427	-104.8573848
CO	08123002104	81438469	1638869	31.444	0.633	40.3022976	-105.0033697
CO	08123002105	40549962	4757529	15.656	1.837	40.1836062	-105.0016865
CO	08123002106	85475799	2096324	33.002	0.809	40.235717	-104.976439
CO	08123002107	35306762	298101	13.632	0.115	40.3563731	-104.9407667
CO	08123002108	37183641	542078	14.357	0.209	40.2973413	-104.912144
CO	08123002203	19793491	687449	7.642	0.265	40.4703769	-104.8786375
CO	08123002204	1520453	443634	0.587	0.171	40.4624812	-104.8968487
CO	08123002205	2520869	0	0.973	0.	40.47263	-104.8983987
CO	08123002206	3797879	453808	1.466	0.175	40.4733971	-104.9207318
CO	08123002207	14527702	336568	5.609	0.13	40.5019546	-104.9174155
CO	08123002208	101603055	5795018	39.229	2.237	40.5280227	-104.8542203
CO	08123002209	39756832	1330520	15.35	0.514	40.4412479	-104.8536939
CO	08123002210	19818976	474105	7.652	0.183	40.4525472	-104.9331168
CO	08123002300	290631969	3155142	112.214	1.218	40.6006172	-104.749254
CO	08123002501	6369301684	20466276	2459.201	7.902	40.7417603	-104.2456853
CO	08123002502	1363487701	16004584	526.446	6.179	40.143654	-104.389417
CO	08125963100	3445560648	9770022	1330.338	3.772	40.0103234	-102.2561784
CO	08125963200	2678203387	1364172	1034.06	0.527	39.9719064	-102.6317528
