USPS	GEOID	ALAND	AWATER	ALAND_SQMI	AWATER_SQMI	INTPTLAT	INTPTLONG
ID	16001000101	1573491	145172	0.608	0.056	43.6125492	-116.2090722
ID	16001000102	2564298	16150	0.99	0.006	43.6188646	-116.2065056
ID	16001000201	14233540	18220	5.496	0.007	43.6314866	-116.1710011
ID	16001000202	33913987	51222	13.094	0.02	43.6751115	-116.2170641
ID	16001000302	2042231	9686	0.789	0.004	43.6518985	-116.2435264
ID	16001000303	1757943	265746	0.679	0.103	43.6572438	-116.266341
ID	16001000305	1549600	3395	0.598	0.001	43.6732009	-116.2721879
ID	16001000306	2580978	1562	0.997	0.001	43.665669	-116.2598581
ID	16001000401	1468216	17701	0.567	0.007	43.6431783	-116.2425943
ID	16001000402	2020655	360085	0.78	0.139	43.6299467	-116.2289796
ID	16001000501	1543766	220	0.596	0.	43.6443253	-116.2308855
ID	16001000502	1566936	1686	0.605	0.001	43.6368664	-116.2170088
ID	16001000601	961807	34	0.371	0.	43.633323	-116.2102044
ID	16001000602	1128178	0	0.436	0.	43.6283627	-116.2000007
ID	16001000701	2780555	80978	1.074	0.031	43.6066784	-116.180455
ID	16001000703	2332044	51359	0.9	0.02	43.5724198	-116.1332587
ID	16001000704	13977911	133990	5.397	0.052	43.5985788	-116.1461979
ID	16001000803	2265689	95281	0.875	0.037	43.5698099	-116.1617483
ID	16001000805	2838392	57249	1.096	0.022	43.5763651	-116.1559907
ID	16001000806	745798	13694	0.288	0.005	43.595228	-116.1891263
ID	16001000807	1030919	2160	0.398	0.001	43.5881345	-116.1819939
ID	16001000808	1253469	81044	0.484	0.031	43.5930553	-116.1760798
ID	16001000809	1171636	7706	0.452	0.003	43.5772062	-116.1773689
ID	16001000810	1628128	5732	0.629	0.002	43.5793902	-116.1873186
ID	16001000901	1165464	22503	0.45	0.009	43.5872244	-116.1979723
ID	16001000902	1491928	40963	0.576	0.016	43.600325	-116.2017005
ID	16001001001	1779065	46155	0.687	0.018	43.612953	-116.2353679
ID	16001001002	903786	66019	0.349	0.025	43.6082402	-116.2192811
ID	16001001003	1646569	11	0.636	0.	43.6021299	-116.2265836
ID	16001001100	5475385	167832	2.114	0.065	43.6386609	-116.2566991
ID	16001001201	2134123	0	0.824	0.	43.6331606	-116.2662381
ID	16001001203	1968312	644	0.76	0.	43.6222245	-116.2598764
ID	16001001204	1286668	6337	0.497	0.002	43.6154963	-116.2631729
ID	16001001401	1345452	0	0.519	0.	43.6007836	-116.2434063
ID	16001001402	1299654	1228	0.502	0.	43.5944327	-116.2448486
ID	16001001500	2540111	681	0.981	0.	43.595798	-116.2160586
ID	16001001600	3042227	33775	1.175	0.013	43.5780838	-116.2056868
ID	16001001701	812589	21882	0.314	0.008	43.5861505	-116.227977
ID	16001001702	1224421	15991	0.473	0.006	43.5819864	-116.2165695
ID	16001001800	3558800	55867	1.374	0.022	43.5787143	-116.2352716
ID	16001001900	2849697	0	1.1	0.	43.5924213	-116.2678316
ID	16001002000	4483606	2606	1.731	0.001	43.6061829	-116.2590769
ID	16001002100	46248298	364495	17.857	0.141	43.5436992	-116.2236875
ID	16001002223	3923113	5983	1.515	0.002	43.589071	-116.3239822
ID	16001002225	2619657	2111	1.011	0.001	43.5535373	-116.3237308
ID	16001002226	2628622	1682	1.015	0.001	43.5559338	-116.3054954
ID	16001002227	2646790	2030	1.022	0.001	43.5682059	-116.3237812
ID	16001002228	1485510	44931	0.574	0.017	43.5588409	-116.2820025
ID	16001002229	4952685	44626	1.912	0.017	43.5694529	-116.2989607
ID	16001002230	2608121	265	1.007	0.	43.5851515	-116.3041685
ID	16001002231	4693256	5111	1.812	0.002	43.5869699	-116.2898425
ID	16001002313	3978918	2007	1.536	0.001	43.6085965	-116.3091775
ID	16001002314	3952163	22883	1.526	0.009	43.6090104	-116.3273623
ID	16001002315	2600939	9017	1.004	0.003	43.6228289	-116.3285973
ID	16001002316	1300982	1874	0.502	0.001	43.6262543	-116.2988286
ID	16001002317	1295225	2464	0.5	0.001	43.6264521	-116.3114225
ID	16001002318	2594996	1319	1.002	0.001	43.6273563	-116.2830492
ID	16001002319	3369968	7516	1.301	0.003	43.6090626	-116.286093
ID	16001002412	7005096	584609	2.705	0.226	43.6684205	-116.3184398
ID	16001002414	1331061	0	0.514	0.	43.6376301	-116.3043773
ID	16001002415	1273750	6772	0.492	0.003	43.6448405	-116.303009
ID	16001002416	2622992	0	1.013	0.	43.6411959	-116.3242961
ID	16001002417	2293864	17431	0.886	0.007	43.6532972	-116.323356
ID	16001002418	2059497	1103	0.795	0.	43.6399348	-116.285826
ID	16001002419	2452929	73405	0.947	0.028	43.65245	-116.298953
ID	16001010101	155335362	3834181	59.975	1.48	43.6171638	-116.0931755
ID	16001010102	83582634	100472	32.271	0.039	43.7278467	-116.247797
ID	16001010224	4760602	23072	1.838	0.009	43.71228	-116.3380495
ID	16001010226	3371306	5807	1.302	0.002	43.7024663	-116.5046247
ID	16001010227	4856418	21568	1.875	0.008	43.6998448	-116.4743153
ID	16001010228	4652926	156919	1.797	0.061	43.6858579	-116.4819237
ID	16001010229	27344859	452113	10.558	0.175	43.7125949	-116.4306089
ID	16001010230	172863828	188010	66.743	0.073	43.7604809	-116.3968709
ID	16001010231	7692655	21574	2.97	0.008	43.7135102	-116.3835204
ID	16001010232	5827306	3708	2.25	0.001	43.7018148	-116.385616
ID	16001010233	9669765	571777	3.734	0.221	43.6864476	-116.3843885
ID	16001010234	7426633	904623	2.867	0.349	43.6837043	-116.3287651
ID	16001010235	3602972	42718	1.391	0.016	43.7014866	-116.3312243
ID	16001010236	2625824	215670	1.014	0.083	43.6703337	-116.2961609
ID	16001010237	3897233	9659	1.505	0.004	43.6796313	-116.2973159
ID	16001010336	25649050	97847	9.903	0.038	43.571582	-116.441591
ID	16001010337	8407914	27725	3.246	0.011	43.5687827	-116.407197
ID	16001010338	3099845	1130	1.197	0.	43.584432	-116.3844964
ID	16001010339	5062144	1148	1.955	0.	43.5588586	-116.3830606
ID	16001010340	3355790	7661	1.296	0.003	43.5885528	-116.3594315
ID	16001010341	5267026	7285	2.034	0.003	43.5607216	-116.3647449
ID	16001010342	5237264	6951	2.022	0.003	43.5630275	-116.3463909
ID	16001010343	3891416	9607	1.502	0.004	43.5847463	-116.3391281
ID	16001010344	2607355	80	1.007	0.	43.610345	-116.4236383
ID	16001010345	2594046	8316	1.002	0.003	43.6117892	-116.4447969
ID	16001010346	8122580	3479	3.136	0.001	43.6034834	-116.4510065
ID	16001010347	2616823	385	1.01	0.	43.6131686	-116.4036328
ID	16001010348	1984275	138	0.766	0.	43.6006944	-116.4085538
ID	16001010349	17951067	85901	6.931	0.033	43.641857	-116.4794394
ID	16001010350	1924336	31762	0.743	0.012	43.6273013	-116.4436996
ID	16001010351	5839008	5223	2.254	0.002	43.6461925	-116.438592
ID	16001010352	2635670	500	1.018	0.	43.6265335	-116.4222723
ID	16001010353	2577004	1122	0.995	0.	43.6406577	-116.4207857
ID	16001010354	2569077	2147	0.992	0.001	43.6548023	-116.4237368
ID	16001010355	16122757	252865	6.225	0.098	43.671967	-116.4648255
ID	16001010356	2481988	7755	0.958	0.003	43.6558104	-116.3834928
ID	16001010357	6921402	184901	2.672	0.071	43.6705333	-116.3824481
ID	16001010358	2624631	3897	1.013	0.002	43.6556629	-116.4033616
ID	16001010359	2602166	3497	1.005	0.001	43.6422243	-116.3439141
ID	16001010360	2594776	3578	1.002	0.001	43.6540418	-116.3472016
ID	16001010361	2627983	5487	1.015	0.002	43.6552513	-116.3640976
ID	16001010362	2494937	84	0.963	0.	43.6413992	-116.3853806
ID	16001010363	2620189	12266	1.012	0.005	43.6373148	-116.4043874
ID	16001010364	2627020	613	1.014	0.	43.6262108	-116.4015354
ID	16001010365	2626449	1315	1.014	0.001	43.6405741	-116.3626394
ID	16001010366	2585129	1258	0.998	0.	43.6256149	-116.3646994
ID	16001010367	2445752	8868	0.944	0.003	43.6264295	-116.3842359
ID	16001010368	4408696	3110	1.702	0.001	43.6057087	-116.3831306
ID	16001010369	4439289	10406	1.714	0.004	43.6067108	-116.3673615
ID	16001010370	4033212	974	1.557	0.	43.6099048	-116.3457483
ID	16001010371	2589014	422	1.	0.	43.6261226	-116.3416766
ID	16001010403	18989415	29173	7.332	0.011	43.4859226	-116.4450632
ID	16001010404	2421344	30258	0.935	0.012	43.4961413	-116.4247135
ID	16001010405	2602437	0	1.005	0.	43.5101931	-116.4237188
ID	16001010406	5158294	2227	1.992	0.001	43.5047038	-116.4048201
ID	16001010407	23378451	113774	9.026	0.044	43.5279513	-116.4230922
ID	16001010408	46314631	509452	17.882	0.197	43.4977293	-116.3713277
ID	16001010409	6807580	127932	2.628	0.049	43.529296	-116.3231791
ID	16001010410	2105223	21740	0.813	0.008	43.5400731	-116.3019832
ID	16001010411	4376008	101125	1.69	0.039	43.5425709	-116.285559
ID	16001010501	1022415885	5451232	394.757	2.105	43.3343356	-116.2964654
ID	16001010503	659072116	5085421	254.469	1.963	43.3304526	-116.0656972
ID	16001010505	1339461	270	0.517	0.	43.5630946	-116.1641693
ID	16001010506	6103477	227864	2.357	0.088	43.5529595	-116.1399225
ID	16003950100	1012716426	4568261	391.012	1.764	45.0199817	-116.3181613
ID	16003950200	2516932508	12791585	971.793	4.939	44.8345514	-116.5085487
ID	16005000200	365754985	632530	141.219	0.244	42.8348619	-112.2876239
ID	16005000301	3911244	0	1.51	0.	42.9213873	-112.4686222
ID	16005000302	6716987	24224	2.593	0.009	42.9318613	-112.454736
ID	16005000400	10351773	53154	3.997	0.021	42.92418	-112.5006922
ID	16005000500	23602600	42820	9.113	0.017	42.9550323	-112.4889678
ID	16005000600	31882480	3839	12.31	0.001	42.8427195	-112.3827522
ID	16005000700	4063361	0	1.569	0.	42.8606296	-112.4263503
ID	16005000800	4074565	919	1.573	0.	42.8535038	-112.4332669
ID	16005000900	1042857	0	0.403	0.	42.8728681	-112.4427432
ID	16005001000	1572324	0	0.607	0.	42.8810887	-112.4342929
ID	16005001102	5464892	0	2.11	0.	42.8875628	-112.4190392
ID	16005001103	5508455	0	2.127	0.	42.9138585	-112.4181862
ID	16005001104	8183327	0	3.16	0.	42.9008382	-112.4028244
ID	16005001200	2933023	23230	1.132	0.009	42.9028393	-112.4463328
ID	16005001300	1274987	0	0.492	0.	42.8842102	-112.4464492
ID	16005001400	4528383	0	1.748	0.	42.8929021	-112.4591696
ID	16005001500	7647908	2635	2.953	0.001	42.9015621	-112.4817736
ID	16005001601	1814612	27955	0.701	0.011	42.8707282	-112.4627881
ID	16005001602	4601882	18916	1.777	0.007	42.863487	-112.4728441
ID	16005001603	6486539	57282	2.504	0.022	42.8468295	-112.4459889
ID	16005001700	15113680	91781	5.835	0.035	42.8136887	-112.4238296
ID	16005001900	1712235434	2430666	661.098	0.938	42.5120132	-112.1218261
ID	16005940000	384554264	88602485	148.477	34.21	42.9802973	-112.3575667
ID	16005981800	268012285	67227	103.48	0.026	42.7274864	-112.396471
ID	16007950100	1221959660	88525914	471.801	34.18	42.2556968	-111.2020074
ID	16007950200	1305163495	102838367	503.926	39.706	42.309561	-111.4817532
ID	16009940000	950871808	15797601	367.134	6.099	47.2457259	-116.8231532
ID	16009950100	1061371106	3005592	409.798	1.16	47.1920277	-116.4975494
ID	16011940000	908997009	2585801	350.966	0.998	43.1431423	-112.2179313
ID	16011950101	53707595	0	20.737	0.	43.3706458	-112.0878317
ID	16011950102	46724833	2227195	18.041	0.86	43.3894417	-112.1530206
ID	16011950200	1233031904	1608632	476.076	0.621	43.1910953	-111.872456
ID	16011950300	2793278495	53102929	1078.491	20.503	43.3253291	-112.8148524
ID	16011950400	86004427	1020101	33.206	0.394	43.212685	-112.2491289
ID	16011950501	23930552	1444933	9.24	0.558	43.2426816	-112.2979875
ID	16011950502	24269329	1109031	9.37	0.428	43.1653065	-112.4169563
ID	16011950600	85534952	1699802	33.025	0.656	43.2497515	-112.3606392
ID	16011950700	167262869	3833947	64.581	1.48	43.1308512	-112.5422089
ID	16013960101	3616313208	32937421	1396.266	12.717	43.200165	-113.6237438
ID	16013960102	651839023	2955126	251.676	1.141	43.4065397	-114.3535065
ID	16013960201	7577015	37852	2.926	0.015	43.5224618	-114.3068643
ID	16013960202	807422286	418568	311.748	0.162	43.6283763	-113.9972708
ID	16013960301	434101302	256780	167.607	0.099	43.8316394	-114.4519349
ID	16013960302	1033605416	7625489	399.077	2.944	43.7361297	-114.5819469
ID	16013960501	10365661	107438	4.002	0.041	43.6691899	-114.343589
ID	16013960502	270485734	317943	104.435	0.123	43.7300428	-114.2020571
ID	16015950201	492559523	7663970	190.178	2.959	43.6583984	-115.8791211
ID	16015950202	2530738507	8563522	977.124	3.306	44.1070755	-115.5151438
ID	16015950203	1896528415	2876794	732.254	1.111	43.9078711	-115.9658126
ID	16017950100	1040606721	159680574	401.781	61.653	48.2510508	-116.2688639
ID	16017950201	383798731	314277	148.186	0.121	48.4338123	-116.3369802
ID	16017950202	191061162	31711677	73.769	12.244	48.3311575	-116.3836709
ID	16017950203	18817726	9494530	7.266	3.666	48.3005427	-116.5364748
ID	16017950300	3203525	3452575	1.237	1.333	48.2677273	-116.5471984
ID	16017950401	206023407	47252	79.546	0.018	48.4239931	-116.639995
ID	16017950402	104950888	6036035	40.522	2.331	48.2753981	-116.7052341
ID	16017950403	9599713	4512750	3.706	1.742	48.2591564	-116.6098431
ID	16017950500	160305832	7525171	61.894	2.905	48.1969892	-116.8879754
ID	16017950600	1342967693	101576905	518.523	39.219	48.6723846	-116.8915507
ID	16017950701	136217638	6082143	52.594	2.348	48.1346158	-116.9115651
ID	16017950702	184049522	1170836	71.062	0.452	48.0517466	-116.9458358
ID	16017950801	198323251	23986720	76.573	9.261	48.1474914	-116.630468
ID	16017950802	353227389	37157158	136.382	14.346	48.0534129	-116.6773407
ID	16017950901	98793544	77229937	38.144	29.819	48.2002891	-116.4324549
ID	16017950902	57086179	8929387	22.041	3.448	48.2147902	-116.5494278
ID	16019970100	3696884309	83565695	1427.375	32.265	43.3668297	-111.4375628
ID	16019970300	130247338	768597	50.289	0.297	43.6049293	-111.933795
ID	16019970401	20594920	351512	7.952	0.136	43.5350178	-112.0161992
ID	16019970402	35867178	0	13.848	0.	43.5369101	-111.9397541
ID	16019970404	2626689	0	1.014	0.	43.5036078	-111.9543519
ID	16019970405	7819407	7109	3.019	0.003	43.5124881	-111.9677633
ID	16019970502	5152826	11046	1.99	0.004	43.4757244	-111.9663568
ID	16019970503	26404056	43282	10.195	0.017	43.4495515	-111.968664
ID	16019970504	10006654	1140	3.864	0.	43.4823847	-111.9370891
ID	16019970505	3844051	20288	1.484	0.008	43.4887299	-111.9672338
ID	16019970601	3040426	42337	1.174	0.016	43.5060299	-111.9960148
ID	16019970602	2524789	16821	0.975	0.006	43.4893117	-111.99424
ID	16019970603	2523173	9840	0.974	0.004	43.4750927	-111.9952904
ID	16019970700	7635726	47501	2.948	0.018	43.5117872	-112.0197444
ID	16019970800	1498247	25859	0.578	0.01	43.4909213	-112.0149231
ID	16019970900	3305158	9790	1.276	0.004	43.4777833	-112.0114821
ID	16019971000	4904292	199669	1.894	0.077	43.4744523	-112.0410176
ID	16019971100	1787773	0	0.69	0.	43.4911824	-112.0301096
ID	16019971200	6096969	392253	2.354	0.151	43.5067215	-112.0449867
ID	16019971301	14607676	430741	5.64	0.166	43.5159858	-112.075757
ID	16019971302	5602805	0	2.163	0.	43.4899541	-112.0805084
ID	16019971401	57866827	1509978	22.343	0.583	43.4468649	-112.0833243
ID	16019971402	10373857	0	4.005	0.	43.453652	-112.0236554
ID	16019971500	771599812	1459522	297.916	0.564	43.5310784	-112.3102441
ID	16021970100	938517001	11415950	362.363	4.408	48.8890307	-116.2168534
ID	16021970200	2347345966	12862896	906.315	4.966	48.7359552	-116.5508973
ID	16023970100	5792474009	5259978	2236.487	2.031	43.685101	-113.1776308
ID	16025970100	2782253887	11548054	1074.234	4.459	43.5025515	-114.7721349
ID	16027020100	1177393	8799	0.455	0.003	43.5794414	-116.5638761
ID	16027020200	2668849	12827	1.03	0.005	43.5851131	-116.55655
ID	16027020300	1911750	0	0.738	0.	43.5734628	-116.5654225
ID	16027020403	4773251	37285	1.843	0.014	43.5663329	-116.5242756
ID	16027020404	11351924	55011	4.383	0.021	43.5923561	-116.5470318
ID	16027020405	1870024	0	0.722	0.	43.5653546	-116.5496987
ID	16027020406	2082522	0	0.804	0.	43.5648058	-116.5771957
ID	16027020501	2613060	0	1.009	0.	43.5542092	-116.5428436
ID	16027020503	2600090	0	1.004	0.	43.5543447	-116.582793
ID	16027020505	1354317	0	0.523	0.	43.5542968	-116.5581895
ID	16027020506	1076225	0	0.416	0.	43.5533804	-116.5682931
ID	16027020601	2581140	32615	0.997	0.013	43.5817645	-116.6028953
ID	16027020603	2484390	35280	0.959	0.014	43.5788689	-116.585887
ID	16027020604	2039039	21467	0.787	0.008	43.5912841	-116.5839762
ID	16027020700	23211079	32145	8.962	0.012	43.5726951	-116.4920731
ID	16027020903	2594245	0	1.002	0.	43.5687412	-116.6029345
ID	16027020904	5309930	0	2.05	0.	43.5321729	-116.5628438
ID	16027020905	5275757	48796	2.037	0.019	43.5338385	-116.5421579
ID	16027020906	11438861	109634	4.417	0.042	43.5342538	-116.515952
ID	16027020907	2721949	0	1.051	0.	43.539524	-116.5827234
ID	16027020908	2550909	0	0.985	0.	43.5543773	-116.6027176
ID	16027020909	10368700	75908	4.003	0.029	43.5720155	-116.6421673
ID	16027020910	12307275	5147418	4.752	1.987	43.5434392	-116.6178883
ID	16027021003	5192250	5611	2.005	0.002	43.6125478	-116.6728253
ID	16027021004	5276378	0	2.037	0.	43.6262886	-116.6729731
ID	16027021005	7843623	0	3.028	0.	43.6120688	-116.6429347
ID	16027021006	2612964	0	1.009	0.	43.5977222	-116.6031427
ID	16027021007	4213625	0	1.627	0.	43.6018137	-116.6219112
ID	16027021008	13902618	54940	5.368	0.021	43.6229073	-116.6075863
ID	16027021101	18805575	152101	7.261	0.059	43.6721883	-116.6371279
ID	16027021102	5208696	0	2.011	0.	43.6195961	-116.5631565
ID	16027021103	3191248	25152	1.232	0.01	43.6101593	-116.540054
ID	16027021104	8932544	46875	3.449	0.018	43.611137	-116.5051006
ID	16027021105	55285719	231148	21.346	0.089	43.6569069	-116.557994
ID	16027021201	7297620	0	2.818	0.	43.654837	-116.6464964
ID	16027021202	6913668	440354	2.669	0.17	43.6880132	-116.6876772
ID	16027021300	4690232	13787	1.811	0.005	43.6630795	-116.6745723
ID	16027021500	3053887	1386	1.179	0.001	43.6581278	-116.684917
ID	16027021600	4388061	0	1.694	0.	43.6586442	-116.7017303
ID	16027021701	3900110	0	1.506	0.	43.6407155	-116.6980628
ID	16027021702	4825590	0	1.863	0.	43.6404549	-116.6641605
ID	16027021801	95575776	1372463	36.902	0.53	43.6673844	-116.7697911
ID	16027021802	20987676	10838523	8.103	4.185	43.5766834	-116.6721496
ID	16027021901	10953942	168466	4.229	0.065	43.704473	-116.610601
ID	16027021904	113487211	1194534	43.818	0.461	43.7522585	-116.7837903
ID	16027021905	70385864	106873	27.176	0.041	43.7587588	-116.6787086
ID	16027021906	118612021	238829	45.796	0.092	43.7696945	-116.5611855
ID	16027021907	13306582	88272	5.138	0.034	43.7086763	-116.6647078
ID	16027022100	196340727	4076557	75.808	1.574	43.777361	-116.9599282
ID	16027022200	128992360	2360228	49.804	0.911	43.6650836	-116.901818
ID	16027022301	253724812	5314001	97.964	2.052	43.4225343	-116.6231036
ID	16027022302	39130653	1585779	15.108	0.612	43.6056613	-116.806696
ID	16027022303	77372151	6656465	29.874	2.57	43.5484904	-116.7184428
ID	16027022400	99684601	2528317	38.488	0.976	43.4888013	-116.5554208
ID	16029960100	1645447779	13415312	635.311	5.18	42.6943684	-111.8511424
ID	16029960200	2923792995	75801567	1128.883	29.267	42.8046858	-111.3876998
ID	16031950100	4213342325	24740144	1626.781	9.552	42.290077	-113.3791677
ID	16031950200	163331897	5666958	63.063	2.188	42.5409128	-113.6227583
ID	16031950300	54828213	640084	21.169	0.247	42.4805097	-113.7526916
ID	16031950400	6582704	1223209	2.542	0.472	42.5419029	-113.7722816
ID	16031950500	56111793	1652405	21.665	0.638	42.5098751	-113.8442049
ID	16031950600	2150700950	5235734	830.39	2.022	42.2248436	-114.0154675
ID	16033950100	4566524479	2476453	1763.145	0.956	44.290218	-112.3546128
ID	16035940001	98368908	11582065	37.98	4.472	46.5441481	-116.3264667
ID	16035940002	172843887	1807160	66.735	0.698	46.4460263	-116.2308137
ID	16035970100	6093200069	66203272	2352.598	25.561	46.689697	-115.6273693
ID	16037960200	12748378762	42527190	4922.177	16.42	44.273351	-114.2522675
ID	16039960100	5355060880	43188988	2067.601	16.675	43.4279533	-115.3153273
ID	16039960201	1293097788	7310885	499.268	2.823	43.3771895	-115.7714922
ID	16039960202	3328182	0	1.285	0.	43.1508171	-115.6980803
ID	16039960300	287456494	1671945	110.988	0.646	43.0909062	-115.5673089
ID	16039960401	997363559	16066247	385.084	6.203	43.1123484	-115.8388371
ID	16039960402	2277312	0	0.879	0.	43.1273897	-115.7021836
ID	16039960500	25833164	92328	9.974	0.036	43.0491862	-115.8658595
ID	16041970100	1261952169	9744897	487.242	3.763	42.2224181	-111.8467781
ID	16041970200	455258971	2408575	175.776	0.93	42.0609834	-111.7147361
ID	16043970100	3788760696	70405476	1462.849	27.184	44.2826635	-111.5056491
ID	16043970200	837473833	8795727	323.35	3.396	44.0195164	-111.3205108
ID	16043970301	105190133	2473648	40.614	0.955	43.9428486	-111.7748441
ID	16043970302	96208448	1765801	37.146	0.682	43.9484456	-111.6285587
ID	16045960100	1255907864	9307106	484.909	3.593	44.193059	-116.3452329
ID	16045960200	170944618	2523346	66.002	0.974	43.8513155	-116.6098142
ID	16045960301	15384469	628054	5.94	0.242	43.8881683	-116.463863
ID	16045960302	7559275	33424	2.919	0.013	43.8584492	-116.4848459
ID	16047960101	6174925	34995	2.384	0.014	42.9343706	-114.7060802
ID	16047960102	1458196495	5819895	563.013	2.247	43.0325366	-114.8256001
ID	16047960201	171413902	465783	66.183	0.18	42.8054737	-114.7530659
ID	16047960202	253149884	6149390	97.742	2.374	42.7301684	-114.7568035
ID	16049940000	750150445	4489050	289.635	1.733	46.1446479	-116.1412951
ID	16049960100	15441214419	39366816	5961.886	15.2	45.9038732	-115.0492776
ID	16049960201	938910092	4521302	362.515	1.746	45.7664214	-116.2649348
ID	16049960202	671896520	1035714	259.421	0.4	45.90663	-116.0361297
ID	16049960300	1005382066	4257290	388.18	1.644	45.9507177	-116.5054851
ID	16049960400	3149067120	13862770	1215.862	5.352	45.3283441	-116.1296357
ID	16051960100	2475576809	22042228	955.826	8.511	43.8267161	-112.3662009
ID	16051960200	151177390	5311087	58.37	2.051	43.7070582	-112.0181683
ID	16051960301	34639731	160745	13.374	0.062	43.6634228	-111.9570338
ID	16051960302	14360903	226035	5.545	0.087	43.6824579	-111.9200089
ID	16051960401	25617062	116023	9.891	0.045	43.658216	-111.8940292
ID	16051960402	131247572	3310076	50.675	1.278	43.6693599	-111.8002913
ID	16053970100	968997045	8902816	374.132	3.437	42.6774188	-114.141908
ID	16053970200	213134697	1524549	82.292	0.589	42.7935032	-114.5121217
ID	16053970300	9458884	5090	3.652	0.002	42.7387372	-114.5008016
ID	16053970400	3043038	0	1.175	0.	42.7199859	-114.5221406
ID	16053970501	104397597	1138376	40.308	0.44	42.6734332	-114.5487709
ID	16053970502	248598471	1337971	95.984	0.517	42.6750671	-114.3960372
ID	16055000101	50380555	788339	19.452	0.304	47.9134096	-116.8174199
ID	16055000102	170837403	7662492	65.961	2.959	47.9292772	-116.907736
ID	16055000201	67534435	0	26.075	0.	47.8522255	-116.7925419
ID	16055000202	139323390	1318966	53.793	0.509	47.8593139	-116.6896872
ID	16055000203	194260570	12412609	75.004	4.793	47.9182833	-116.5734716
ID	16055000301	93277461	2372161	36.015	0.916	47.7954122	-116.9909923
ID	16055000303	11581012	0	4.471	0.	47.7925102	-116.8764077
ID	16055000304	106743063	1814803	41.214	0.701	47.8355397	-116.9048719
ID	16055000401	103713715	1357703	40.044	0.524	47.6514553	-117.0032478
ID	16055000402	10612774	287854	4.098	0.111	47.7252753	-116.964363
ID	16055000501	4185304	0	1.616	0.	47.7271282	-116.9393771
ID	16055000502	5873419	0	2.268	0.	47.7285869	-116.9049835
ID	16055000503	4497041	0	1.736	0.	47.7305034	-116.9250601
ID	16055000601	11771400	340311	4.545	0.131	47.7118785	-116.8831292
ID	16055000602	5538252	488392	2.138	0.189	47.7056992	-116.9179618
ID	16055000701	5221042	0	2.016	0.	47.7299863	-116.7974958
ID	16055000702	29089604	0	11.232	0.	47.7654527	-116.8430278
ID	16055000703	4486244	0	1.732	0.	47.7318294	-116.8182821
ID	16055000704	7784156	0	3.005	0.	47.7374306	-116.8616504
ID	16055000800	8955757	484817	3.458	0.187	47.7098477	-116.8333168
ID	16055000901	3452117	0	1.333	0.	47.7071412	-116.7989046
ID	16055000902	2875540	105404	1.11	0.041	47.6922108	-116.7979379
ID	16055001002	6560738	0	2.533	0.	47.772927	-116.7765357
ID	16055001003	2980235	0	1.151	0.	47.7529046	-116.7773849
ID	16055001004	4093550	0	1.581	0.	47.7591504	-116.7997322
ID	16055001100	5011709	0	1.935	0.	47.732425	-116.7724417
ID	16055001201	1715467	0	0.662	0.	47.7126523	-116.7698898
ID	16055001202	2199299	0	0.849	0.	47.710952	-116.7803885
ID	16055001300	2587963	0	0.999	0.	47.69349	-116.7755494
ID	16055001400	2840805	3774877	1.097	1.457	47.6662488	-116.7772947
ID	16055001500	1663719	0	0.642	0.	47.6803361	-116.768597
ID	16055001600	2177739	959415	0.841	0.37	47.6661568	-116.7574329
ID	16055001700	89018257	6602358	34.37	2.549	47.6843688	-116.6908513
ID	16055001801	43423169	11513757	16.766	4.445	47.7969501	-116.6602505
ID	16055001802	45232841	3621040	17.464	1.398	47.7443135	-116.6623485
ID	16055001901	1136651856	20841605	438.864	8.047	47.6244744	-116.4810996
ID	16055001902	163435719	65932905	63.103	25.457	47.5514568	-116.742889
ID	16055002000	248357686	24924288	95.891	9.623	47.5832007	-116.9625776
ID	16055940000	405891467	16840823	156.716	6.502	47.4212457	-116.8577649
ID	16057005101	7723493	9548	2.982	0.004	46.7601437	-116.9843114
ID	16057005102	37268494	13136	14.389	0.005	46.7949573	-117.0177294
ID	16057005200	79208023	31714	30.582	0.012	46.783468	-116.9185184
ID	16057005301	63112482	9907	24.368	0.004	46.7055632	-116.9132097
ID	16057005302	2650852	0	1.023	0.	46.722827	-116.9909126
ID	16057005400	59969509	12354	23.154	0.005	46.678717	-116.9812516
ID	16057005500	1004504660	821302	387.841	0.317	46.9509785	-116.7988807
ID	16057005600	936877532	1056192	361.73	0.408	46.8078675	-116.5562736
ID	16057005700	595167988	415826	229.796	0.161	46.6170817	-116.6929669
ID	16059970100	5145532142	6750381	1986.701	2.606	44.7715548	-114.6809505
ID	16059970200	1230047586	1802039	474.924	0.696	45.3176252	-113.755444
ID	16059970300	5444334839	5553214	2102.07	2.144	44.6687854	-113.5546429
ID	16061940001	63207020	790337	24.404	0.305	46.2501	-116.11237
ID	16061940002	947103099	1155515	365.679	0.446	46.2709304	-116.4000332
ID	16061950300	229831842	394395	88.739	0.152	46.0693381	-116.6057894
ID	16063950100	3111517506	11588561	1201.364	4.474	42.9907824	-114.1530888
ID	16065950101	161114892	5023884	62.207	1.94	43.8501313	-111.9133412
ID	16065950102	60060530	332684	23.19	0.128	43.8722635	-111.6929341
ID	16065950103	28082707	175530	10.843	0.068	43.8631014	-111.7886894
ID	16065950200	4409663	152789	1.703	0.059	43.8314246	-111.7992716
ID	16065950301	963015	0	0.372	0.	43.8208049	-111.786658
ID	16065950303	5073567	4812	1.959	0.002	43.8076692	-111.792514
ID	16065950304	3903287	0	1.507	0.	43.815093	-111.80907
ID	16065950401	4388680	0	1.694	0.	43.8079234	-111.7679804
ID	16065950402	769035072	555600	296.926	0.215	43.7747647	-111.5528132
ID	16065950501	73719738	2551416	28.463	0.985	43.7867011	-111.873978
ID	16065950502	104645123	1704235	40.404	0.658	43.7481725	-111.7897659
ID	16067970100	316149540	1309464	122.066	0.506	42.6697036	-113.8431454
ID	16067970200	88023808	5308617	33.986	2.05	42.5605434	-113.804794
ID	16067970300	1459523838	4435499	563.525	1.713	42.9389027	-113.5854159
ID	16067970400	20036622	25585	7.736	0.01	42.6141552	-113.6997879
ID	16067970500	76877169	2848789	29.682	1.1	42.5924488	-113.6535632
ID	16069940000	1062222507	7107846	410.126	2.744	46.4152911	-116.6465238
ID	16069960200	151586941	11489	58.528	0.004	46.5837376	-116.5850448
ID	16069960300	172228431	4388560	66.498	1.694	46.4670312	-116.9512452
ID	16069960400	2261578	445130	0.873	0.172	46.4080176	-117.0272919
ID	16069960500	4308605	0	1.664	0.	46.3956554	-117.0170977
ID	16069960600	6540430	0	2.525	0.	46.4002308	-116.9921896
ID	16069960700	770202872	9299854	297.377	3.591	46.0956517	-116.8989005
ID	16069960800	7722088	0	2.982	0.	46.366328	-116.9761878
ID	16069960900	2932533	0	1.132	0.	46.376303	-116.9665402
ID	16069961000	17133845	0	6.615	0.	46.3808436	-116.9413726
ID	16071960100	3105269247	3995240	1198.951	1.543	42.1838954	-112.5204486
ID	16073950101	117359700	1691511	45.313	0.653	43.5924261	-116.9602208
ID	16073950102	132943411	2855896	51.33	1.103	43.5247849	-116.8481343
ID	16073950200	19610251950	69584644	7571.561	26.867	42.5728508	-116.1896903
ID	16075960100	596621906	2913242	230.357	1.125	44.0734569	-116.6882446
ID	16075960200	31654238	2185793	12.222	0.844	44.0528813	-116.9219956
ID	16075960301	153793619	2010117	59.38	0.776	43.8755875	-116.8985124
ID	16075960302	37213903	861458	14.368	0.333	44.0051394	-116.9044405
ID	16075960400	234565571	901550	90.566	0.348	43.907366	-116.7936121
ID	16077960100	2255868643	18260080	870.996	7.05	42.6103246	-112.7124468
ID	16077960200	1380023760	80945386	532.83	31.253	42.8426024	-113.0342691
ID	16079960200	6281385157	12827083	2425.256	4.953	47.3343792	-115.9001454
ID	16079960300	187294975	582111	72.315	0.225	47.5077896	-116.0955904
ID	16079960400	362218444	553263	139.853	0.214	47.4893453	-115.8727601
ID	16081960101	104301132	3269	40.271	0.001	43.8192295	-111.1178797
ID	16081960102	373585857	1296016	144.242	0.5	43.8783515	-111.2297368
ID	16081960103	429833918	915577	165.96	0.354	43.7185323	-111.2587284
ID	16081960104	22331498	2033	8.622	0.001	43.7463818	-111.0803163
ID	16081960105	91742650	636914	35.422	0.246	43.6454887	-111.1162842
ID	16081960106	81063138	6907	31.299	0.003	43.5892479	-111.20328
ID	16081960107	60281777	7757	23.275	0.003	43.5681128	-111.0836117
ID	16083000200	5183556	0	2.001	0.	42.5703175	-114.4407268
ID	16083000300	381182422	2847873	147.175	1.1	42.5747153	-114.8122296
ID	16083000400	10484375	1149	4.048	0.	42.5982883	-114.7752696
ID	16083000500	181883212	1955816	70.226	0.755	42.575988	-114.6211178
ID	16083000600	109211750	1079218	42.167	0.417	42.5102529	-114.4894119
ID	16083000701	41125616	501469	15.879	0.194	42.6003948	-114.5197151
ID	16083000702	3127625	0	1.208	0.	42.5831066	-114.4895392
ID	16083000800	5133757	0	1.982	0.	42.5775151	-114.4700202
ID	16083000900	13235212	394610	5.11	0.152	42.5839278	-114.422892
ID	16083001001	3229466	0	1.247	0.	42.5564792	-114.433935
ID	16083001002	7119372	19964	2.749	0.008	42.5452417	-114.4431682
ID	16083001100	2199014	0	0.849	0.	42.5568738	-114.4692778
ID	16083001201	4231506	5007	1.634	0.002	42.5262015	-114.483948
ID	16083001202	10074865	80628	3.89	0.031	42.5492408	-114.4858879
ID	16083001301	48467009	641707	18.713	0.248	42.558085	-114.3752229
ID	16083001302	92296410	677048	35.636	0.261	42.5071035	-114.315475
ID	16083001600	4059030933	9856292	1567.201	3.806	42.3062429	-114.6702624
ID	16085970100	7353175289	125089740	2839.077	48.297	44.7163104	-115.4687788
ID	16085970200	831231270	30951184	320.94	11.95	45.1027556	-115.8389726
ID	16085970301	95084905	1107290	36.712	0.428	44.8432057	-116.1556787
ID	16085970302	1213121827	19962223	468.389	7.707	44.8195397	-115.8874445
ID	16087970100	2422025951	27265046	935.149	10.527	44.5002102	-116.6963167
ID	16087970200	482511169	7710652	186.299	2.977	44.2328681	-116.7823364
ID	16087970300	858333249	18252314	331.404	7.047	44.4147367	-117.0715447
