USPS	GEOID	ALAND	AWATER	ALAND_SQMI	AWATER_SQMI	INTPTLAT	INTPTLONG
IA	19001960100	707919425	1124009	273.329	0.434	41.4226701	-94.4754745
IA	19001960200	666068486	1098841	257.17	0.424	41.2403358	-94.4634803
IA	19001960300	100416281	375146	38.771	0.145	41.2964752	-94.5071226
IA	19003950100	879296736	4868680	339.498	1.88	41.0509146	-94.6680804
IA	19003950200	217389517	499196	83.935	0.193	40.9482672	-94.8079792
IA	19005960100	337814533	22288271	130.431	8.606	43.3464049	-91.2647941
IA	19005960200	562246559	4317858	217.085	1.667	43.3971626	-91.4741746
IA	19005960300	30633163	0	11.828	0.	43.2661193	-91.4897802
IA	19005960400	462543683	24485570	178.589	9.454	43.1719126	-91.2844216
IA	19005960500	261948623	0	101.139	0.	43.1793598	-91.5066847
IA	19007950100	408652017	1920634	157.781	0.742	40.7873042	-92.743312
IA	19007950200	315829174	46040084	121.942	17.776	40.8274886	-92.963839
IA	19007950300	18708147	19913	7.223	0.008	40.7504905	-92.8695054
IA	19007950400	17584953	601322	6.79	0.232	40.705031	-92.8797963
IA	19007950500	527223611	511654	203.562	0.198	40.6535381	-92.9104129
IA	19009070100	775844901	246138	299.555	0.095	41.7456949	-94.9089115
IA	19009070200	48664643	0	18.79	0.	41.7098511	-94.9351263
IA	19009070300	322752773	906122	124.616	0.35	41.554366	-94.8555498
IA	19011960100	232244737	2324813	89.67	0.898	42.2304022	-91.9403294
IA	19011960200	678201359	1716889	261.855	0.663	42.1446295	-92.1692343
IA	19011960300	30195167	576277	11.658	0.223	42.1596738	-92.0211328
IA	19011960400	265720691	832881	102.595	0.322	42.0989952	-91.9417642
IA	19011960500	277626347	0	107.192	0.	41.9634748	-91.928932
IA	19011960600	328462169	198598	126.82	0.077	41.932207	-92.14272
IA	19011960700	42245817	208438	16.311	0.08	41.8983696	-92.2665079
IA	19013000100	1907482	195175	0.736	0.075	42.501189	-92.3371673
IA	19013000200	1109206	0	0.428	0.	42.486804	-92.3427654
IA	19013000300	1388598	18229	0.536	0.007	42.4918108	-92.3591856
IA	19013000400	3119543	280551	1.204	0.108	42.5054531	-92.3636767
IA	19013000500	1752424	172600	0.677	0.067	42.5105066	-92.3520315
IA	19013000700	768881	35136	0.297	0.014	42.4969104	-92.3258594
IA	19013000800	10599143	286395	4.092	0.111	42.4868462	-92.2830681
IA	19013000900	7657518	596632	2.957	0.23	42.4697836	-92.3188999
IA	19013001000	1858726	0	0.718	0.	42.476333	-92.3303611
IA	19013001100	1301453	0	0.502	0.	42.4802947	-92.3473302
IA	19013001200	1298393	0	0.501	0.	42.473035	-92.3471794
IA	19013001301	2168998	24503	0.837	0.009	42.4644103	-92.3455235
IA	19013001302	2073896	0	0.801	0.	42.4635503	-92.3663873
IA	19013001400	3733883	13045	1.442	0.005	42.4806189	-92.3722092
IA	19013001501	7375167	144319	2.848	0.056	42.4692476	-92.3929119
IA	19013001502	5952201	73885	2.298	0.029	42.4932763	-92.3927251
IA	19013001503	6207941	393144	2.397	0.152	42.5111068	-92.3952779
IA	19013001600	20462849	1952007	7.901	0.754	42.5396045	-92.3863023
IA	19013001701	1587741	0	0.613	0.	42.5171543	-92.3364861
IA	19013001702	8729454	24014	3.37	0.009	42.5356127	-92.3475243
IA	19013001800	2329010	0	0.899	0.	42.5082572	-92.3210483
IA	19013001900	10092559	0	3.897	0.	42.509249	-92.2952693
IA	19013002000	11033376	680050	4.26	0.263	42.4656977	-92.2694016
IA	19013002200	3386204	293036	1.307	0.113	42.5345693	-92.4514583
IA	19013002301	2082401	3232	0.804	0.001	42.5177499	-92.4421021
IA	19013002303	1478649	16478	0.571	0.006	42.5149829	-92.4607817
IA	19013002304	1206258	1762	0.466	0.001	42.5226723	-92.4571981
IA	19013002400	3555663	81713	1.373	0.032	42.5173835	-92.4196365
IA	19013002500	4528274	4261	1.748	0.002	42.5042176	-92.427587
IA	19013002601	17458928	338249	6.741	0.131	42.4876279	-92.4407083
IA	19013002604	146066748	2022697	56.397	0.781	42.5922918	-92.4065173
IA	19013002605	16890449	1534	6.521	0.001	42.5206715	-92.4884947
IA	19013002606	99318197	1759057	38.347	0.679	42.5490042	-92.5099572
IA	19013002700	212885045	1711098	82.195	0.661	42.5358514	-92.2446623
IA	19013002800	345325292	1590821	133.331	0.614	42.479723	-92.1273342
IA	19013002901	7893631	536336	3.048	0.207	42.4443932	-92.2813309
IA	19013002902	133096691	3979901	51.389	1.537	42.3532551	-92.2326471
IA	19013003001	49887226	27205	19.262	0.011	42.4371054	-92.3661395
IA	19013003002	305735104	671659	118.045	0.259	42.3774156	-92.426807
IA	19015020100	402544904	1786190	155.423	0.69	42.1301973	-93.8255925
IA	19015020200	6437180	0	2.485	0.	42.0710035	-93.8689003
IA	19015020300	11013011	0	4.252	0.	42.0498826	-93.8722272
IA	19015020400	6505799	0	2.512	0.	42.0521266	-93.9032207
IA	19015020500	288681965	1661695	111.461	0.642	41.9574584	-93.8049752
IA	19015020600	409132016	1841414	157.967	0.711	41.9431358	-94.0186003
IA	19015020700	353172104	2920124	136.361	1.127	42.1149928	-94.0571865
IA	19017004000	6563876	0	2.534	0.	42.7355391	-92.5078252
IA	19017004100	28420822	1354129	10.973	0.523	42.7451323	-92.4636045
IA	19017004200	35053215	368101	13.534	0.142	42.7075287	-92.5133482
IA	19017004300	216778547	658784	83.699	0.254	42.6929248	-92.2288881
IA	19017004400	255308407	1379544	98.575	0.533	42.7799658	-92.3648873
IA	19017004500	453506876	4393243	175.1	1.696	42.8388695	-92.2794943
IA	19017004600	114956746	1951823	44.385	0.754	42.6780053	-92.4406369
IA	19017004700	17297771	60161	6.679	0.023	42.856237	-92.1034979
IA	19019950100	380709156	60302	146.993	0.023	42.5494905	-91.74093
IA	19019950200	259173354	1551688	100.067	0.599	42.5751675	-91.9367963
IA	19019950300	96724207	76835	37.345	0.03	42.5055852	-92.0192585
IA	19019950400	15722462	234766	6.07	0.091	42.4653365	-91.920874
IA	19019950500	15281901	532765	5.9	0.206	42.4691456	-91.8738936
IA	19019950600	711475604	2766688	274.702	1.068	42.3833878	-91.8254373
IA	19021960100	334611915	722828	129.194	0.279	42.8292289	-95.022919
IA	19021960200	357680942	236074	138.101	0.091	42.8326421	-95.2620352
IA	19021960300	405015927	103458	156.378	0.04	42.6583082	-95.025673
IA	19021960400	45743524	4450939	17.662	1.719	42.6294801	-95.1761169
IA	19021960500	20614603	4223703	7.959	1.631	42.6585608	-95.2392605
IA	19021960600	325314961	4061138	125.605	1.568	42.6544921	-95.2793765
IA	19023070100	480318092	2332834	185.452	0.901	42.7787158	-92.692861
IA	19023070200	397823106	273110	153.6	0.105	42.7385903	-92.9572245
IA	19023070300	221913983	991137	85.681	0.383	42.8106576	-92.8396367
IA	19023070400	205464907	0	79.33	0.	42.6032762	-92.8020874
IA	19023070500	197030739	597902	76.074	0.231	42.6491563	-92.6061557
IA	19025950100	176597236	2191245	68.185	0.846	42.5096762	-94.550427
IA	19025950200	388012784	2162561	149.813	0.835	42.4675041	-94.7588546
IA	19025950300	538923848	139857	208.08	0.054	42.3477049	-94.5052597
IA	19025950400	372360724	1380164	143.769	0.533	42.2890374	-94.7382826
IA	19027960100	691350232	2015961	266.932	0.778	42.089182	-94.7822513
IA	19027960200	383286287	66339	147.988	0.026	42.0572589	-95.0047968
IA	19027960300	11103217	0	4.287	0.	42.0813576	-94.8662701
IA	19027960400	16124534	29264	6.226	0.011	42.0579601	-94.8667566
IA	19027960500	185749636	0	71.718	0.	41.9063365	-94.7445138
IA	19027960600	187263301	33785	72.303	0.013	41.9069174	-94.9755984
IA	19029190100	573661967	1116939	221.492	0.431	41.4324677	-94.9039344
IA	19029190200	342436098	81474	132.215	0.031	41.2561577	-95.0694159
IA	19029190300	492323045	474898	190.087	0.183	41.2649496	-94.8620535
IA	19029190400	15960661	12712	6.162	0.005	41.4032564	-94.9921691
IA	19029190500	37040688	101142	14.301	0.039	41.38707	-95.0369362
IA	19031450100	345754383	0	133.497	0.	41.8650591	-91.0082382
IA	19031450200	426482491	2688284	164.666	1.038	41.8488828	-91.2543143
IA	19031450300	63967122	0	24.698	0.	41.7823924	-91.1196629
IA	19031450400	181058404	0	69.907	0.	41.6874747	-90.9555694
IA	19031450500	483536332	3697549	186.694	1.428	41.6729816	-91.184507
IA	19033950102	6655125	0	2.57	0.	43.1712479	-93.1898042
IA	19033950201	27071951	268368	10.453	0.104	43.1193732	-93.2510298
IA	19033950202	31539360	568179	12.177	0.219	43.1727287	-93.2548727
IA	19033950300	10109180	57740	3.903	0.022	43.1259938	-93.2101798
IA	19033950402	6426197	58228	2.481	0.022	43.1236444	-93.1914399
IA	19033950600	419534868	188402	161.983	0.073	43.0705394	-93.0983092
IA	19033950700	65588393	1171834	25.324	0.452	43.1392285	-93.3333323
IA	19033950800	172769263	8415301	66.707	3.249	43.196304	-93.4302921
IA	19033950900	260101595	6725613	100.426	2.597	43.0627104	-93.36309
IA	19033951000	434871171	73315	167.905	0.028	42.9621996	-93.2671157
IA	19033951400	33499556	132689	12.934	0.051	43.1406177	-93.1361196
IA	19033951600	3723294	0	1.438	0.	43.1525752	-93.1804879
IA	19035080101	29694466	3297	11.465	0.001	42.7885888	-95.5466665
IA	19035080102	23221012	74414	8.966	0.029	42.7524847	-95.5734666
IA	19035080200	502479048	22225	194.008	0.009	42.8456294	-95.5930884
IA	19035080300	502191964	147367	193.897	0.057	42.6993395	-95.7512309
IA	19035080400	436594654	175857	168.57	0.068	42.6545626	-95.5211141
IA	19037070100	714181583	606043	275.747	0.234	43.124612	-92.3438952
IA	19037070200	191642820	2581940	73.994	0.997	42.9586343	-92.4166328
IA	19037070300	365747189	146083	141.216	0.056	42.989552	-92.195315
IA	19037070400	34621022	121384	13.367	0.047	43.068717	-92.3119511
IA	19039960100	19793894	227126	7.642	0.088	41.0341873	-93.7665931
IA	19039960200	552683130	216423	213.392	0.084	41.0277724	-93.6677015
IA	19039960300	544096580	1081197	210.077	0.417	41.0373654	-93.9025284
IA	19041080100	721818730	10969834	278.696	4.235	43.0761421	-95.0226461
IA	19041080200	21507145	176130	8.304	0.068	43.150316	-95.1241292
IA	19041080301	4330339	77986	1.672	0.03	43.1457599	-95.1560578
IA	19041080302	41092693	728308	15.866	0.281	43.1352066	-95.1776694
IA	19041080400	680390536	1914412	262.7	0.739	43.0761415	-95.2794692
IA	19043070100	350885696	12549481	135.478	4.845	42.9766922	-91.2451142
IA	19043070200	346769618	17395	133.889	0.007	43.0082107	-91.4752064
IA	19043070300	365761842	121382	141.221	0.047	42.8657639	-91.3968322
IA	19043070400	128020352	18756765	49.429	7.242	42.7846726	-91.136034
IA	19043070500	407516532	5202585	157.343	2.009	42.7039154	-91.1990653
IA	19043070600	417257286	44519	161.104	0.017	42.7371939	-91.4995786
IA	19045000100	1955377	228488	0.755	0.088	41.8450624	-90.189533
IA	19045000200	10433197	4240294	4.028	1.637	41.8176146	-90.1951551
IA	19045000300	2376153	0	0.917	0.	41.8366003	-90.2060998
IA	19045000400	39360203	0	15.197	0.	41.8292416	-90.2836496
IA	19045000500	10019836	16783	3.869	0.006	41.8489817	-90.2311687
IA	19045000600	6609303	849276	2.552	0.328	41.8630627	-90.1980365
IA	19045000700	19387095	2963018	7.485	1.144	41.8853633	-90.1961987
IA	19045000800	120706218	6405754	46.605	2.473	41.7825186	-90.3382553
IA	19045000900	140832764	468270	54.376	0.181	41.8116219	-90.4839804
IA	19045001000	442036373	490459	170.671	0.189	41.8325544	-90.7442059
IA	19045001100	383443287	44567	148.048	0.017	41.9665488	-90.7235642
IA	19045001200	622774891	23704046	240.455	9.152	41.9501628	-90.3633666
IA	19047070100	421959996	204769	162.92	0.079	42.1119711	-95.1973835
IA	19047070200	443592200	479236	171.272	0.185	42.1456493	-95.4885041
IA	19047070300	506680499	1077930	195.63	0.416	41.977311	-95.5543415
IA	19047070401	23150538	211089	8.938	0.082	42.0350264	-95.3420185
IA	19047070402	34577559	0	13.35	0.	42.0045913	-95.351984
IA	19047070500	419804621	198693	162.087	0.077	41.9276788	-95.2568989
IA	19049050100	228385614	1730797	88.18	0.668	41.7587127	-93.8667696
IA	19049050200	272979400	690122	105.398	0.266	41.747179	-94.0048679
IA	19049050300	9464812	0	3.654	0.	41.8424892	-94.0933354
IA	19049050400	6635032	176137	2.562	0.068	41.8388762	-94.117496
IA	19049050500	496231165	2399652	191.596	0.927	41.7247007	-94.1688306
IA	19049050600	181251870	132115	69.982	0.051	41.5649867	-94.1424308
IA	19049050700	56432240	614820	21.789	0.237	41.6056564	-94.0370297
IA	19049050803	12813769	21676	4.947	0.008	41.6301845	-93.8470445
IA	19049050805	5192636	0	2.005	0.	41.6148898	-93.8239787
IA	19049050807	5202214	0	2.009	0.	41.6076767	-93.8529618
IA	19049050812	46440600	1250544	17.931	0.483	41.5360235	-93.8491949
IA	19049050813	4122728	0	1.592	0.	41.5955172	-93.8144921
IA	19049050814	4294885	0	1.658	0.	41.5836126	-93.808387
IA	19049050815	5810322	0	2.243	0.	41.5593498	-93.8187986
IA	19049050816	6124785	40127	2.365	0.015	41.5606615	-93.8015855
IA	19049050817	8481608	41868	3.275	0.016	41.5906628	-93.8654638
IA	19049050818	6553176	0	2.53	0.	41.5781944	-93.8524807
IA	19049050901	2589346	3064	1.	0.001	41.6087643	-93.8818794
IA	19049050902	164510095	1634303	63.518	0.631	41.5615587	-93.9692663
IA	19051080100	661987502	3177182	255.595	1.227	40.7428007	-92.300751
IA	19051080200	638674424	3726905	246.594	1.439	40.7510406	-92.52631
IA	19053960100	789758529	1227375	304.927	0.474	40.7229313	-93.6923295
IA	19053960200	535233519	2116701	206.655	0.817	40.753208	-93.9188731
IA	19053960300	52577361	794550	20.3	0.307	40.7498688	-93.7472134
IA	19055950100	377752376	185049	145.851	0.071	42.5502199	-91.2470106
IA	19055950200	355629129	914273	137.309	0.353	42.5591162	-91.4957852
IA	19055950300	27142259	64413	10.48	0.025	42.4880514	-91.4603285
IA	19055950400	735669623	2021640	284.044	0.781	42.3756176	-91.3534927
IA	19057000200	3328267	553849	1.285	0.214	40.8193419	-91.1038043
IA	19057000300	5662592	0	2.186	0.	40.8184472	-91.1326286
IA	19057000400	2205557	0	0.852	0.	40.806348	-91.1143446
IA	19057000500	2890110	0	1.116	0.	40.7953521	-91.1135298
IA	19057000600	3652936	550760	1.41	0.213	40.7843669	-91.1025716
IA	19057000700	17810216	584055	6.877	0.226	40.7845548	-91.1373388
IA	19057000800	14024453	37978	5.415	0.015	40.8205516	-91.1671545
IA	19057000900	9849017	45633	3.803	0.018	40.8375906	-91.1297679
IA	19057001000	390539146	26921685	150.788	10.395	40.9718908	-91.0612389
IA	19057001100	423122251	264904	163.368	0.102	40.9574772	-91.2617559
IA	19057001200	204684688	6383074	79.029	2.465	40.7942385	-91.2445514
IA	19059450200	470760456	5411393	181.762	2.089	43.3787181	-95.2790993
IA	19059450501	5068846	1063962	1.957	0.411	43.4282206	-95.1092385
IA	19059450502	10242587	1849184	3.955	0.714	43.4082413	-95.1097702
IA	19059450800	186468399	299085	71.996	0.115	43.3032037	-95.0422058
IA	19059451000	286959640	32915848	110.796	12.709	43.4226116	-95.0230569
IA	19059451100	26074618	19141169	10.067	7.39	43.388082	-95.1332444
IA	19061000100	4821284	2111865	1.862	0.815	42.5104645	-90.6530999
IA	19061000300	686945	0	0.265	0.	42.5236559	-90.6564598
IA	19061000400	3622346	0	1.399	0.	42.5311401	-90.6673148
IA	19061000500	1202893	0	0.464	0.	42.5190443	-90.6721758
IA	19061000600	1836191	0	0.709	0.	42.5108233	-90.6840076
IA	19061000701	1280113	0	0.494	0.	42.5035346	-90.6800968
IA	19061000702	1599301	0	0.617	0.	42.4951709	-90.6768963
IA	19061000801	7585599	497320	2.929	0.192	42.4801971	-90.6696
IA	19061000802	6780468	0	2.618	0.	42.4799532	-90.7044385
IA	19061000900	1988263	0	0.768	0.	42.4976468	-90.6954729
IA	19061001101	2875252	0	1.11	0.	42.5195726	-90.7097381
IA	19061001103	6402703	0	2.472	0.	42.5244542	-90.7434009
IA	19061001104	9741342	0	3.761	0.	42.5331371	-90.7041527
IA	19061001201	3163426	0	1.221	0.	42.5053263	-90.7063977
IA	19061001202	2136718	0	0.825	0.	42.4996787	-90.7201844
IA	19061001204	2842506	0	1.097	0.	42.5054301	-90.7492393
IA	19061001205	3531559	0	1.364	0.	42.5031465	-90.733141
IA	19061010101	15442809	0	5.963	0.	42.4567662	-90.6996241
IA	19061010103	12124404	4898559	4.681	1.891	42.5493939	-90.6726585
IA	19061010104	41019200	0	15.838	0.	42.4725078	-90.7626345
IA	19061010105	148634758	5380322	57.388	2.077	42.4158639	-90.6528911
IA	19061010201	142741730	0	55.113	0.	42.4914356	-90.8404785
IA	19061010202	125426653	0	48.428	0.	42.490266	-90.9500452
IA	19061010300	374086283	0	144.436	0.	42.3564925	-90.8552057
IA	19061010400	374264029	45700	144.504	0.018	42.4843992	-91.0566801
IA	19061010500	37702498	34448	14.557	0.013	42.4813518	-91.1019119
IA	19061010600	241946746	8172526	93.416	3.155	42.6059032	-90.8455705
IA	19063070100	365991621	1536391	141.31	0.593	43.3635187	-94.5321705
IA	19063070200	632357794	15639174	244.155	6.038	43.3886259	-94.7578992
IA	19063070300	9122029	0	3.522	0.	43.3996984	-94.8144688
IA	19063070400	17877881	0	6.903	0.	43.4012124	-94.8494527
IA	19065080100	30453922	0	11.758	0.	42.953958	-91.7977037
IA	19065080200	568269550	704705	219.41	0.272	42.7760826	-91.7297484
IA	19065080300	359004818	113119	138.613	0.044	42.7375818	-91.9693212
IA	19065080400	13205298	0	5.099	0.	42.6892913	-91.91204
IA	19065080500	21077098	221705	8.138	0.086	42.6600412	-91.9117721
IA	19065080600	318533334	127147	122.986	0.049	42.998555	-91.710413
IA	19065080700	582262740	188279	224.813	0.073	42.9574786	-91.9584738
IA	19067480100	458395484	192624	176.987	0.074	43.1060141	-92.6791674
IA	19067480200	299264250	69206	115.547	0.027	43.1287239	-92.9023504
IA	19067480300	498756573	1475076	192.571	0.57	42.9725502	-92.8201022
IA	19067480400	15796323	160406	6.099	0.062	43.0915961	-92.665924
IA	19067480500	24259293	126618	9.367	0.049	43.0584475	-92.6817247
IA	19069360100	691350995	517751	266.932	0.2	42.7330024	-93.1399516
IA	19069360200	60090009	408473	23.201	0.158	42.7382159	-93.218695
IA	19069360300	755859414	512122	291.839	0.198	42.7347522	-93.3848427
IA	19071970100	643047988	4240192	248.282	1.637	40.7367396	-95.4872613
IA	19071970200	232487935	992036	89.764	0.383	40.7961133	-95.6444016
IA	19071970300	448382292	8936710	173.121	3.45	40.7325861	-95.7447619
IA	19073080100	366814954	400546	141.628	0.155	42.0364973	-94.219014
IA	19073080200	300780625	454458	116.132	0.175	42.0417264	-94.3251979
IA	19073080300	260220034	1146113	100.472	0.443	41.992929	-94.4248214
IA	19073080500	547332417	2403076	211.326	0.928	42.0566907	-94.5339719
IA	19075960100	347306342	10422	134.096	0.004	42.4036918	-92.6223593
IA	19075960200	511262003	63555	197.399	0.025	42.4774889	-92.8249332
IA	19075960300	106334920	0	41.056	0.	42.3401486	-92.8133441
IA	19075960400	334896432	18535	129.304	0.007	42.3072627	-92.9098301
IA	19077950100	406872119	5634801	157.094	2.176	41.7520632	-94.377953
IA	19077950200	752356600	233455	290.487	0.09	41.6904912	-94.6201612
IA	19077950300	370428008	487275	143.023	0.188	41.5699371	-94.4012417
IA	19079960100	521564428	344824	201.377	0.133	42.4793224	-93.7553055
IA	19079960200	595184591	1437306	229.802	0.555	42.3401294	-93.5877261
IA	19079960300	27147254	98051	10.482	0.038	42.4610047	-93.803426
IA	19079960400	27158954	6170	10.486	0.002	42.4632964	-93.8587156
IA	19079960500	322670308	69831	124.584	0.027	42.287322	-93.8253755
IA	19081270100	197540524	381839	76.271	0.147	43.1588523	-93.5524893
IA	19081270200	555946356	3502062	214.652	1.352	43.0582906	-93.641885
IA	19081270300	178168793	1027395	68.791	0.397	43.1753752	-93.8011285
IA	19081270400	547239378	354272	211.29	0.137	43.0521333	-93.8811615
IA	19083480100	270433142	46229	104.415	0.018	42.4574029	-93.1087296
IA	19083480200	103216300	146140	39.852	0.056	42.5071974	-93.2137068
IA	19083480300	37651989	136744	14.538	0.053	42.5049317	-93.304528
IA	19083480400	509299801	228092	196.642	0.088	42.4123857	-93.3952455
IA	19083480500	490746418	547120	189.478	0.211	42.2901356	-93.1819112
IA	19083480600	63150386	679434	24.383	0.262	42.3640387	-93.07142
IA	19085290100	479591317	4011340	185.171	1.549	41.8167259	-95.8352909
IA	19085290200	415836206	539488	160.555	0.208	41.721858	-95.8046249
IA	19085290300	389610218	3811903	150.429	1.472	41.6459374	-95.8455005
IA	19085290400	17678349	0	6.826	0.	41.5673698	-95.889989
IA	19085290500	502180179	3962775	193.893	1.53	41.5572572	-95.7700615
IA	19087970100	398043843	169893	153.686	0.066	41.0960243	-91.5361308
IA	19087970200	409953892	3552601	158.284	1.372	40.9252126	-91.6179473
IA	19087970300	23306489	41162	8.999	0.016	40.9718946	-91.5692164
IA	19087970400	26774995	42294	10.338	0.016	40.9479	-91.533914
IA	19087970500	266720971	1968879	102.982	0.76	40.9350742	-91.4300646
IA	19089960100	18364329	0	7.091	0.	43.374086	-92.1131381
IA	19089960200	575084132	488475	222.041	0.189	43.3570861	-92.1975694
IA	19089960300	632254379	443005	244.115	0.171	43.3565362	-92.4306228
IA	19091970100	584425281	716816	225.648	0.277	42.7710515	-94.1076648
IA	19091970200	498680775	1724088	192.542	0.666	42.7814412	-94.3450646
IA	19091970300	20841237	411293	8.047	0.159	42.718863	-94.2064196
IA	19091970400	21070706	521212	8.135	0.201	42.722424	-94.2323468
IA	19093090100	365809973	122829	141.24	0.047	42.4965687	-95.574122
IA	19093090200	670862108	1079742	259.021	0.417	42.267954	-95.5846303
IA	19093090300	80942258	189395	31.252	0.073	42.3449439	-95.4919067
IA	19095960100	357254638	1139995	137.937	0.44	41.7726336	-91.942116
IA	19095960200	355417042	479744	137.227	0.185	41.7836403	-92.1686086
IA	19095960300	424982015	834693	164.086	0.322	41.6116196	-92.1926806
IA	19095960400	381257995	232415	147.205	0.09	41.5962224	-91.9571284
IA	19097950100	511184252	947393	197.369	0.366	42.1673832	-90.7906218
IA	19097950200	472651668	6444521	182.492	2.488	42.2245067	-90.5889682
IA	19097950300	349714881	19756685	135.026	7.628	42.094243	-90.3324255
IA	19097950400	289419608	7774090	111.746	3.002	42.2070191	-90.4595153
IA	19097950500	12705873	56273	4.906	0.022	42.0569418	-90.6773289
IA	19097950600	11664300	154440	4.504	0.06	42.0637682	-90.6536118
IA	19099040100	504163988	2793606	194.659	1.079	41.7843165	-92.9191422
IA	19099040200	402378116	678459	155.359	0.262	41.7742733	-93.2253436
IA	19099040300	19507876	16839	7.532	0.007	41.7064807	-93.0796869
IA	19099040400	7700551	0	2.973	0.	41.6976353	-93.0242703
IA	19099040500	4141194	0	1.599	0.	41.6955331	-93.047594
IA	19099040600	2649238	0	1.023	0.	41.6914425	-93.0669455
IA	19099040700	238974212	1143133	92.268	0.441	41.5933589	-93.2692159
IA	19099040800	351970478	1553583	135.897	0.6	41.6058138	-93.0869266
IA	19099040900	359245698	358545	138.706	0.138	41.5988652	-92.8598441
IA	19099980000	1063742	0	0.411	0.	41.6252732	-93.0604263
IA	19101090100	570438002	2698333	220.247	1.042	41.0349212	-91.835752
IA	19101090200	513551186	315628	198.283	0.122	41.0248956	-92.0711394
IA	19101090301	1350543	0	0.521	0.	41.0031583	-91.9686828
IA	19101090302	18030596	0	6.962	0.	41.0043072	-91.9910347
IA	19101090400	24632105	508277	9.511	0.196	41.0021894	-91.9419005
IA	19103000100	19556784	475798	7.551	0.184	41.6822789	-91.5169607
IA	19103000200	3176710	95546	1.227	0.037	41.6784456	-91.5705349
IA	19103000303	9320726	0	3.599	0.	41.7084111	-91.6245458
IA	19103000304	1661953	0	0.642	0.	41.6889446	-91.5976119
IA	19103000305	5788631	13541	2.235	0.005	41.7065019	-91.5968569
IA	19103000306	4982184	99258	1.924	0.038	41.6976241	-91.5699995
IA	19103000307	1341526	0	0.518	0.	41.6813987	-91.5866739
IA	19103000401	1401291	0	0.541	0.	41.6511054	-91.5797701
IA	19103000402	35923148	0	13.87	0.	41.6549773	-91.611246
IA	19103000501	2606083	0	1.006	0.	41.643123	-91.5649525
IA	19103000502	2404897	0	0.929	0.	41.657225	-91.5652207
IA	19103000600	1207419	49909	0.466	0.019	41.6513186	-91.5442579
IA	19103001100	942778	0	0.364	0.	41.6655698	-91.5284791
IA	19103001200	1224067	0	0.473	0.	41.6608064	-91.5108113
IA	19103001300	1839703	0	0.71	0.	41.6621556	-91.4923332
IA	19103001400	2906779	0	1.122	0.	41.648896	-91.4913927
IA	19103001500	1476994	0	0.57	0.	41.6523399	-91.510231
IA	19103001601	414999	0	0.16	0.	41.656351	-91.5304023
IA	19103001602	655194	0	0.253	0.	41.6568367	-91.5231456
IA	19103001700	3944928	24865	1.523	0.01	41.6425449	-91.5094982
IA	19103001801	14076779	607017	5.435	0.234	41.6174548	-91.5014103
IA	19103001802	3294886	123388	1.272	0.048	41.6366549	-91.5242066
IA	19103002100	829825	100390	0.32	0.039	41.6613117	-91.5361396
IA	19103002300	3425011	211617	1.322	0.082	41.6658768	-91.5469903
IA	19103010100	310306166	10090900	119.81	3.896	41.7766742	-91.4669488
IA	19103010200	156756849	3978508	60.524	1.536	41.8178996	-91.707501
IA	19103010303	144570367	489784	55.819	0.189	41.7371841	-91.7469564
IA	19103010304	9417279	0	3.636	0.	41.7251366	-91.5857225
IA	19103010305	6999851	0	2.703	0.	41.7486752	-91.6248256
IA	19103010306	45663254	1477399	17.631	0.57	41.7686797	-91.6693524
IA	19103010307	12191801	3006880	4.707	1.161	41.7857589	-91.5953373
IA	19103010308	18763609	1753864	7.245	0.677	41.7446045	-91.570276
IA	19103010401	80755459	1578509	31.18	0.609	41.5826175	-91.5580378
IA	19103010402	363547965	111140	140.367	0.043	41.597219	-91.7186576
IA	19103010501	12465768	0	4.813	0.	41.6476828	-91.4731591
IA	19103010502	301814132	1782534	116.531	0.688	41.5436255	-91.435044
IA	19105070100	687565997	110772	265.471	0.043	42.2180768	-91.1376095
IA	19105070301	4207435	85343	1.624	0.033	42.0991595	-91.2771648
IA	19105070302	15196544	0	5.867	0.	42.1288452	-91.2842156
IA	19105070401	187047335	493217	72.219	0.19	42.0218707	-91.3109983
IA	19105070402	170745396	2137944	65.925	0.825	42.0438024	-91.1885691
IA	19105070500	395951431	810916	152.878	0.313	42.0375282	-91.0124712
IA	19105070600	30130626	144299	11.634	0.056	42.2337381	-91.1874931
IA	19107080100	484126748	791335	186.922	0.306	41.3567442	-92.0493806
IA	19107080200	456434677	396582	176.23	0.153	41.4312036	-92.2634569
IA	19107080300	115769339	31538	44.699	0.012	41.3136584	-92.3017349
IA	19107080400	443726047	724609	171.324	0.28	41.2249784	-92.1952477
IA	19109950100	897298939	3197151	346.449	1.234	43.4096577	-94.1781603
IA	19109950200	702953172	594084	271.412	0.229	43.0744984	-94.0791112
IA	19109950300	336913631	0	130.083	0.	43.2478748	-94.3254924
IA	19109950400	19255135	100587	7.434	0.039	43.0806151	-94.2436664
IA	19109950500	18173026	0	7.017	0.	43.0790282	-94.2088747
IA	19109950600	544767907	233770	210.336	0.09	43.0312465	-94.3345399
IA	19111490100	11603638	0	4.48	0.	40.6354628	-91.3717939
IA	19111490200	27639096	21803205	10.672	8.418	40.5924716	-91.4008803
IA	19111490300	228820795	12749382	88.348	4.923	40.6906595	-91.2808728
IA	19111490400	360821842	510667	139.314	0.197	40.7500774	-91.5278802
IA	19111490500	435892667	1416403	168.299	0.547	40.6348153	-91.578115
IA	19111490600	221016813	12665659	85.335	4.89	40.4857337	-91.4860262
IA	19111490700	21474117	2873200	8.291	1.109	40.450864	-91.4108805
IA	19111490800	11809094	1201589	4.56	0.464	40.4048832	-91.4121165
IA	19111490900	1584814	2024076	0.612	0.782	40.401695	-91.3766527
IA	19111491000	1657888	0	0.64	0.	40.3997642	-91.3954351
IA	19111491100	18127795	22586	6.999	0.009	40.6524593	-91.3261366
IA	19113000101	19884722	15578	7.678	0.006	42.0737062	-91.5703349
IA	19113000102	3838220	0	1.482	0.	42.0430532	-91.564999
IA	19113000103	21874444	222937	8.446	0.086	41.9947799	-91.5670276
IA	19113000201	4495770	0	1.736	0.	42.0426071	-91.6814082
IA	19113000205	22187258	384754	8.567	0.149	42.0538191	-91.7292662
IA	19113000208	15817352	0	6.107	0.	42.0749415	-91.6198583
IA	19113000209	3120175	0	1.205	0.	42.0480623	-91.6275113
IA	19113000210	17582030	38837	6.788	0.015	42.0669303	-91.6780881
IA	19113000211	7012823	0	2.708	0.	42.0667363	-91.6485384
IA	19113000212	1857042	0	0.717	0.	42.0434298	-91.6535547
IA	19113000213	4061939	0	1.568	0.	42.033937	-91.6527064
IA	19113000300	5003916	0	1.932	0.	42.0383251	-91.6153272
IA	19113000400	2886937	0	1.115	0.	42.0413684	-91.5885183
IA	19113000500	8155696	35820	3.149	0.014	42.0087244	-91.5897124
IA	19113000600	5541081	0	2.139	0.	42.0193178	-91.6117364
IA	19113000700	2354998	0	0.909	0.	42.0212217	-91.6343346
IA	19113000800	3692208	13171	1.426	0.005	42.02056	-91.656867
IA	19113000901	4915030	0	1.898	0.	42.025084	-91.684396
IA	19113000902	13543430	399403	5.229	0.154	42.0173491	-91.7102969
IA	19113001001	13253501	845663	5.117	0.327	41.9960284	-91.7418324
IA	19113001002	1891507	0	0.73	0.	41.971951	-91.7477129
IA	19113001004	2644743	0	1.021	0.	41.9658949	-91.7336921
IA	19113001005	1638754	0	0.633	0.	41.9657204	-91.7210027
IA	19113001101	2943165	0	1.136	0.	41.9836077	-91.7013497
IA	19113001102	3838376	368819	1.482	0.142	41.995104	-91.6922975
IA	19113001200	1421840	162005	0.549	0.063	41.9847439	-91.6802439
IA	19113001300	4462072	741346	1.723	0.286	41.9981772	-91.6664014
IA	19113001400	2023329	0	0.781	0.	42.0090205	-91.6455074
IA	19113001500	5189683	0	2.004	0.	42.0013593	-91.6176451
IA	19113001600	7950522	0	3.07	0.	41.9846447	-91.6070533
IA	19113001700	2723178	0	1.051	0.	41.984905	-91.6422853
IA	19113001800	1349700	0	0.521	0.	41.997292	-91.6443654
IA	19113001900	1738112	68965	0.671	0.027	41.983843	-91.6606193
IA	19113002200	1443306	103963	0.557	0.04	41.971339	-91.676311
IA	19113002300	2477913	0	0.957	0.	41.9741607	-91.7000769
IA	19113002400	3553248	0	1.372	0.	41.9638771	-91.7012095
IA	19113002500	2174655	0	0.84	0.	41.960936	-91.6784862
IA	19113002600	2579555	261852	0.996	0.101	41.9604055	-91.6491389
IA	19113002700	2348311	192285	0.907	0.074	41.9722261	-91.6538207
IA	19113002800	11082380	560530	4.279	0.216	41.9613177	-91.6241117
IA	19113002900	7904947	110278	3.052	0.043	41.9462811	-91.6703123
IA	19113003003	25048163	334643	9.671	0.129	41.9223745	-91.6085045
IA	19113003004	21273949	38782	8.214	0.015	41.9232151	-91.6784453
IA	19113003005	10238785	0	3.953	0.	41.9438121	-91.7198885
IA	19113003006	10439831	25085	4.031	0.01	41.9311412	-91.7502457
IA	19113010100	277436931	2453595	107.119	0.947	42.2582703	-91.5355275
IA	19113010200	170363650	1086539	65.778	0.42	42.2188577	-91.7665048
IA	19113010300	276336436	2274508	106.694	0.878	42.1712354	-91.5409629
IA	19113010400	187700940	97418	72.472	0.038	42.0378253	-91.4164753
IA	19113010500	163527402	1245251	63.138	0.481	42.0255794	-91.5258301
IA	19113010600	165073566	5175657	63.735	1.998	42.0655463	-91.7799436
IA	19113010700	203108874	1380338	78.421	0.533	41.8984825	-91.6849568
IA	19113010801	60123821	1181030	23.214	0.456	41.8893523	-91.4204061
IA	19113010802	31918215	16175	12.324	0.006	41.9326391	-91.4170189
IA	19115450100	335574456	25797302	129.566	9.96	41.2398628	-91.1798775
IA	19115450200	448113911	5662615	173.018	2.186	41.2563177	-91.3948474
IA	19115450300	256908432	9324404	99.193	3.6	41.1378932	-91.1653318
IA	19117950100	448163461	8770468	173.037	3.386	41.0212907	-93.1928349
IA	19117950200	625765980	954514	241.61	0.369	41.035335	-93.4280237
IA	19117950300	25917104	0	10.007	0.	41.0486482	-93.3196088
IA	19117950400	15611719	127863	6.028	0.049	41.0213272	-93.2845931
IA	19119950100	514190983	12058	198.53	0.005	43.3820284	-95.9883445
IA	19119950200	251617689	145796	97.15	0.056	43.3794233	-96.1603775
IA	19119950300	756092588	282419	291.929	0.109	43.3788887	-96.3793876
IA	19121060101	302084298	2137623	116.635	0.825	41.4702639	-94.0019217
IA	19121060102	293051465	566828	113.148	0.219	41.3474008	-93.8902282
IA	19121060200	15365845	0	5.933	0.	41.3278088	-94.0085156
IA	19121060300	842497439	279389	325.29	0.108	41.2761305	-94.0570152
IA	19123950100	571269861	1524937	220.569	0.589	41.3464181	-92.4955664
IA	19123950200	416915868	188844	160.972	0.073	41.4301935	-92.7376797
IA	19123950300	454706076	4879920	175.563	1.884	41.2380154	-92.7237594
IA	19123950400	12156945	619	4.694	0.	41.3227839	-92.6229894
IA	19123950500	11006115	0	4.249	0.	41.2806926	-92.623449
IA	19123950600	6304972	0	2.434	0.	41.3092435	-92.6578718
IA	19123950700	6137157	0	2.37	0.	41.2782763	-92.6521975
IA	19125030101	360612933	19022348	139.233	7.345	41.446549	-93.0403489
IA	19125030102	155853226	4929102	60.175	1.903	41.4198247	-93.2431284
IA	19125030201	14214144	0	5.488	0.	41.4236019	-92.9191581
IA	19125030202	6797008	0	2.624	0.	41.3943801	-92.9034267
IA	19125030300	6582924	0	2.542	0.	41.3934126	-92.923946
IA	19125030401	152380233	378338	58.834	0.146	41.3265353	-93.1596152
IA	19125030402	139167292	15962390	53.733	6.163	41.3355171	-93.0474053
IA	19125030500	1411264	0	0.545	0.	41.3208551	-93.0997903
IA	19125030600	303923881	49655	117.346	0.019	41.2424293	-93.2337168
IA	19125030700	295180186	1142776	113.97	0.441	41.2325692	-92.9767988
IA	19127950100	367969312	240617	142.074	0.093	42.1342123	-92.8891013
IA	19127950200	402620331	623817	155.453	0.241	42.0975801	-93.1329208
IA	19127950300	427423070	325445	165.029	0.126	41.9274591	-93.0482463
IA	19127950400	190727175	221472	73.64	0.086	41.9434642	-92.8376082
IA	19127950500	6375579	21405	2.462	0.008	42.0603021	-92.8977859
IA	19127950600	3203640	0	1.237	0.	42.0421212	-92.9198122
IA	19127950700	19376059	182868	7.481	0.071	42.0630549	-92.9687992
IA	19127950801	3135817	0	1.211	0.	42.0163258	-92.9210757
IA	19127950802	28733590	48644	11.094	0.019	42.0258326	-92.9559493
IA	19127950900	12553213	125372	4.847	0.048	42.0479651	-92.8888577
IA	19127951000	20658285	13440	7.976	0.005	42.0211532	-92.8887045
IA	19129040100	516298914	1973939	199.344	0.762	41.0225528	-95.4929679
IA	19129040201	332703078	4803173	128.457	1.855	40.9943302	-95.7576292
IA	19129040202	258426672	1509289	99.779	0.583	41.1049603	-95.6864049
IA	19129040301	5211417	0	2.012	0.	41.051138	-95.7562607
IA	19129040302	20300419	29962	7.838	0.012	41.0627116	-95.7371366
IA	19131560100	638440390	111329	246.503	0.043	43.3556912	-92.6796502
IA	19131560200	560804990	1007162	216.528	0.389	43.354433	-92.917722
IA	19131560300	16122834	0	6.225	0.	43.2766285	-92.811991
IA	19133960100	388160813	1197849	149.87	0.462	42.137622	-95.8663058
IA	19133960200	668151387	10163444	257.975	3.924	42.0749048	-96.1427865
IA	19133960300	17118549	0	6.61	0.	42.0255063	-96.0905263
IA	19133960400	724208327	1229770	279.618	0.475	41.971919	-95.8372909
IA	19135070100	265145047	1048067	102.373	0.405	41.0987248	-92.7432941
IA	19135070200	254760652	164550	98.364	0.064	40.9607162	-92.7436241
IA	19135070300	603393403	310173	232.972	0.12	41.0313705	-92.9709783
IA	19137960100	706699858	806274	272.858	0.311	41.0774013	-95.1534533
IA	19137960200	8234814	83689	3.179	0.032	41.012442	-95.2077332
IA	19137960300	14065252	312347	5.431	0.121	41.0037014	-95.2403657
IA	19137960400	369405845	1208136	142.628	0.466	40.945355	-95.1598585
IA	19139050100	303664210	10895634	117.245	4.207	41.5133919	-90.8961517
IA	19139050200	288474623	8371464	111.381	3.232	41.5244908	-91.1180598
IA	19139050300	227512308	1338329	87.843	0.517	41.5173179	-91.2974975
IA	19139050400	264929367	6560608	102.29	2.533	41.3913797	-91.2062791
IA	19139050500	5036390	0	1.945	0.	41.4297044	-91.0740238
IA	19139050600	20482461	0	7.908	0.	41.4598117	-91.0640553
IA	19139050700	13651946	1290951	5.271	0.498	41.4495207	-91.0245409
IA	19139050800	1765690	0	0.682	0.	41.4334898	-91.046003
IA	19139050900	1623549	455356	0.627	0.176	41.4207957	-91.0477226
IA	19139051000	5823936	1349995	2.249	0.521	41.4073281	-91.0645987
IA	19141490100	558651821	63881	215.697	0.025	43.1237786	-95.5162624
IA	19141490200	548078470	14819	211.614	0.006	43.1180526	-95.7345362
IA	19141490300	23528050	35684	9.084	0.014	43.1816809	-95.843391
IA	19141490400	353895615	333064	136.64	0.129	42.9496492	-95.6157612
IA	19143460100	301728867	36358	116.498	0.014	43.4264839	-95.7527312
IA	19143460200	730864936	1798905	282.189	0.695	43.366174	-95.5748126
IA	19145490100	660259509	924869	254.928	0.357	40.8175645	-95.1525181
IA	19145490200	11400983	0	4.402	0.	40.771449	-95.367321
IA	19145490300	6689178	0	2.583	0.	40.746665	-95.3748838
IA	19145490400	27347368	0	10.559	0.	40.7588339	-95.0390781
IA	19145490500	19568118	85563	7.555	0.033	40.7255963	-95.0561451
IA	19145490600	660232487	348582	254.917	0.135	40.6595965	-95.1492758
IA	19147960100	713432005	2452774	275.458	0.947	43.0752871	-94.5506608
IA	19147960200	338397456	154109	130.656	0.06	43.0753006	-94.7456553
IA	19147960300	42958413	2259280	16.586	0.872	43.1356953	-94.6743539
IA	19147960400	365612679	9562564	141.164	3.692	43.0896933	-94.8453779
IA	19149970100	27031569	22701	10.437	0.009	42.7950433	-96.143973
IA	19149970200	27059188	0	10.448	0.	42.7768772	-96.195974
IA	19149970300	513641016	220024	198.318	0.085	42.8309451	-96.3956749
IA	19149970400	391778895	37884	151.267	0.015	42.8456303	-96.0319251
IA	19149970500	650262839	10339	251.068	0.004	42.6706004	-96.0274883
IA	19149970600	624941751	1885903	241.291	0.728	42.6669146	-96.3810061
IA	19151780100	332384974	47291	128.335	0.018	42.8565946	-94.7299686
IA	19151780200	425883512	788616	164.435	0.304	42.7871612	-94.6277785
IA	19151780300	736778713	2830621	284.472	1.093	42.6518838	-94.6890704
IA	19153000101	2356557	0	0.91	0.	41.6326918	-93.5464188
IA	19153000102	1606771	0	0.62	0.	41.622369	-93.5358697
IA	19153000103	2800826	0	1.081	0.	41.6202311	-93.5518446
IA	19153000201	1933647	0	0.747	0.	41.6295288	-93.5684022
IA	19153000202	2256426	0	0.871	0.	41.6145112	-93.5700979
IA	19153000300	6645712	0	2.566	0.	41.6221719	-93.5883211
IA	19153000400	2033555	0	0.785	0.	41.6322323	-93.6126601
IA	19153000500	2020339	0	0.78	0.	41.6231984	-93.6125832
IA	19153000600	2893801	266305	1.117	0.103	41.6271674	-93.6332199
IA	19153000701	2378298	149288	0.918	0.058	41.6224	-93.6478275
IA	19153000702	3574103	210507	1.38	0.081	41.6400617	-93.6563401
IA	19153000703	2138623	0	0.826	0.	41.6225845	-93.6667755
IA	19153000704	1933770	0	0.747	0.	41.6373439	-93.6718793
IA	19153000801	4282172	0	1.653	0.	41.6398079	-93.6889812
IA	19153000802	1758434	0	0.679	0.	41.6216965	-93.681034
IA	19153000803	2466659	0	0.952	0.	41.6216705	-93.6969671
IA	19153000901	1614194	0	0.623	0.	41.6082785	-93.6974739
IA	19153000902	2507393	7368	0.968	0.003	41.6058146	-93.6820027
IA	19153001000	1965705	0	0.759	0.	41.6076642	-93.6657169
IA	19153001100	1897273	0	0.733	0.	41.6074899	-93.6514178
IA	19153001200	1408093	0	0.544	0.	41.6081186	-93.639233
IA	19153001500	1798255	152390	0.694	0.059	41.613785	-93.6112081
IA	19153001700	1508655	0	0.582	0.	41.6028649	-93.5926234
IA	19153001800	1442313	0	0.557	0.	41.6040039	-93.5685467
IA	19153001900	3487234	52411	1.346	0.02	41.6086836	-93.5463756
IA	19153002100	2280172	0	0.88	0.	41.5953676	-93.5702206
IA	19153002600	801632	0	0.31	0.	41.597749	-93.6466974
IA	19153002700	1764376	0	0.681	0.	41.5904661	-93.6450694
IA	19153002800	1368783	0	0.528	0.	41.5966169	-93.6647634
IA	19153002900	1559157	0	0.602	0.	41.5887241	-93.6640969
IA	19153003001	2178291	0	0.841	0.	41.5963479	-93.6884535
IA	19153003002	2462060	0	0.951	0.	41.5880666	-93.6909051
IA	19153003100	2346580	0	0.906	0.	41.5782125	-93.6838906
IA	19153003200	2293250	0	0.885	0.	41.5793555	-93.6634706
IA	19153003901	3278011	129833	1.266	0.05	41.5620619	-93.5878033
IA	19153003902	7595012	389916	2.932	0.151	41.5523888	-93.5661138
IA	19153004001	9996926	913674	3.86	0.353	41.5623833	-93.674997
IA	19153004004	6401177	0	2.472	0.	41.5491024	-93.676372
IA	19153004100	4292960	494273	1.658	0.191	41.5647449	-93.633197
IA	19153004200	2117003	150910	0.817	0.058	41.5729838	-93.6123851
IA	19153004300	2905911	0	1.122	0.	41.5563695	-93.6162357
IA	19153004400	2330043	0	0.9	0.	41.5602736	-93.6028884
IA	19153004501	1942165	0	0.75	0.	41.5445245	-93.6112503
IA	19153004502	1774993	0	0.685	0.	41.5446005	-93.6389962
IA	19153004602	3898980	0	1.505	0.	41.5336472	-93.6112386
IA	19153004603	2580193	0	0.996	0.	41.5337456	-93.6353514
IA	19153004701	6229633	0	2.405	0.	41.5190345	-93.6492133
IA	19153004702	3895112	0	1.504	0.	41.5191753	-93.6111049
IA	19153004800	1427755	76222	0.551	0.029	41.601745	-93.6074949
IA	19153004900	1825688	169893	0.705	0.066	41.6046082	-93.6185229
IA	19153005000	1513863	0	0.585	0.	41.6041031	-93.6305012
IA	19153005101	4403556	279009	1.7	0.108	41.5835815	-93.6284166
IA	19153005102	1569937	68487	0.606	0.026	41.5910265	-93.6069322
IA	19153005200	5062775	374393	1.955	0.145	41.5843925	-93.5919216
IA	19153005300	13034236	1980909	5.033	0.765	41.5812513	-93.5511818
IA	19153010101	347087594	1000393	134.011	0.386	41.8053511	-93.510749
IA	19153010102	134727169	407591	52.018	0.157	41.714024	-93.4539533
IA	19153010205	11385498	0	4.396	0.	41.7197844	-93.6168461
IA	19153010207	3826408	0	1.477	0.	41.730031	-93.6394155
IA	19153010208	2709280	0	1.046	0.	41.7406365	-93.6220386
IA	19153010209	3957657	0	1.528	0.	41.739053	-93.5855241
IA	19153010211	3967400	0	1.532	0.	41.7256041	-93.5769384
IA	19153010212	6303657	0	2.434	0.	41.7117181	-93.5819503
IA	19153010213	12481994	1776221	4.819	0.686	41.7092411	-93.6556823
IA	19153010214	7825890	0	3.022	0.	41.6957065	-93.6102691
IA	19153010215	19014108	759930	7.341	0.293	41.7525321	-93.6707343
IA	19153010216	21438459	0	8.277	0.	41.7627919	-93.6199414
IA	19153010404	2810679	17662	1.085	0.007	41.6459825	-93.7265141
IA	19153010406	9534349	37073	3.681	0.014	41.634266	-93.7623155
IA	19153010407	4032307	0	1.557	0.	41.6405874	-93.7461625
IA	19153010408	2464414	0	0.952	0.	41.6268204	-93.7107004
IA	19153010409	2828991	4378	1.092	0.002	41.645393	-93.7080222
IA	19153010410	1309145	0	0.505	0.	41.63296	-93.7267744
IA	19153010411	2628126	0	1.015	0.	41.6220446	-93.726747
IA	19153010500	38543215	1401466	14.882	0.541	41.6612998	-93.627618
IA	19153010601	28911070	31970	11.163	0.012	41.6698639	-93.5494111
IA	19153010602	17144167	126444	6.619	0.049	41.6321097	-93.5194354
IA	19153010702	176009873	2453313	67.958	0.947	41.5899391	-93.3873686
IA	19153010703	5687662	0	2.196	0.	41.6589289	-93.4654778
IA	19153010707	11018980	0	4.254	0.	41.6313534	-93.4935014
IA	19153010708	13552573	0	5.233	0.	41.6204549	-93.4665079
IA	19153010709	4643637	0	1.793	0.	41.6426947	-93.4543197
IA	19153010803	5105044	0	1.971	0.	41.5916558	-93.5148421
IA	19153010804	43033912	1384131	16.615	0.534	41.5683143	-93.474351
IA	19153010805	9483334	655904	3.662	0.253	41.5358384	-93.572301
IA	19153010806	39227672	1221545	15.146	0.472	41.5304147	-93.5142445
IA	19153011001	2014220	0	0.778	0.	41.5735707	-93.7175507
IA	19153011021	2515842	0	0.971	0.	41.5766973	-93.7465369
IA	19153011025	2439247	0	0.942	0.	41.5782394	-93.7663842
IA	19153011026	6633690	160938	2.561	0.062	41.5499371	-93.7813514
IA	19153011027	6761346	0	2.611	0.	41.5564266	-93.7648537
IA	19153011028	41102923	2314069	15.87	0.893	41.5317761	-93.7383557
IA	19153011111	3504805	0	1.353	0.	41.5843241	-93.7171422
IA	19153011112	3581344	0	1.383	0.	41.5898088	-93.7353335
IA	19153011113	2874925	0	1.11	0.	41.5924476	-93.7808947
IA	19153011114	3973868	0	1.534	0.	41.5936907	-93.7564455
IA	19153011201	3765587	0	1.454	0.	41.6045423	-93.7129898
IA	19153011203	4802971	232924	1.854	0.09	41.6083879	-93.7967113
IA	19153011205	2331531	0	0.9	0.	41.6072289	-93.731155
IA	19153011206	4867101	0	1.879	0.	41.6072125	-93.7582217
IA	19153011301	13694713	222413	5.288	0.086	41.7251793	-93.7984435
IA	19153011302	7022742	0	2.711	0.	41.7105196	-93.7827663
IA	19153011303	19382129	45598	7.483	0.018	41.6672138	-93.7829706
IA	19153011304	11375554	0	4.392	0.	41.6314727	-93.7943419
IA	19153011305	2027611	0	0.783	0.	41.6770177	-93.7606771
IA	19153011405	32340505	0	12.487	0.	41.7171413	-93.7467662
IA	19153011406	18018988	9437145	6.957	3.644	41.7082432	-93.7060077
IA	19153011500	104252705	19567211	40.252	7.555	41.8092993	-93.7581647
IA	19153011600	5145841	5144	1.987	0.002	41.5345552	-93.6624439
IA	19153011702	9004060	1394569	3.476	0.538	41.666222	-93.6903119
IA	19153011703	5378273	0	2.077	0.	41.6733681	-93.7461459
IA	19153011704	5114255	0	1.975	0.	41.6589761	-93.7293163
IA	19155021200	4647504	578200	1.794	0.223	41.2885335	-95.9168723
IA	19155021400	324693479	5097328	125.365	1.968	41.4315171	-95.8490852
IA	19155021501	224800274	519225	86.796	0.2	41.4650204	-95.5991076
IA	19155021502	251535760	1113883	97.119	0.43	41.4566794	-95.2999093
IA	19155021602	283851804	194437	109.596	0.075	41.2240818	-95.6075101
IA	19155021603	296819775	370692	114.603	0.143	41.3624753	-95.6031352
IA	19155021701	325272365	1987793	125.588	0.767	41.3683072	-95.3372883
IA	19155021702	468333432	521805	180.825	0.201	41.2376161	-95.3162626
IA	19155030100	4902374	0	1.893	0.	41.2805209	-95.8360412
IA	19155030200	3938327	137873	1.521	0.053	41.2735636	-95.854987
IA	19155030300	2057654	0	0.794	0.	41.2717896	-95.8800076
IA	19155030401	2508059	521694	0.968	0.201	41.267234	-95.9059787
IA	19155030402	2299729	140389	0.888	0.054	41.2565478	-95.9125439
IA	19155030501	832579	0	0.321	0.	41.2650363	-95.8891112
IA	19155030502	1235460	0	0.477	0.	41.2571347	-95.8893695
IA	19155030601	906083	0	0.35	0.	41.2649704	-95.8739043
IA	19155030602	1243358	0	0.48	0.	41.2577016	-95.8739558
IA	19155030700	1502718	0	0.58	0.	41.2611898	-95.8602748
IA	19155030800	2408763	0	0.93	0.	41.2421514	-95.8587599
IA	19155030900	807412	0	0.312	0.	41.2591195	-95.8515017
IA	19155031000	1704549	0	0.658	0.	41.2527634	-95.8453143
IA	19155031100	2133545	0	0.824	0.	41.2637703	-95.8312599
IA	19155031200	4353878	25321	1.681	0.01	41.2413836	-95.8341626
IA	19155031300	16436142	290138	6.346	0.112	41.2366045	-95.874707
IA	19155031400	19413146	1285384	7.495	0.496	41.2018109	-95.8881909
IA	19155031601	16030428	24162	6.189	0.009	41.2497118	-95.7723332
IA	19155031602	12991805	16793	5.016	0.006	41.2232199	-95.7844809
IA	19155031700	41477962	224910	16.015	0.087	41.2896889	-95.7641791
IA	19155031800	69587810	1694340	26.868	0.654	41.3169957	-95.8478369
IA	19155031900	75057793	5642822	28.98	2.179	41.198358	-95.7857392
IA	19157370100	357656347	585992	138.092	0.226	41.7800648	-92.4158474
IA	19157370200	640624257	1649487	247.346	0.637	41.6920164	-92.6566314
IA	19157370300	25487593	0	9.841	0.	41.7614674	-92.7263831
IA	19157370400	15631808	117320	6.035	0.045	41.733092	-92.7309832
IA	19157370500	475543338	609153	183.608	0.235	41.6042354	-92.4438514
IA	19159950100	869965302	5911863	335.895	2.283	40.7876307	-94.2660679
IA	19159950200	516933309	2845004	199.589	1.098	40.647223	-94.2088321
IA	19161080100	656168191	1436869	253.348	0.555	42.4821861	-95.1452509
IA	19161080200	423512242	570664	163.519	0.22	42.2914909	-95.1739692
IA	19161080300	341390201	6126706	131.811	2.366	42.3183583	-94.9656927
IA	19161080400	68229567	435197	26.344	0.168	42.4096205	-94.9446956
IA	19163010101	205846809	8211002	79.478	3.17	41.6763493	-90.4212947
IA	19163010103	17732568	1555555	6.847	0.601	41.5809474	-90.4275626
IA	19163010104	10624389	2107137	4.102	0.814	41.5935036	-90.3656379
IA	19163010201	40216986	0	15.528	0.	41.6402175	-90.6027421
IA	19163010202	240504810	212863	92.859	0.082	41.6891876	-90.5780509
IA	19163010300	341888432	730819	132.004	0.282	41.6793846	-90.7931876
IA	19163010401	78333058	1501522	30.245	0.58	41.5257835	-90.7510675
IA	19163010402	63115318	1873672	24.369	0.723	41.5271972	-90.6979463
IA	19163010600	1517436	293235	0.586	0.113	41.5271969	-90.5653483
IA	19163010700	898620	0	0.347	0.	41.5293036	-90.5806963
IA	19163010800	1178514	0	0.455	0.	41.5280935	-90.5944188
IA	19163010900	2215762	788581	0.856	0.304	41.5197388	-90.5867621
IA	19163011000	4022271	1964089	1.553	0.758	41.5061918	-90.6139664
IA	19163011100	2229623	0	0.861	0.	41.5355049	-90.6078474
IA	19163011200	920331	0	0.355	0.	41.5367571	-90.5962736
IA	19163011300	1241239	0	0.479	0.	41.5376051	-90.5838729
IA	19163011400	970226	0	0.375	0.	41.535294	-90.567032
IA	19163011500	1543041	377224	0.596	0.146	41.5319074	-90.5498753
IA	19163011600	1824407	0	0.704	0.	41.5419813	-90.5632266
IA	19163011700	1593349	0	0.615	0.	41.5499134	-90.5664811
IA	19163011800	2396977	0	0.925	0.	41.5509266	-90.5840627
IA	19163011900	1634485	0	0.631	0.	41.5509923	-90.5959765
IA	19163012000	2847555	0	1.099	0.	41.5541874	-90.6122775
IA	19163012100	2524868	0	0.975	0.	41.5370555	-90.620983
IA	19163012200	1229589	0	0.475	0.	41.5148539	-90.6224769
IA	19163012300	1185559	0	0.458	0.	41.5061352	-90.6263977
IA	19163012400	19561115	1946315	7.553	0.751	41.5029836	-90.6567877
IA	19163012501	20477781	0	7.907	0.	41.5591947	-90.6577003
IA	19163012502	8154140	1711	3.148	0.001	41.5270007	-90.6347454
IA	19163012601	14633833	0	5.65	0.	41.5904955	-90.6380246
IA	19163012602	5149624	0	1.988	0.	41.5656493	-90.619734
IA	19163012701	2316289	0	0.894	0.	41.5727125	-90.6054646
IA	19163012702	2432222	0	0.939	0.	41.5679194	-90.5929872
IA	19163012801	8109743	0	3.131	0.	41.5860676	-90.5800633
IA	19163012802	5544660	0	2.141	0.	41.5648892	-90.5683808
IA	19163012901	11865894	0	4.581	0.	41.5860595	-90.5296757
IA	19163012902	6876352	0	2.655	0.	41.5665866	-90.5326625
IA	19163013000	4880813	0	1.884	0.	41.5475344	-90.5384891
IA	19163013100	1271193	130274	0.491	0.05	41.5323139	-90.535673
IA	19163013200	1733292	377965	0.669	0.146	41.5272899	-90.523141
IA	19163013300	3397265	723835	1.312	0.279	41.5292031	-90.5065423
IA	19163013400	2883025	461021	1.113	0.178	41.5295971	-90.486222
IA	19163013500	2621144	0	1.012	0.	41.5465962	-90.511664
IA	19163013600	1589992	0	0.614	0.	41.5566296	-90.5096084
IA	19163013702	16225628	2931966	6.265	1.132	41.5480008	-90.4603408
IA	19163013703	1885024	0	0.728	0.	41.5650366	-90.5091009
IA	19163013705	2743572	0	1.059	0.	41.5582491	-90.4919044
IA	19163013706	11874708	7582	4.585	0.003	41.5785176	-90.4787714
IA	19165960100	750350222	735305	289.712	0.284	41.6848725	-95.1941056
IA	19165960200	588310068	732183	227.148	0.283	41.7004486	-95.4511132
IA	19165960300	84363748	0	32.573	0.	41.6496226	-95.3812881
IA	19165960400	107079512	18637	41.344	0.007	41.6541473	-95.2763632
IA	19167070100	479054323	46387	184.964	0.018	43.1494644	-95.9700447
IA	19167070200	237522664	199680	91.708	0.077	43.1198799	-96.1443445
IA	19167070300	432759292	275019	167.089	0.106	43.0837444	-96.2642635
IA	19167070400	500783810	2190051	193.354	0.846	43.0732491	-96.4179506
IA	19167070500	307167179	90904	118.598	0.035	42.9631487	-96.0061114
IA	19167070601	7156667	0	2.763	0.	42.9925925	-96.0551911
IA	19167070602	8748050	0	3.378	0.	43.0142629	-96.0580237
IA	19167070701	6894498	0	2.662	0.	43.0655441	-96.1733165
IA	19167070702	8794987	0	3.396	0.	43.0861229	-96.1773018
IA	19169000101	207878710	126027	80.262	0.049	42.0565361	-93.5312723
IA	19169000102	6769440	681265	2.614	0.263	42.0654033	-93.6442848
IA	19169000103	37500901	0	14.479	0.	42.1108849	-93.6568693
IA	19169000104	21070896	3025	8.136	0.001	42.064324	-93.6759668
IA	19169000105	2369913	0	0.915	0.	42.0496559	-93.648799
IA	19169000200	3098469	0	1.196	0.	42.043619	-93.6121421
IA	19169000300	1743924	0	0.673	0.	42.0512644	-93.6297446
IA	19169000400	1943856	0	0.751	0.	42.0401526	-93.6299668
IA	19169000500	1284657	0	0.496	0.	42.0352468	-93.6397068
IA	19169000600	4343223	0	1.677	0.	42.0312131	-93.6820129
IA	19169000700	1375006	0	0.531	0.	42.026098	-93.6652255
IA	19169000800	2004535	11770	0.774	0.005	42.0268643	-93.6457802
IA	19169000900	3866223	0	1.493	0.	42.0301864	-93.6070288
IA	19169001000	9829100	138670	3.795	0.054	42.0174747	-93.6025852
IA	19169001101	3469158	0	1.339	0.	42.0128435	-93.6441195
IA	19169001102	322575	0	0.125	0.	42.0211148	-93.6450708
IA	19169001200	292480	0	0.113	0.	42.0139985	-93.6479807
IA	19169001302	59358454	25992	22.918	0.01	41.9779029	-93.6326706
IA	19169001303	2077977	8170	0.802	0.003	42.0179335	-93.6888634
IA	19169001304	2819065	5270	1.088	0.002	42.0146536	-93.6668056
IA	19169010101	81644363	0	31.523	0.	41.9106858	-93.6535916
IA	19169010102	98250906	540820	37.935	0.209	41.9052208	-93.5445066
IA	19169010200	341254830	1137501	131.759	0.439	41.9427736	-93.3382418
IA	19169010300	46337838	28250	17.891	0.011	41.9966552	-93.4487397
IA	19169010400	19990011	22199	7.718	0.009	42.0323032	-93.449109
IA	19169010500	366611166	49863	141.549	0.019	42.1191462	-93.3348683
IA	19169010600	155374873	83532	59.991	0.032	42.1747437	-93.5753428
IA	19171290100	486820921	456190	187.963	0.176	42.1308729	-92.4137648
IA	19171290200	341638737	150772	131.907	0.058	42.2385786	-92.5789367
IA	19171290300	344500253	801711	133.012	0.31	42.1107608	-92.6774762
IA	19171290400	49624159	56711	19.16	0.022	42.0066746	-92.6118118
IA	19171290500	39055576	422010	15.079	0.163	41.9673735	-92.6064465
IA	19171290600	605770849	882024	233.889	0.341	41.9379129	-92.5107436
IA	19173180100	348595045	1277541	134.593	0.493	40.8189723	-94.5747533
IA	19173180200	359285872	2988553	138.721	1.154	40.6526928	-94.5917491
IA	19173180300	669737961	2867269	258.587	1.107	40.7478132	-94.8015197
IA	19175190100	352592776	726438	136.137	0.28	41.0862479	-94.1379586
IA	19175190200	16246933	190113	6.273	0.073	41.0455573	-94.3663815
IA	19175190300	715247344	4296887	276.159	1.659	41.0025786	-94.283635
IA	19175190400	13148742	362416	5.077	0.14	41.0755397	-94.3696976
IA	19177950100	590015063	7178604	227.806	2.772	40.8248686	-91.8775306
IA	19177950200	665590613	7701895	256.986	2.974	40.6992386	-92.0201548
IA	19179960100	489161267	2815191	188.866	1.087	41.1060797	-92.4027009
IA	19179960200	10386802	530643	4.01	0.205	41.0441365	-92.4507609
IA	19179960300	20492099	15505	7.912	0.006	41.0588991	-92.4112396
IA	19179960400	7723716	0	2.982	0.	41.0283522	-92.3899741
IA	19179960500	5762888	1030030	2.225	0.398	41.0043042	-92.3921024
IA	19179960600	10274752	1116777	3.967	0.431	41.017649	-92.4531352
IA	19179960700	364897344	2145672	140.888	0.828	40.9629224	-92.494431
IA	19179960800	18699946	62177	7.22	0.024	40.9893787	-92.4580596
IA	19179960900	1582657	0	0.611	0.	41.0035698	-92.42168
IA	19179961000	12262024	801481	4.734	0.309	40.9865649	-92.3928035
IA	19179961100	177223413	2305299	68.426	0.89	40.9828904	-92.2512075
IA	19181020101	14097858	0	5.443	0.	41.5035495	-93.6060143
IA	19181020201	13513485	0	5.218	0.	41.4782089	-93.6678896
IA	19181020202	30282680	916531	11.692	0.354	41.483657	-93.695487
IA	19181020300	141782895	1084817	54.743	0.419	41.4299132	-93.6054238
IA	19181020400	45473660	281449	17.557	0.109	41.4811572	-93.5224402
IA	19181020500	207476992	2078242	80.107	0.802	41.4229943	-93.4100748
IA	19181020600	157615897	657260	60.856	0.254	41.387332	-93.5528367
IA	19181020701	522304	0	0.202	0.	41.3658548	-93.5623884
IA	19181020702	3901344	0	1.506	0.	41.3722207	-93.5519721
IA	19181020800	4235733	15863	1.635	0.006	41.3772343	-93.573225
IA	19181020900	9062693	0	3.499	0.	41.3491337	-93.5788774
IA	19181021000	5620182	0	2.17	0.	41.3499198	-93.5515667
IA	19181021100	558343040	2553911	215.577	0.986	41.2528273	-93.5020431
IA	19181021200	283477504	1059125	109.451	0.409	41.2895626	-93.7408799
IA	19183960101	174320930	328758	67.306	0.127	41.4456223	-91.6514908
IA	19183960102	73486650	465944	28.373	0.18	41.4904993	-91.6059368
IA	19183960200	665981443	3571633	257.137	1.379	41.328666	-91.8403115
IA	19183960300	15462990	0	5.97	0.	41.308256	-91.6807147
IA	19183960400	16586333	37414	6.404	0.014	41.2793708	-91.6871594
IA	19183960500	527420195	935287	203.638	0.361	41.284209	-91.6144089
IA	19185070100	397979365	2068762	153.661	0.799	40.8074633	-93.2149563
IA	19185070200	538422176	966726	207.886	0.373	40.7641069	-93.451394
IA	19185070300	424556007	1236970	163.922	0.478	40.6450105	-93.2647626
IA	19187000101	14193813	0	5.48	0.	42.5406818	-94.1392992
IA	19187000102	24521610	0	9.468	0.	42.5205304	-94.1211771
IA	19187000200	16323296	293035	6.302	0.113	42.540702	-94.1866452
IA	19187000300	12029892	508100	4.645	0.196	42.5236748	-94.2166786
IA	19187000400	1457578	0	0.563	0.	42.5123189	-94.1853992
IA	19187000500	33988656	706571	13.123	0.273	42.4740217	-94.1341041
IA	19187000600	3203760	0	1.237	0.	42.4945536	-94.1707651
IA	19187000700	1841835	57218	0.711	0.022	42.5037077	-94.1864002
IA	19187000900	43609316	581577	16.838	0.225	42.4678057	-94.2138603
IA	19187010100	413414912	1046088	159.62	0.404	42.5220201	-94.0518742
IA	19187010200	341862965	638657	131.994	0.247	42.5629655	-94.3335014
IA	19187010300	538431904	21164	207.89	0.008	42.3325965	-94.2856378
IA	19187010400	408786362	3416984	157.833	1.319	42.3063666	-94.0516411
IA	19189680100	424329631	2810221	163.835	1.085	43.3858347	-93.5993108
IA	19189680200	597158297	371828	230.564	0.144	43.3784903	-93.8234032
IA	19189680300	15774029	0	6.09	0.	43.277161	-93.6376803
IA	19191950100	739233049	340601	285.419	0.132	43.3943515	-91.9090179
IA	19191950200	53519900	111964	20.664	0.043	43.3297219	-91.7790349
IA	19191950300	58790306	0	22.699	0.	43.2851165	-91.8086959
IA	19191950400	575643808	151078	222.257	0.058	43.2184269	-91.7072037
IA	19191950500	359499675	142086	138.804	0.055	43.164906	-91.9741735
IA	19193000100	24025713	324098	9.276	0.125	42.5160555	-96.356113
IA	19193000201	5532530	0	2.136	0.	42.5524432	-96.3568808
IA	19193000202	7267134	6761	2.806	0.003	42.5532789	-96.3831679
IA	19193000300	5683990	1561	2.195	0.001	42.53926	-96.401074
IA	19193000400	9697765	2072	3.744	0.001	42.5434225	-96.4188595
IA	19193000500	19628439	174624	7.579	0.067	42.5326415	-96.4569086
IA	19193000600	2161876	114328	0.835	0.044	42.5155293	-96.4814488
IA	19193000700	7709125	407582	2.977	0.157	42.504452	-96.4602729
IA	19193000800	2511800	0	0.97	0.	42.5091654	-96.429304
IA	19193000900	1667435	0	0.644	0.	42.5181408	-96.4165536
IA	19193001000	756772	0	0.292	0.	42.5155743	-96.4061674
IA	19193001100	1463556	0	0.565	0.	42.5156797	-96.3944597
IA	19193001200	976662	0	0.377	0.	42.5045653	-96.3964327
IA	19193001300	533248	0	0.206	0.	42.5061573	-96.4056444
IA	19193001400	1744893	0	0.674	0.	42.4993793	-96.4319774
IA	19193001500	2207166	265665	0.852	0.103	42.4945225	-96.4172581
IA	19193001801	2409457	0	0.93	0.	42.4815273	-96.3684458
IA	19193001802	4590472	13044	1.772	0.005	42.4809655	-96.3443658
IA	19193001900	2795935	0	1.08	0.	42.4698504	-96.3363488
IA	19193002000	2726959	4511	1.053	0.002	42.4711874	-96.3649304
IA	19193002101	4312931	0	1.665	0.	42.4538012	-96.3346294
IA	19193002102	11682969	60552	4.511	0.023	42.4415798	-96.3600583
IA	19193003100	747265832	1123085	288.521	0.434	42.3880909	-95.8029326
IA	19193003200	479875903	1154492	185.281	0.446	42.4717863	-96.1017122
IA	19193003301	6645941	802	2.566	0.	42.4001696	-96.3538552
IA	19193003302	134260977	221848	51.838	0.086	42.4839301	-96.2962252
IA	19193003500	732580047	6784363	282.851	2.619	42.304921	-96.1298036
IA	19193003600	35512280	2088749	13.711	0.806	42.4185	-96.3931032
IA	19193940200	2563137	45529	0.99	0.018	42.2267279	-96.3184037
IA	19195690100	179968456	147562	69.486	0.057	43.4535564	-93.1520135
IA	19195690200	511970669	4438965	197.673	1.714	43.3788589	-93.3840078
IA	19195690300	344375804	122600	132.964	0.047	43.3349828	-93.1461544
IA	19197680100	441718910	1502336	170.549	0.58	42.8558693	-93.7246244
IA	19197680200	394871331	109159	152.461	0.042	42.6888378	-93.8559303
IA	19197680300	239346499	1434575	92.412	0.554	42.7255193	-93.7371136
IA	19197680400	402018398	1657894	155.22	0.64	42.6704175	-93.5923575
IA	19197680500	25305121	0	9.77	0.	42.6617534	-93.9036875
