USPS	GEOID	ALAND	AWATER	ALAND_SQMI	AWATER_SQMI	INTPTLAT	INTPTLONG
KS	20001952600	701604844	4345778	270.891	1.678	37.8701999	-95.197265
KS	20001952700	240040610	2377391	92.68	0.918	37.9730751	-95.3766221
KS	20001952800	31340691	453106	12.101	0.175	37.947798	-95.3952169
KS	20001952900	31759586	1656196	12.262	0.639	37.8887615	-95.3976184
KS	20001953000	291018504	4189458	112.363	1.618	37.8432712	-95.4598995
KS	20003953600	337788132	3033573	130.421	1.171	38.3272601	-95.1930308
KS	20003953700	1163475852	7566103	449.221	2.921	38.1782779	-95.312532
KS	20005081600	1003047597	4309644	387.279	1.664	39.5247992	-95.3333254
KS	20005081701	50408690	195313	19.463	0.075	39.5762795	-95.1637591
KS	20005081702	25028048	1183429	9.663	0.457	39.6063763	-95.0880742
KS	20005081800	35886442	1162716	13.856	0.449	39.534782	-95.1524123
KS	20005081900	2365779	0	0.913	0.	39.564954	-95.1246354
KS	20007968100	1227114403	2472800	473.792	0.955	37.3687018	-98.6794989
KS	20007968200	1710126375	2938708	660.284	1.135	37.134037	-98.6829993
KS	20009971100	945871179	10450064	365.203	4.035	38.4908345	-98.5945803
KS	20009971200	919246473	958945	354.923	0.37	38.5162776	-98.9125448
KS	20009971300	92425095	938940	35.686	0.363	38.5000388	-98.7877126
KS	20009971400	3994447	5590	1.542	0.002	38.379804	-98.7646135
KS	20009971500	9897294	109400	3.821	0.042	38.3743233	-98.8010706
KS	20009971600	4060612	154403	1.568	0.06	38.3648464	-98.7842533
KS	20009971700	2233217	0	0.862	0.	38.3623697	-98.7655201
KS	20009971801	340977110	1309520	131.652	0.506	38.3318048	-98.7974515
KS	20011955600	749061577	3393877	289.214	1.31	37.9717406	-94.8545619
KS	20011955700	742036462	4553727	286.502	1.758	37.7544968	-94.8777823
KS	20011955800	62986019	823923	24.319	0.318	37.8265289	-94.7443324
KS	20011955900	88526158	605915	34.18	0.234	37.817078	-94.6526401
KS	20011956000	3226432	25411	1.246	0.01	37.8336424	-94.7035915
KS	20013480600	882291722	1376795	340.655	0.532	39.8596443	-95.6255187
KS	20013480700	65482983	78983	25.283	0.03	39.8545254	-95.5450126
KS	20013480800	530775367	1740369	204.934	0.672	39.7619242	-95.4599814
KS	20015020101	1173029438	35185901	452.909	13.585	37.9662393	-96.7631625
KS	20015020102	791017931	3432872	305.414	1.325	37.65987	-96.6538251
KS	20015020204	62898551	347222	24.285	0.134	37.7039915	-97.0039985
KS	20015020205	238763957	353974	92.187	0.137	37.7486889	-96.891457
KS	20015020206	6091778	24401	2.352	0.009	37.6828618	-97.1298454
KS	20015020207	5172078	26492	1.997	0.01	37.7101102	-97.1439049
KS	20015020208	10401800	18583	4.016	0.007	37.7185554	-97.129399
KS	20015020209	39675980	970933	15.319	0.375	37.7127351	-97.0729394
KS	20015020210	31117763	60588	12.015	0.023	37.6721926	-97.0894336
KS	20015020300	14877742	133051	5.744	0.051	37.8589877	-96.8395016
KS	20015020400	2743853	19549	1.059	0.008	37.8150994	-96.8518491
KS	20015020500	6686078	0	2.582	0.	37.8151485	-96.8779008
KS	20015020601	134225651	110726	51.825	0.043	37.7788543	-97.0275586
KS	20015020602	426449034	643166	164.653	0.248	37.9017429	-97.0477487
KS	20015020700	8247077	690960	3.184	0.267	37.7022239	-96.9746327
KS	20015020800	4631843	105912	1.788	0.041	37.6782399	-96.9753199
KS	20015020901	366817838	1057869	141.629	0.408	37.6139669	-96.92623
KS	20015020902	15387356	28261	5.941	0.011	37.5716916	-97.1333356
KS	20015020903	364711184	330809	140.816	0.128	37.505194	-96.9265346
KS	20017960600	2002198770	12091093	773.053	4.668	38.2994749	-96.5940289
KS	20019964600	1654694134	15243776	638.881	5.886	37.1542592	-96.2453962
KS	20021958100	411065801	460568	158.713	0.178	37.2587657	-94.7504871
KS	20021958200	751694788	4072555	290.231	1.572	37.1456609	-94.9507792
KS	20021958300	105355219	67103	40.678	0.026	37.1712822	-94.8323987
KS	20021958400	182644378	3570432	70.519	1.379	37.0985033	-94.695502
KS	20021958500	41485428	474059	16.018	0.183	37.0776736	-94.6429367
KS	20021958600	29545420	306747	11.408	0.118	37.0273146	-94.7480371
KS	20023950200	2641501923	2738021	1019.89	1.057	39.7899014	-101.7273171
KS	20025967100	2524300310	6603384	974.638	2.55	37.2338311	-99.8138686
KS	20027458100	1622965973	26472489	626.631	10.221	39.3449643	-97.1688527
KS	20027458200	48348442	228848	18.667	0.088	39.3818507	-97.1170184
KS	20029977100	929225729	3204794	358.776	1.237	39.4767178	-97.5103601
KS	20029977200	42220777	520570	16.302	0.201	39.5566365	-97.6230642
KS	20029977300	20956195	100579	8.091	0.039	39.5632076	-97.6782239
KS	20029977400	860323951	3033945	332.173	1.171	39.4743737	-97.8024319
KS	20031966100	819006419	27753173	316.22	10.716	38.2349476	-95.6196254
KS	20031966200	742118909	41730712	286.534	16.112	38.2418396	-95.8579002
KS	20031966300	62498581	986903	24.131	0.381	38.1793347	-95.7725454
KS	20033967600	2041681087	3604155	788.298	1.392	37.1814417	-99.2512929
KS	20035493100	1607669122	3666335	620.725	1.416	37.2146736	-96.6953878
KS	20035493200	621311232	5034053	239.89	1.944	37.3864654	-96.9835278
KS	20035493300	388099100	3434848	149.846	1.326	37.1711574	-97.034989
KS	20035493400	30473776	0	11.766	0.	37.2525507	-97.0165331
KS	20035493500	38190135	81802	14.745	0.032	37.2669979	-96.9577844
KS	20035493600	5124401	0	1.979	0.	37.2363838	-96.9713724
KS	20035493700	11210203	68894	4.328	0.027	37.0879444	-97.0327159
KS	20035493800	23066035	607294	8.906	0.234	37.095936	-97.0740216
KS	20035493900	180220652	3735077	69.584	1.442	37.0507573	-97.007406
KS	20035494000	4338732	246808	1.675	0.095	37.0531419	-97.0470157
KS	20035494100	5944780	447824	2.295	0.173	37.0463538	-97.0220194
KS	20037956600	256311214	2344458	98.962	0.905	37.5792569	-94.6854898
KS	20037956700	943613479	6484508	364.331	2.504	37.5073003	-94.9335764
KS	20037956800	78158271	416857	30.177	0.161	37.5096604	-94.8282858
KS	20037956900	91439970	1986837	35.305	0.767	37.4729157	-94.69622
KS	20037957000	21359207	282672	8.247	0.109	37.4240984	-94.6548261
KS	20037957100	3037931	10068	1.173	0.004	37.4315892	-94.6969787
KS	20037957200	20390663	353413	7.873	0.136	37.4327037	-94.7505413
KS	20037957300	48522126	777742	18.734	0.3	37.3736731	-94.7500033
KS	20037957400	1825107	15607	0.705	0.006	37.4044993	-94.7147173
KS	20037957500	1947255	0	0.752	0.	37.4072895	-94.7049803
KS	20037957601	56911734	880938	21.974	0.34	37.3724957	-94.6575244
KS	20037957602	3982300	20529	1.538	0.008	37.3966139	-94.6949344
KS	20039951300	2314199321	1631670	893.517	0.63	39.783542	-100.4597084
KS	20041084100	720185888	1887662	278.065	0.729	39.0384252	-97.1757253
KS	20041084200	635937645	2925716	245.537	1.13	38.7586048	-97.2701527
KS	20041084300	38774329	710284	14.971	0.274	38.9062581	-97.2279265
KS	20041084400	15604107	11398	6.025	0.004	38.9244972	-97.1987811
KS	20041084500	768423654	7068486	296.69	2.729	38.7912663	-97.0284047
KS	20041084600	14969735	28912	5.78	0.011	38.6767518	-96.9475647
KS	20043020100	454609571	2626242	175.526	1.014	39.816148	-95.2558532
KS	20043020200	352683540	2968068	136.172	1.146	39.7540484	-95.1060098
KS	20043020300	211803191	6839254	81.778	2.641	39.7879488	-94.9733667
KS	20045000100	50438899	2079874	19.475	0.803	39.0090285	-95.2289553
KS	20045000201	6842368	512167	2.642	0.198	38.9535718	-95.2063544
KS	20045000202	3020131	705	1.166	0.	38.9590888	-95.2283471
KS	20045000301	829781	0	0.32	0.	38.9637123	-95.2410701
KS	20045000302	673850	0	0.26	0.	38.9530745	-95.2412673
KS	20045000400	3552630	13703	1.372	0.005	38.9524973	-95.2599857
KS	20045000501	3433603	307060	1.326	0.119	38.9827095	-95.2490785
KS	20045000502	2282022	0	0.881	0.	38.9671617	-95.2512457
KS	20045000602	7524889	242324	2.905	0.094	38.9562454	-95.3231872
KS	20045000603	14829461	24728	5.726	0.01	38.985176	-95.3090522
KS	20045000604	3684502	4374	1.423	0.002	38.9824168	-95.2713582
KS	20045000701	2588898	16904	1.	0.007	38.9636521	-95.297649
KS	20045000703	1830939	4852	0.707	0.002	38.9656011	-95.2821882
KS	20045000704	2100743	0	0.811	0.	38.9642858	-95.2677313
KS	20045000797	4509497	16724	1.741	0.006	38.9503031	-95.2870277
KS	20045000801	9543132	78820	3.685	0.03	38.9319889	-95.3005521
KS	20045000802	4923892	49540	1.901	0.019	38.9287635	-95.2712138
KS	20045000902	4296079	12360	1.659	0.005	38.9254042	-95.248109
KS	20045000903	1311692	0	0.506	0.	38.9464041	-95.2511554
KS	20045000904	1427114	0	0.551	0.	38.9387762	-95.2514514
KS	20045001001	6491907	28114	2.507	0.011	38.931135	-95.2306132
KS	20045001002	13042813	88694	5.036	0.034	38.930865	-95.1970268
KS	20045001201	106746463	2398142	41.215	0.926	38.8881216	-95.2014572
KS	20045001202	113761387	2069905	43.924	0.799	38.9034497	-95.1019189
KS	20045001203	197739383	2387133	76.348	0.922	38.7891064	-95.1688217
KS	20045001400	509954355	34174025	196.894	13.195	38.8636763	-95.3922145
KS	20045001500	103047673	4364892	39.787	1.685	39.014616	-95.3779524
KS	20047969600	1573821426	206413	607.656	0.08	37.8835945	-99.3047457
KS	20047969700	36877815	0	14.239	0.	37.9294092	-99.4189374
KS	20049965100	1668637027	16060833	644.264	6.201	37.4560259	-96.2446421
KS	20051072600	1073674499	685181	414.548	0.265	38.9223907	-99.1734262
KS	20051072701	5725215	0	2.211	0.	38.8784001	-99.3086416
KS	20051072702	82456295	0	31.837	0.	38.8818438	-99.2800442
KS	20051072801	3613737	0	1.395	0.	38.8893979	-99.3267374
KS	20051072802	48503781	69606	18.727	0.027	38.9088895	-99.3617525
KS	20051072901	1696354	0	0.655	0.	38.8744411	-99.3267473
KS	20051072902	38810288	0	14.985	0.	38.8407745	-99.3533704
KS	20051073000	1076282135	442298	415.555	0.171	38.9171912	-99.4603387
KS	20053086600	1363072652	19475156	526.285	7.519	38.661415	-98.1609693
KS	20053086700	490258413	494605	189.29	0.191	38.7750943	-98.3432833
KS	20055960100	3063169347	1294016	1182.696	0.5	38.0498075	-100.7399674
KS	20055960200	53238728	0	20.556	0.	38.0244142	-100.9012613
KS	20055960300	2207744	0	0.852	0.	37.9732291	-100.8648434
KS	20055960401	1256946	0	0.485	0.	37.9838342	-100.8598956
KS	20055960403	2191616	0	0.846	0.	37.9834943	-100.8456488
KS	20055960404	46966608	0	18.134	0.	38.0285749	-100.831574
KS	20055960501	25766799	77732	9.949	0.03	37.9678197	-100.8009399
KS	20055960503	82255764	142547	31.759	0.055	37.9033389	-100.8406201
KS	20055960505	1715169	0	0.662	0.	37.9628366	-100.8666105
KS	20055960507	2669794	0	1.031	0.	37.9685347	-100.8459299
KS	20055960508	2160408	0	0.834	0.	37.9667919	-100.8312164
KS	20055960600	88558931	202076	34.193	0.078	37.9338896	-100.9156229
KS	20057961600	1124577259	373712	434.202	0.144	37.801327	-99.8415778
KS	20057961700	1460285274	473884	563.819	0.183	37.5824035	-99.9117154
KS	20057961801	3623321	0	1.399	0.	37.7702196	-100.0073995
KS	20057961802	94627318	439630	36.536	0.17	37.7869289	-99.9522559
KS	20057961901	3805629	0	1.469	0.	37.7613961	-100.0415905
KS	20057961902	48378186	0	18.679	0.	37.7924555	-100.0680299
KS	20057962000	48629666	191367	18.776	0.074	37.7306616	-100.0680518
KS	20057962101	7501474	0	2.896	0.	37.7474241	-100.0054669
KS	20057962102	53080120	618763	20.494	0.239	37.7176925	-99.9745439
KS	20059954101	427706440	3373961	165.138	1.303	38.6295298	-95.4057655
KS	20059954102	134664456	957887	51.994	0.37	38.7013541	-95.1794403
KS	20059954200	37597411	362093	14.516	0.14	38.6373607	-95.2735492
KS	20059954300	28455922	285006	10.987	0.11	38.6022814	-95.2976749
KS	20059954400	11001238	201456	4.248	0.078	38.5971064	-95.2562398
KS	20059954500	841456734	8713062	324.888	3.364	38.5012409	-95.2414322
KS	20061000100	7691486	325230	2.97	0.126	39.0426901	-96.8127376
KS	20061000200	2720709	16741	1.05	0.006	39.0414663	-96.8426009
KS	20061000300	9388140	340676	3.625	0.132	39.0444526	-96.857037
KS	20061000401	4474806	13549	1.728	0.005	39.0095365	-96.8511611
KS	20061000402	1072601	0	0.414	0.	39.0203898	-96.8435716
KS	20061000500	3302974	77961	1.275	0.03	39.0211885	-96.8288915
KS	20061000601	16442980	384974	6.349	0.149	39.0796917	-96.8404862
KS	20061000602	19164780	700725	7.4	0.271	39.0688459	-96.7834028
KS	20061000700	651315869	4912429	251.474	1.897	38.9686814	-96.6829571
KS	20061000801	6938759	22422	2.679	0.009	39.0274177	-96.8786627
KS	20061000802	273729908	44863337	105.688	17.322	39.0653921	-96.903252
KS	20063955300	2775601942	245369	1071.666	0.095	38.9172385	-100.4873598
KS	20065952300	2327173853	599356	898.527	0.231	39.3549716	-99.8798939
KS	20067963600	1450164103	488418	559.912	0.189	37.547537	-101.2993622
KS	20067963700	38581850	382814	14.897	0.148	37.5713829	-101.3478743
KS	20069962600	759955566	228272	293.42	0.088	37.9069292	-100.4192637
KS	20069962700	1490400609	885066	575.447	0.342	37.6573653	-100.4453792
KS	20071958100	2016057909	0	778.404	0.	38.4804041	-101.8059697
KS	20073965600	1749233489	9911701	675.383	3.827	37.9879591	-96.2256059
KS	20073965700	34099934	86517	13.166	0.033	37.8273829	-96.2775888
KS	20073965800	1177810214	14146803	454.755	5.462	37.7090783	-96.2395215
KS	20075958600	2580958332	2893322	996.514	1.117	37.9952438	-101.7936887
KS	20077961600	576472282	834583	222.577	0.322	37.2787804	-97.9333419
KS	20077961700	1423098767	2519208	549.462	0.973	37.1596877	-98.1386652
KS	20077961800	75719300	545478	29.235	0.211	37.1612676	-98.0172763
KS	20079030100	20073868	19913	7.751	0.008	38.0667759	-97.3288208
KS	20079030200	30789217	0	11.888	0.	38.0642024	-97.390391
KS	20079030300	25454677	0	9.828	0.	38.028894	-97.383009
KS	20079030400	13721071	0	5.298	0.	38.0314011	-97.3225726
KS	20079030500	675914765	1180553	260.972	0.456	38.1073703	-97.433542
KS	20079030601	375759981	332078	145.082	0.128	37.971939	-97.3059523
KS	20079030602	256247599	970739	98.938	0.375	37.9747012	-97.6033254
KS	20081463100	1495772621	910409	577.521	0.352	37.554979	-100.8799515
KS	20083461100	2227369149	826344	859.992	0.319	38.0874927	-99.8984067
KS	20085082600	691046197	947764	266.814	0.366	39.4553966	-95.6731404
KS	20085082700	60587892	1421482	23.393	0.549	39.4669411	-95.7223015
KS	20085082800	947966260	2297267	366.012	0.887	39.3833527	-95.8955263
KS	20087020101	312431250	24484648	120.63	9.454	39.1774732	-95.5184382
KS	20087020102	172283909	28035404	66.519	10.825	39.1889588	-95.4028446
KS	20087020200	476695926	4589622	184.053	1.772	39.3568105	-95.3753286
KS	20087020300	418083319	5183585	161.423	2.001	39.1724832	-95.2713386
KS	20089576300	2356813569	11367163	909.971	4.389	39.7770053	-98.2226185
KS	20091050000	3663461	0	1.414	0.	39.0356611	-94.6186071
KS	20091050100	2604458	0	1.006	0.	39.036777	-94.6397243
KS	20091050200	2423136	19155	0.936	0.007	39.0319494	-94.65046
KS	20091050301	2214112	0	0.855	0.	39.0336812	-94.6637722
KS	20091050302	1859146	0	0.718	0.	39.0196432	-94.6549118
KS	20091050400	4980800	0	1.923	0.	39.0258191	-94.679114
KS	20091050500	2612381	16379	1.009	0.006	39.004194	-94.6777534
KS	20091050600	3858238	2986	1.49	0.001	39.0058423	-94.6595477
KS	20091050700	3544553	0	1.369	0.	39.0147751	-94.6381232
KS	20091050800	3600191	0	1.39	0.	39.0183601	-94.6202849
KS	20091050900	3687612	2474	1.424	0.001	39.0028412	-94.6231261
KS	20091051000	2080495	0	0.803	0.	38.9988706	-94.6399781
KS	20091051100	2605271	17650	1.006	0.007	38.9954042	-94.6782125
KS	20091051200	2601286	18564	1.004	0.007	38.9768358	-94.6764369
KS	20091051300	2608726	0	1.007	0.	38.9858425	-94.6583725
KS	20091051400	2523961	0	0.975	0.	38.9861154	-94.639955
KS	20091051500	2430824	0	0.939	0.	38.9870038	-94.6208676
KS	20091051600	5296796	24873	2.045	0.01	38.9693596	-94.6183376
KS	20091051700	4847061	32495	1.871	0.013	38.9451136	-94.6222271
KS	20091051801	3982596	29545	1.538	0.011	38.9687368	-94.637751
KS	20091051803	2590908	23236	1.	0.009	38.9654139	-94.6716753
KS	20091051804	4166040	9926	1.609	0.004	38.943646	-94.673216
KS	20091051805	4568155	749	1.764	0.	38.9435007	-94.662967
KS	20091051806	4392128	1117	1.696	0.	38.9437085	-94.6397768
KS	20091051807	2609711	0	1.008	0.	38.9694934	-94.6559985
KS	20091051808	1305485	0	0.504	0.	38.9640128	-94.6629843
KS	20091051902	2290411	0	0.884	0.	38.9634054	-94.6946332
KS	20091051904	3987026	0	1.539	0.	38.946353	-94.7143161
KS	20091051907	1446858	0	0.559	0.	38.9745746	-94.696925
KS	20091051908	1303488	0	0.503	0.	38.9384099	-94.6953583
KS	20091051909	2713418	0	1.048	0.	38.9494358	-94.6959476
KS	20091051910	670103	0	0.259	0.	38.9819388	-94.7003317
KS	20091051911	1964200	2646	0.758	0.001	38.9876133	-94.6951402
KS	20091051912	1374978	0	0.531	0.	38.9653395	-94.7074295
KS	20091052001	1705862	0	0.659	0.	39.0032717	-94.6905654
KS	20091052004	2226528	0	0.86	0.	39.0045117	-94.6998084
KS	20091052005	1956200	1030	0.755	0.	39.003466	-94.7208179
KS	20091052006	1960721	4941	0.757	0.002	39.0056586	-94.7118715
KS	20091052101	1897368	0	0.733	0.	39.0225592	-94.6985201
KS	20091052102	2595454	3549	1.002	0.001	39.0224865	-94.7151608
KS	20091052201	3443479	0	1.33	0.	39.0381657	-94.691357
KS	20091052202	2629131	2162	1.015	0.001	39.0371703	-94.718572
KS	20091052304	3918282	27203	1.513	0.011	39.0123	-94.7343811
KS	20091052305	5105758	54415	1.971	0.021	39.0334803	-94.7385659
KS	20091052306	7746021	315140	2.991	0.122	39.0333515	-94.7666573
KS	20091052307	4260684	34465	1.645	0.013	39.0050956	-94.7631979
KS	20091052308	4874133	77750	1.882	0.03	39.0154561	-94.7630017
KS	20091052410	4256486	9708	1.643	0.004	38.9892074	-94.7692421
KS	20091052411	2512552	10571	0.97	0.004	38.99232	-94.7524299
KS	20091052414	2615382	0	1.01	0.	38.9783381	-94.7516842
KS	20091052415	2061895	12765	0.796	0.005	38.9596801	-94.7682035
KS	20091052416	2501184	20377	0.966	0.008	38.9657828	-94.7513623
KS	20091052417	2818965	4184	1.088	0.002	38.9623754	-94.7349842
KS	20091052418	1143912	0	0.442	0.	38.9896312	-94.7150344
KS	20091052419	2570347	36227	0.992	0.014	38.995839	-94.7320087
KS	20091052421	2772964	27271	1.071	0.011	38.9797846	-94.7303784
KS	20091052422	2768604	0	1.069	0.	38.9419011	-94.7337227
KS	20091052423	1300363	0	0.502	0.	38.9550493	-94.7288463
KS	20091052502	13521686	155564	5.221	0.06	39.0174878	-94.8058011
KS	20091052505	1900004	2907	0.734	0.001	38.9783645	-94.783898
KS	20091052506	4717797	12194	1.822	0.005	38.9443943	-94.7950791
KS	20091052507	6053419	47073	2.337	0.018	38.9652678	-94.8039369
KS	20091052604	8470928	30541	3.271	0.012	38.9926999	-94.8709591
KS	20091052606	3326388	1417	1.284	0.001	39.0233363	-94.863498
KS	20091052607	14230852	939229	5.495	0.363	39.022608	-94.8772087
KS	20091052608	13941300	93717	5.383	0.036	38.9597921	-94.8371804
KS	20091052609	19917795	95149	7.69	0.037	38.9692001	-94.8774681
KS	20091052610	10180961	833709	3.931	0.322	39.0450352	-94.8362793
KS	20091052611	8672917	22971	3.349	0.009	38.9935462	-94.8352591
KS	20091052612	1994486	0	0.77	0.	39.0365714	-94.847083
KS	20091052613	6421181	36558	2.479	0.014	39.0168237	-94.8333648
KS	20091052701	42820117	3511015	16.533	1.356	38.97644	-94.9810638
KS	20091052702	122551620	1083198	47.317	0.418	38.9060967	-94.9797943
KS	20091052803	1941257	0	0.75	0.	38.8914387	-94.8274353
KS	20091052804	14343798	293686	5.538	0.113	38.9339992	-94.874894
KS	20091052805	22104099	143776	8.534	0.056	38.904467	-94.8796526
KS	20091052806	4129678	71404	1.594	0.028	38.9077865	-94.8306171
KS	20091052807	10043954	67862	3.878	0.026	38.9251193	-94.8282685
KS	20091052904	2221228	14236	0.858	0.005	38.9054221	-94.8057474
KS	20091052905	3748524	2474	1.447	0.001	38.9011381	-94.7887723
KS	20091052906	2735732	14663	1.056	0.006	38.8924674	-94.8093229
KS	20091052907	2987638	13909	1.154	0.005	38.9077282	-94.7707334
KS	20091052908	3887963	4330	1.501	0.002	38.8906398	-94.7771821
KS	20091052910	8408756	53379	3.247	0.021	38.9219842	-94.8026373
KS	20091053004	3596309	28924	1.389	0.011	38.9232894	-94.7295923
KS	20091053005	2153059	0	0.831	0.	38.9291927	-94.7493509
KS	20091053006	1965086	649	0.759	0.	38.9192445	-94.7553331
KS	20091053007	2626152	4774	1.014	0.002	38.90383	-94.7517943
KS	20091053008	2618656	5110	1.011	0.002	38.9064028	-94.734096
KS	20091053009	4343116	24787	1.677	0.01	38.8992451	-94.7118371
KS	20091053010	3865763	15854	1.493	0.006	38.8913362	-94.7269516
KS	20091053011	2599320	1826	1.004	0.001	38.8893975	-94.7555385
KS	20091053012	1947925	0	0.752	0.	38.9243765	-94.7189367
KS	20091053013	2054739	23768	0.793	0.009	38.9232364	-94.7100012
KS	20091053101	3877181	18906	1.497	0.007	38.9223336	-94.6969693
KS	20091053102	3647975	13366	1.408	0.005	38.9237376	-94.6762982
KS	20091053105	1782204	6300	0.688	0.002	38.9100517	-94.6828922
KS	20091053108	2098171	0	0.81	0.	38.9044295	-94.6970215
KS	20091053109	1912045	0	0.738	0.	38.8935487	-94.6816273
KS	20091053110	2205676	0	0.852	0.	38.8914801	-94.6944694
KS	20091053201	6901649	27240	2.665	0.011	38.9185306	-94.655018
KS	20091053202	2718303	19302	1.05	0.007	38.9041075	-94.6455195
KS	20091053203	5692386	7106	2.198	0.003	38.8905446	-94.6614151
KS	20091053301	8181337	74398	3.159	0.029	38.9181267	-94.6211316
KS	20091053302	6561057	28936	2.533	0.011	38.894496	-94.621271
KS	20091053403	2599302	12761	1.004	0.005	38.8750205	-94.7567315
KS	20091053409	5394899	62715	2.083	0.024	38.8761143	-94.6283243
KS	20091053411	5192646	20385	2.005	0.008	38.8408731	-94.6573466
KS	20091053413	2478744	131676	0.957	0.051	38.8629232	-94.6612906
KS	20091053414	2925637	9067	1.13	0.004	38.8778579	-94.6547023
KS	20091053415	2621052	0	1.012	0.	38.8764677	-94.677171
KS	20091053417	2623378	0	1.013	0.	38.8618882	-94.6771332
KS	20091053418	5182018	35536	2.001	0.014	38.8399521	-94.6780953
KS	20091053419	1949816	2848	0.753	0.001	38.8751788	-94.6946873
KS	20091053421	2611895	2340	1.008	0.001	38.8758311	-94.7317676
KS	20091053422	3235954	24922	1.249	0.01	38.875426	-94.7109762
KS	20091053423	4179280	51658	1.614	0.02	38.8611157	-94.7002294
KS	20091053425	8598020	293139	3.32	0.113	38.8475002	-94.7470464
KS	20091053426	6080720	36417	2.348	0.014	38.8619597	-94.7365976
KS	20091053427	9280448	89725	3.583	0.035	38.8383801	-94.7220703
KS	20091053428	5225366	54151	2.018	0.021	38.8346636	-94.6924651
KS	20091053429	5673683	48721	2.191	0.019	38.8620949	-94.6236274
KS	20091053430	5191449	36664	2.004	0.014	38.8407368	-94.643174
KS	20091053431	6246130	121008	2.412	0.047	38.839055	-94.6212351
KS	20091053502	1915571	0	0.74	0.	38.876239	-94.7864114
KS	20091053506	2606339	0	1.006	0.	38.8763673	-94.7702623
KS	20091053507	2548148	0	0.984	0.	38.8619672	-94.7703285
KS	20091053508	3963600	7118	1.53	0.003	38.8611268	-94.7950638
KS	20091053509	5125355	16647	1.979	0.006	38.8468979	-94.7988265
KS	20091053510	2584260	4145	0.998	0.002	38.8472376	-94.7706851
KS	20091053555	1494293	0	0.577	0.	38.8825597	-94.8143829
KS	20091053556	1553223	88219	0.6	0.034	38.8768406	-94.7994862
KS	20091053557	1640327	56112	0.633	0.022	38.8758249	-94.8151406
KS	20091053558	5376073	15398	2.076	0.006	38.81735	-94.8084371
KS	20091053559	4940077	14642	1.907	0.006	38.8294049	-94.7871274
KS	20091053560	5274697	13048	2.037	0.005	38.8237338	-94.7663527
KS	20091053601	1815217	0	0.701	0.	38.8754661	-94.8285374
KS	20091053603	38266734	1087410	14.775	0.42	38.8428807	-94.8468431
KS	20091053604	2614607	0	1.01	0.	38.876413	-94.8437622
KS	20091053701	111504771	929860	43.052	0.359	38.8039954	-95.0102656
KS	20091053703	2367272	3719	0.914	0.001	38.8024108	-94.9206728
KS	20091053705	2026307	9881	0.782	0.004	38.8059314	-94.902128
KS	20091053707	3317526	0	1.281	0.	38.8172234	-94.9167263
KS	20091053709	8274932	38009	3.195	0.015	38.8132622	-94.948805
KS	20091053711	45296337	738031	17.489	0.285	38.8422811	-94.9204216
KS	20091053712	58238857	494507	22.486	0.191	38.7769846	-94.9167566
KS	20091053801	76899205	913833	29.691	0.353	38.7711833	-94.818414
KS	20091053803	56986167	613071	22.002	0.237	38.775548	-94.6365125
KS	20091053804	67192267	902795	25.943	0.349	38.7784816	-94.7121603
KS	20091980001	13351000	145768	5.155	0.056	38.9379729	-94.7688275
KS	20091980003	8868148	529607	3.424	0.204	38.9867795	-94.80119
KS	20091980004	825074	0	0.319	0.	38.9765916	-94.7101586
KS	20091980005	1583563	0	0.611	0.	38.980487	-94.7159329
KS	20091980100	1240539	0	0.479	0.	38.9635175	-94.7185252
KS	20093959100	2254696659	1133601	870.543	0.438	37.9944614	-101.3081363
KS	20095961100	964741898	6367301	372.489	2.458	37.5653221	-97.9481654
KS	20095961200	36539435	156040	14.108	0.06	37.643682	-98.1193602
KS	20095961300	1234963796	1868579	476.822	0.721	37.5509809	-98.2888319
KS	20097969100	1871627806	596764	722.64	0.23	37.5612311	-99.2865389
KS	20099950100	60728346	895767	23.447	0.346	37.3471781	-95.2226684
KS	20099950200	2661409	0	1.028	0.	37.3374341	-95.2648287
KS	20099950300	28215302	262694	10.894	0.101	37.3634937	-95.3094457
KS	20099950400	53021405	762054	20.472	0.294	37.3043014	-95.2940666
KS	20099950500	678585588	10855495	262.003	4.191	37.2733204	-95.3176785
KS	20099950600	705416188	4237812	272.363	1.636	37.0966691	-95.3226607
KS	20099950700	74588453	1850796	28.799	0.715	37.1665593	-95.1050128
KS	20099950800	68344015	1141583	26.388	0.441	37.0500017	-95.1081463
KS	20101956600	1858080220	551220	717.409	0.213	38.4812863	-100.4661853
KS	20103070100	1537934	159689	0.594	0.062	39.3213578	-94.9136673
KS	20103070200	1548062	0	0.598	0.	39.3237566	-94.9286741
KS	20103070300	6211813	0	2.398	0.	39.3137974	-94.9421422
KS	20103070400	2766433	141726	1.068	0.055	39.3084796	-94.915529
KS	20103070500	8038647	237074	3.104	0.092	39.2862957	-94.9076644
KS	20103070700	4875427	0	1.882	0.	39.2922821	-94.9347079
KS	20103070900	224098667	1237995	86.525	0.478	39.3657462	-95.0626331
KS	20103071000	248876377	1740454	96.092	0.672	39.2677396	-95.0636435
KS	20103071102	49889165	2317287	19.262	0.895	39.2365311	-94.861246
KS	20103071103	6368688	0	2.459	0.	39.2747771	-94.9397437
KS	20103071104	18268375	60813	7.053	0.023	39.2137158	-94.9340523
KS	20103071105	16155111	1686	6.238	0.001	39.2452447	-94.9299848
KS	20103071202	65065955	252352	25.122	0.097	39.0823301	-94.9742914
KS	20103071204	19614307	68354	7.573	0.026	39.1353248	-94.9290474
KS	20103071205	87046521	285557	33.609	0.11	39.1633527	-94.9775657
KS	20103071400	200613253	5304353	77.457	2.048	39.0186992	-95.0631602
KS	20103071600	134289758	850250	51.85	0.328	39.1440851	-95.1160202
KS	20103071800	77573743	381351	29.951	0.147	39.0920027	-95.0823483
KS	20103981900	27380124	1299657	10.572	0.502	39.3596821	-94.9196467
KS	20105086100	1863226707	2748359	719.396	1.061	39.0472801	-98.2142837
KS	20107955101	722119456	11677125	278.812	4.509	38.2767211	-94.8703526
KS	20107955102	159939295	13800123	61.753	5.328	38.3342913	-94.6939942
KS	20107955200	656603952	6415984	253.516	2.477	38.1166638	-94.8455293
KS	20109954600	2779039725	274632	1072.993	0.106	38.9132702	-101.1574016
KS	20111000101	1440531	6917	0.556	0.003	38.4104609	-96.1727475
KS	20111000102	491406	5576	0.19	0.002	38.4190622	-96.1789689
KS	20111000103	4497845	334017	1.737	0.129	38.4129964	-96.1516307
KS	20111000201	4279004	64076	1.652	0.025	38.4237101	-96.1976614
KS	20111000202	4716756	84964	1.821	0.033	38.4232266	-96.2227013
KS	20111000203	909030	3583	0.351	0.001	38.4211286	-96.2117655
KS	20111000300	15511893	1017180	5.989	0.393	38.3942251	-96.2153175
KS	20111000400	1263176	0	0.488	0.	38.4112856	-96.1852835
KS	20111000500	10121808	85792	3.908	0.033	38.3936752	-96.1641266
KS	20111000600	893944118	7190320	345.154	2.776	38.6228696	-96.1240728
KS	20111000700	412051757	3781990	159.094	1.46	38.4600649	-96.2875006
KS	20111000800	845730906	7987411	326.539	3.084	38.2960887	-96.1252183
KS	20113788100	588870545	1366679	227.364	0.528	38.498637	-97.4965922
KS	20113788200	55834681	522448	21.558	0.202	38.5722914	-97.6660036
KS	20113788300	907639761	2818178	350.442	1.088	38.4140162	-97.8057967
KS	20113788400	38932675	73915	15.032	0.029	38.40002	-97.655585
KS	20113788500	1906916	0	0.736	0.	38.3695473	-97.6692022
KS	20113788600	51727771	327358	19.972	0.126	38.357134	-97.6742492
KS	20113788700	681635082	894750	263.181	0.345	38.2538478	-97.566223
KS	20115489500	862014830	1620264	332.826	0.626	38.5142568	-97.1043188
KS	20115489600	336688923	490202	129.996	0.189	38.3550917	-97.2522986
KS	20115489700	357673864	20765772	138.099	8.018	38.3688222	-96.9926371
KS	20115489800	889345108	1556587	343.378	0.601	38.2099308	-97.0733569
KS	20117040701	861286394	4676784	332.545	1.806	39.7077125	-96.4059313
KS	20117060510	93063586	908273	35.932	0.351	39.8335558	-96.6330807
KS	20117070182	557387225	4338202	215.208	1.675	39.685023	-96.6978095
KS	20117090186	819713336	2812298	316.493	1.086	39.9223721	-96.5120883
KS	20119966600	2453187899	3250901	947.181	1.255	37.2438862	-100.3600936
KS	20119966700	80034495	7357	30.901	0.003	37.2972127	-100.3564949
KS	20121100100	234318708	20956947	90.471	8.092	38.6730199	-94.960468
KS	20121100200	171255221	1272987	66.122	0.492	38.6893086	-94.7533828
KS	20121100300	81588399	771246	31.501	0.298	38.6715942	-94.6499893
KS	20121100400	167583874	3228494	64.704	1.247	38.5114897	-94.648821
KS	20121100500	533844719	6682794	206.119	2.58	38.4861373	-94.8226807
KS	20121100601	28102454	1074737	10.85	0.415	38.5882729	-94.864913
KS	20121100602	149396467	1460659	57.682	0.564	38.587912	-94.9827377
KS	20121100700	125429772	1786839	48.429	0.69	38.4868681	-95.004762
KS	20123176600	650424749	752707	251.13	0.291	39.3786057	-98.0272612
KS	20123176700	1167208181	44227273	450.662	17.076	39.3916345	-98.3092076
KS	20125950100	597263500	16524229	230.605	6.38	37.305539	-95.7584907
KS	20125950200	50592020	199913	19.534	0.077	37.2724382	-95.55686
KS	20125950300	24901112	210474	9.614	0.081	37.2466193	-95.7275991
KS	20125950400	2701831	0	1.043	0.	37.2258868	-95.7017114
KS	20125950500	15305913	0	5.91	0.	37.208861	-95.744539
KS	20125950600	25504296	49991	9.847	0.019	37.1946387	-95.7130607
KS	20125950700	730865214	2668545	282.189	1.03	37.1280291	-95.7539504
KS	20125950800	99752995	166339	38.515	0.064	37.0631576	-95.6585627
KS	20125951000	1682392	0	0.65	0.	37.0374376	-95.6201106
KS	20125951100	3379976	22286	1.305	0.009	37.0454213	-95.6284805
KS	20125951300	49864039	450551	19.253	0.174	37.0308415	-95.9198925
KS	20125951400	65086797	137684	25.13	0.053	37.0250177	-95.5716126
KS	20127963600	1731896981	19126853	668.689	7.385	38.688204	-96.6514482
KS	20127963700	69032271	418415	26.654	0.162	38.7159877	-96.4746894
KS	20129964600	1889993632	507796	729.731	0.196	37.1852495	-101.8095163
KS	20131480100	230075523	838642	88.833	0.324	39.8883076	-95.8403755
KS	20131480200	700974205	460843	270.648	0.178	39.8934005	-96.0642345
KS	20131480300	927078728	3905436	357.947	1.508	39.6713825	-96.0236482
KS	20133951600	629920944	7200811	243.214	2.78	37.6189359	-95.2159333
KS	20133951700	46680039	696371	18.023	0.269	37.7102705	-95.4752715
KS	20133951800	43335179	118574	16.732	0.046	37.6527613	-95.4982413
KS	20133951900	34342752	562513	13.26	0.217	37.649472	-95.438934
KS	20133952000	725850776	7772692	280.253	3.001	37.4929179	-95.3565596
KS	20135956300	2783562239	667491	1074.739	0.258	38.4804369	-99.9087452
KS	20137951700	2274122713	8421464	878.044	3.252	39.7838666	-99.8992352
KS	20139010100	248203761	2100438	95.832	0.811	38.7969645	-95.6026953
KS	20139010200	278886970	1194909	107.679	0.461	38.7957512	-95.8395283
KS	20139010300	848980759	29222061	327.793	11.283	38.5575721	-95.7754053
KS	20139010400	20154721	200757	7.782	0.078	38.6282157	-95.8265932
KS	20139010500	431027122	4418837	166.421	1.706	38.6485968	-95.6100106
KS	20141474100	2311604929	4806274	892.516	1.856	39.3482608	-98.7679416
KS	20143085600	960684597	739437	370.922	0.285	39.168275	-97.5004747
KS	20143085700	905998579	828192	349.808	0.32	39.1284843	-97.7944028
KS	20145970200	135851267	247772	52.452	0.096	38.1774409	-99.0873258
KS	20145970300	1817680373	744269	701.81	0.287	38.1795826	-99.2514203
KS	20147475100	1087904765	21701653	420.042	8.379	39.7807411	-99.2033972
KS	20147475200	1142671193	791730	441.188	0.306	39.7870642	-99.4760553
KS	20147475300	63819688	0	24.641	0.	39.7489242	-99.337956
KS	20149000101	356601927	2554073	137.685	0.986	39.2849759	-96.378196
KS	20149000102	72487643	1889193	27.988	0.729	39.2085541	-96.4508963
KS	20149000200	55247827	2057013	21.331	0.794	39.1971773	-96.3326127
KS	20149000300	349344480	5693695	134.883	2.198	39.2822255	-96.132407
KS	20149000400	1343811166	41955869	518.848	16.199	39.4425383	-96.3823057
KS	20151968600	1832748020	1147104	707.628	0.443	37.7376174	-98.598803
KS	20151968700	25839576	0	9.977	0.	37.6569353	-98.7513093
KS	20151968800	45153352	624835	17.434	0.241	37.6249599	-98.7434795
KS	20153950600	2769775705	415527	1069.416	0.16	39.7861975	-101.0767378
KS	20155000100	6889057	6830	2.66	0.003	38.0884318	-97.8938382
KS	20155000200	3461920	0	1.337	0.	38.078784	-97.9152395
KS	20155000300	7420872	0	2.865	0.	38.0897936	-97.9322376
KS	20155000400	2930083	0	1.131	0.	38.0689828	-97.9491056
KS	20155000500	3471888	0	1.341	0.	38.0703745	-97.9311156
KS	20155000600	2464086	0	0.951	0.	38.053923	-97.9317197
KS	20155000700	3825038	0	1.477	0.	38.0594227	-97.9117743
KS	20155000800	11218116	405308	4.331	0.156	38.0426619	-97.9326217
KS	20155001000	5154756	0	1.99	0.	38.056756	-97.8946858
KS	20155001100	83487227	906546	32.235	0.35	38.1037971	-97.8718017
KS	20155001200	81855252	251372	31.604	0.097	38.1187515	-97.9804275
KS	20155001300	42350770	990230	16.352	0.382	38.0218703	-97.9659964
KS	20155001400	717333575	3223580	276.964	1.245	37.9361274	-97.8788883
KS	20155001500	197126597	502382	76.111	0.194	38.1084302	-97.7847965
KS	20155001600	332950021	1261992	128.553	0.487	38.1084362	-98.1550398
KS	20155001700	1218388375	1029966	470.422	0.398	37.9335882	-98.3164759
KS	20155001800	530904352	34939286	204.983	13.49	37.7992437	-97.982229
KS	20157978100	933533224	1809658	360.439	0.699	39.8320565	-97.5124498
KS	20157978200	880407274	5985608	339.927	2.311	39.8170602	-97.7941007
KS	20157978300	44057957	156646	17.011	0.06	39.8260395	-97.6301308
KS	20159967100	892382302	600100	344.551	0.232	38.4366634	-98.2038738
KS	20159967200	93702052	26511	36.179	0.01	38.3479658	-98.2014594
KS	20159967300	894851749	3856087	345.504	1.489	38.2532089	-98.2019758
KS	20161000201	16564781	753551	6.396	0.291	39.2367579	-96.5943784
KS	20161000202	7883688	320843	3.044	0.124	39.207582	-96.5499415
KS	20161000303	550497	0	0.213	0.	39.193927	-96.5903787
KS	20161000304	2598049	0	1.003	0.	39.1950445	-96.6022005
KS	20161000500	2526673	0	0.976	0.	39.195527	-96.5694101
KS	20161000601	3604489	0	1.392	0.	39.1960179	-96.6259175
KS	20161000602	23254608	110428	8.979	0.043	39.1655033	-96.6622498
KS	20161000700	3930084	0	1.517	0.	39.1801008	-96.5971426
KS	20161000801	1441832	0	0.557	0.	39.1832361	-96.5721797
KS	20161000802	1852000	0	0.715	0.	39.1777238	-96.568319
KS	20161000900	323153289	5216598	124.77	2.014	39.1217735	-96.5291899
KS	20161001002	53806054	233396	20.775	0.09	39.1083268	-96.7829325
KS	20161001101	5737770	0	2.215	0.	39.2047717	-96.5860509
KS	20161001102	2790193	0	1.077	0.	39.2112965	-96.6080119
KS	20161001301	16894722	0	6.523	0.	39.2125574	-96.6485262
KS	20161001302	836650569	25447620	323.033	9.825	39.4173462	-96.798224
KS	20161980000	275771508	9644	106.476	0.004	39.2110986	-96.8086044
KS	20163974600	1485478930	10225882	573.547	3.948	39.419741	-99.3255302
KS	20163974700	820975262	1736377	316.98	0.67	39.2121554	-99.3346319
KS	20165972300	1858997546	544720	717.763	0.21	38.5235962	-99.3091835
KS	20167973800	150856069	172621	58.246	0.067	38.8916938	-98.8480614
KS	20167973900	2144546789	33954155	828.014	13.11	38.9156909	-98.7499631
KS	20169000101	3004121	0	1.16	0.	38.8331679	-97.597194
KS	20169000102	5453744	44627	2.106	0.017	38.847588	-97.5927978
KS	20169000200	17318396	0	6.687	0.	38.8615867	-97.6168954
KS	20169000300	5044038	14505	1.948	0.006	38.83321	-97.6281579
KS	20169000400	1734273	0	0.67	0.	38.8195555	-97.6180862
KS	20169000500	3448191	0	1.331	0.	38.8135932	-97.6256749
KS	20169000600	35047159	1487	13.532	0.001	38.7918043	-97.6514783
KS	20169000700	6932357	22194	2.677	0.009	38.7930258	-97.5988714
KS	20169000800	3294401	0	1.272	0.	38.8063314	-97.5933784
KS	20169000900	4447173	0	1.717	0.	38.8194683	-97.5966381
KS	20169001000	11432484	0	4.414	0.	38.8238247	-97.5696056
KS	20169001100	851445268	1512402	328.745	0.584	38.8728215	-97.6598375
KS	20169001200	916827735	1165687	353.989	0.45	38.6887428	-97.6393243
KS	20171957100	1858536839	306079	717.585	0.118	38.4818768	-100.9063604
KS	20173000100	1454684	6044	0.562	0.002	37.7271105	-97.3430616
KS	20173000200	1483243	82904	0.573	0.032	37.7161607	-97.3534348
KS	20173000300	2224763	47670	0.859	0.018	37.71075	-97.341052
KS	20173000400	4162338	0	1.607	0.	37.7069889	-97.3275832
KS	20173000600	1767000	0	0.682	0.	37.7111214	-97.3165099
KS	20173000700	1987823	0	0.768	0.	37.721471	-97.3098748
KS	20173000800	1379023	0	0.532	0.	37.7078745	-97.3055529
KS	20173000900	2781438	3185	1.074	0.001	37.714669	-97.2916431
KS	20173001000	2309264	2545	0.892	0.001	37.7001598	-97.2823009
KS	20173001100	1323580	0	0.511	0.	37.6980564	-97.3010323
KS	20173001400	3612371	357818	1.395	0.138	37.7002756	-97.3572403
KS	20173001500	1674007	61839	0.646	0.024	37.690179	-97.367589
KS	20173001800	1802643	0	0.696	0.	37.6915847	-97.3160632
KS	20173001900	1065070	0	0.411	0.	37.6899446	-97.3004292
KS	20173002000	1032906	0	0.399	0.	37.6908614	-97.2873607
KS	20173002200	962269	0	0.372	0.	37.6829219	-97.287395
KS	20173002300	1269917	0	0.49	0.	37.6827543	-97.3035225
KS	20173002400	1615550	0	0.624	0.	37.6801474	-97.3192728
KS	20173002600	965136	55430	0.373	0.021	37.6759898	-97.3361598
KS	20173002700	1224671	17508	0.473	0.007	37.6774584	-97.3504142
KS	20173002800	1722644	0	0.665	0.	37.6807613	-97.363665
KS	20173002900	1518191	0	0.586	0.	37.6803299	-97.375024
KS	20173003000	1616944	0	0.624	0.	37.6688259	-97.3646355
KS	20173003100	1685956	22466	0.651	0.009	37.6651011	-97.356729
KS	20173003200	1442941	37648	0.557	0.015	37.6652564	-97.3387572
KS	20173003400	2107473	0	0.814	0.	37.6682573	-97.3242496
KS	20173003500	1336522	0	0.516	0.	37.6755512	-97.3032544
KS	20173003600	1596851	0	0.617	0.	37.6758048	-97.282202
KS	20173003700	585689	0	0.226	0.	37.6680465	-97.2846091
KS	20173003800	2146384	0	0.829	0.	37.6657287	-97.308569
KS	20173003900	2197484	0	0.848	0.	37.6528563	-97.3243523
KS	20173004000	2201723	137981	0.85	0.053	37.654271	-97.3387503
KS	20173004301	2357229	0	0.91	0.	37.6888328	-97.3331589
KS	20173004302	1812545	188948	0.7	0.073	37.6868888	-97.3455199
KS	20173005100	4454087	577673	1.72	0.223	37.644125	-97.3453058
KS	20173005200	1949596	0	0.753	0.	37.6526531	-97.3633161
KS	20173005300	3513534	0	1.357	0.	37.6383098	-97.3607973
KS	20173005401	13793422	508043	5.326	0.196	37.609139	-97.3778179
KS	20173005402	6039874	164359	2.332	0.063	37.6097279	-97.366135
KS	20173005501	5693547	35588	2.198	0.014	37.5715712	-97.3422137
KS	20173005502	6325038	10371	2.442	0.004	37.5570266	-97.3474625
KS	20173005600	12774653	628457	4.932	0.243	37.5835454	-97.3204015
KS	20173005700	7297703	270693	2.818	0.105	37.6065027	-97.3394254
KS	20173005800	8467604	306596	3.269	0.118	37.5948171	-97.2907311
KS	20173005900	6697142	429508	2.586	0.166	37.6210803	-97.3132513
KS	20173006000	3843927	509532	1.484	0.197	37.6337953	-97.3231918
KS	20173006100	2538681	0	0.98	0.	37.6395224	-97.3011218
KS	20173006200	1764084	0	0.681	0.	37.6550983	-97.307174
KS	20173006300	2112779	0	0.816	0.	37.6639694	-97.2911045
KS	20173006400	1590173	0	0.614	0.	37.6526533	-97.288459
KS	20173006500	2152988	0	0.831	0.	37.6424266	-97.2913068
KS	20173006600	23057221	87711	8.902	0.034	37.6198907	-97.2689864
KS	20173006700	1313995	0	0.507	0.	37.6528256	-97.2738703
KS	20173006800	1955172	0	0.755	0.	37.6634458	-97.2728101
KS	20173006900	1333641	0	0.515	0.	37.6720824	-97.2667237
KS	20173007000	2306076	0	0.89	0.	37.6687784	-97.2561194
KS	20173007101	1796668	0	0.694	0.	37.6759158	-97.241497
KS	20173007102	1675656	0	0.647	0.	37.6688809	-97.2352735
KS	20173007201	10282226	212509	3.97	0.082	37.6937928	-97.2079453
KS	20173007205	2426891	30687	0.937	0.012	37.6601064	-97.2414582
KS	20173007206	1313983	0	0.507	0.	37.6538302	-97.2356306
KS	20173007207	4707699	75888	1.818	0.029	37.6626522	-97.1984572
KS	20173007208	5654168	4885	2.183	0.002	37.667114	-97.2165033
KS	20173007301	4483606	75368	1.731	0.029	37.7042406	-97.2426956
KS	20173007302	4218302	0	1.629	0.	37.6869832	-97.2412784
KS	20173007500	1273500	7864	0.492	0.003	37.7104003	-97.2792621
KS	20173007600	4253757	12123	1.642	0.005	37.710238	-97.2663752
KS	20173007701	4043320	27567	1.561	0.011	37.7338068	-97.2880988
KS	20173007702	2618615	7774	1.011	0.003	37.72998	-97.2716463
KS	20173007800	2285172	0	0.882	0.	37.732289	-97.3062635
KS	20173008000	7829765	17742	3.023	0.007	37.7982332	-97.3198906
KS	20173008100	29422787	594599	11.36	0.23	37.7690021	-97.3418972
KS	20173008200	4923437	0	1.901	0.	37.7403148	-97.347928
KS	20173008300	5140164	160942	1.985	0.062	37.7426481	-97.3679806
KS	20173008400	2526824	219624	0.976	0.085	37.7238166	-97.3702462
KS	20173008500	1841716	102339	0.711	0.04	37.7146085	-97.372255
KS	20173008600	2330616	33417	0.9	0.013	37.7141889	-97.3891178
KS	20173008700	2312198	55986	0.893	0.022	37.7027335	-97.3793069
KS	20173008800	3445999	59972	1.331	0.023	37.7007787	-97.3994645
KS	20173008900	3927627	158632	1.516	0.061	37.6847092	-97.3993385
KS	20173009000	3036870	0	1.173	0.	37.6784772	-97.3835787
KS	20173009100	10268423	350050	3.965	0.135	37.644227	-97.3831802
KS	20173009200	21009031	766706	8.112	0.296	37.6576036	-97.4276743
KS	20173009301	4551862	517083	1.757	0.2	37.7038546	-97.4251384
KS	20173009303	2580935	12821	0.997	0.005	37.6854371	-97.4360676
KS	20173009304	1781578	226776	0.688	0.088	37.6858015	-97.4192019
KS	20173009401	2623348	0	1.013	0.	37.7012658	-97.4534584
KS	20173009402	2583455	22961	0.997	0.009	37.6863248	-97.4571229
KS	20173009504	2538127	0	0.98	0.	37.7157228	-97.4535971
KS	20173009505	2590974	87644	1.	0.034	37.701524	-97.4730448
KS	20173009506	2498586	37538	0.965	0.014	37.7119019	-97.4724385
KS	20173009507	45598215	112434	17.606	0.043	37.7147402	-97.5261977
KS	20173009508	15025807	237603	5.801	0.092	37.6689722	-97.5671713
KS	20173009509	22858539	192447	8.826	0.074	37.6711456	-97.527667
KS	20173009510	7511703	120902	2.9	0.047	37.6725247	-97.492954
KS	20173009511	7686151	164866	2.968	0.064	37.6624472	-97.4642671
KS	20173009512	2470977	85200	0.954	0.033	37.6856626	-97.4707973
KS	20173009513	2570880	0	0.993	0.	37.7159516	-97.435297
KS	20173009514	10253809	2291409	3.959	0.885	37.727327	-97.4110036
KS	20173009515	5122827	59843	1.978	0.023	37.7305478	-97.462774
KS	20173009603	7600724	0	2.935	0.	37.6226645	-97.4128006
KS	20173009604	25582424	196145	9.877	0.076	37.5121229	-97.4986933
KS	20173009605	221654182	834618	85.581	0.322	37.5777368	-97.5122625
KS	20173009700	170128886	794261	65.687	0.307	37.5141112	-97.3827168
KS	20173009801	7158612	490046	2.764	0.189	37.5417152	-97.2720512
KS	20173009803	3580786	1485	1.383	0.001	37.5553524	-97.2512134
KS	20173009804	2568274	7674	0.992	0.003	37.5400841	-97.2483376
KS	20173009901	41060096	34204	15.853	0.013	37.5408805	-97.1987068
KS	20173009902	46672460	282805	18.02	0.109	37.4965318	-97.2098896
KS	20173010001	10164162	267404	3.924	0.103	37.679425	-97.1644111
KS	20173010002	10220921	221732	3.946	0.086	37.6793754	-97.1828324
KS	20173010003	1844195	441	0.712	0.	37.6437374	-97.2347794
KS	20173010005	4493022	234402	1.735	0.091	37.5709677	-97.2797679
KS	20173010006	36256830	175035	13.999	0.068	37.6280881	-97.1984676
KS	20173010007	48536641	404658	18.74	0.156	37.584667	-97.2123663
KS	20173010106	4226150	87909	1.632	0.034	37.7581571	-97.2401781
KS	20173010107	2450908	74013	0.946	0.029	37.7312354	-97.2530048
KS	20173010108	2616967	23040	1.01	0.009	37.7289117	-97.2336111
KS	20173010109	2617802	6276	1.011	0.002	37.7203844	-97.2428549
KS	20173010110	2525185	0	0.975	0.	37.7120003	-97.2442434
KS	20173010111	9122233	68447	3.522	0.026	37.7678655	-97.2638854
KS	20173010113	42348519	352904	16.351	0.136	37.7915029	-97.3026606
KS	20173010115	14259183	139292	5.506	0.054	37.7190988	-97.194589
KS	20173010116	180332512	317969	69.627	0.123	37.8288813	-97.2049027
KS	20173010201	6345887	0	2.45	0.	37.8362259	-97.3724631
KS	20173010202	180062526	555920	69.523	0.215	37.8751491	-97.3810943
KS	20173010301	11218078	148574	4.331	0.057	37.7473145	-97.4393521
KS	20173010302	76789916	4819738	29.649	1.861	37.7897468	-97.4159393
KS	20173010400	184557622	2773858	71.258	1.071	37.8767122	-97.600837
KS	20173010500	189805467	447279	73.284	0.173	37.781641	-97.5931942
KS	20173010600	274190368	3823225	105.865	1.476	37.6605691	-97.6816891
KS	20173010700	278742354	1969612	107.623	0.76	37.544292	-97.7122963
KS	20173010801	3540803	52486	1.367	0.02	37.738859	-97.2567313
KS	20173010802	4229523	88133	1.633	0.034	37.7489935	-97.2535831
KS	20173010900	3418356	1820	1.32	0.001	37.6856553	-97.2677933
KS	20175965600	1604240893	1388445	619.401	0.536	37.1809599	-100.8552566
KS	20175965700	9198448	572999	3.552	0.221	37.0588738	-100.9154893
KS	20175965800	17620684	0	6.803	0.	37.0462137	-100.9556727
KS	20175965900	16425744	0	6.342	0.	37.0148309	-100.9307932
KS	20175966000	9207534	0	3.555	0.	37.0380167	-100.9038566
KS	20177000400	2017631	5278	0.779	0.002	39.0378379	-95.690834
KS	20177000500	1087704	0	0.42	0.	39.0498358	-95.6894862
KS	20177000600	1505907	52463	0.581	0.02	39.0597884	-95.6833341
KS	20177000700	15618232	830344	6.03	0.321	39.0836863	-95.6965014
KS	20177000800	12926390	896998	4.991	0.346	39.0925895	-95.6137512
KS	20177000900	17114567	1600593	6.608	0.618	39.0679448	-95.6229608
KS	20177001000	2522512	52265	0.974	0.02	39.0597539	-95.6448463
KS	20177001100	2759179	0	1.065	0.	39.0491217	-95.6467244
KS	20177001200	2728785	0	1.054	0.	39.0366865	-95.6608407
KS	20177001300	2617562	0	1.011	0.	39.022511	-95.6607479
KS	20177001500	3745126	5813	1.446	0.002	39.0228553	-95.6842031
KS	20177001601	3724373	1153	1.438	0.	39.0231489	-95.7105023
KS	20177001603	1252627	0	0.484	0.	39.0110855	-95.7212428
KS	20177001604	2097616	3053	0.81	0.001	39.0080617	-95.7090415
KS	20177001800	2165925	0	0.836	0.	39.0377483	-95.7038706
KS	20177001900	2027012	0	0.783	0.	39.0373801	-95.7174989
KS	20177002100	1856230	0	0.717	0.	39.0524021	-95.7030787
KS	20177002200	2743300	282878	1.059	0.109	39.0657831	-95.6936655
KS	20177002401	11266823	847150	4.35	0.327	39.0634093	-95.7520397
KS	20177002402	2145608	0	0.828	0.	39.0498893	-95.7516437
KS	20177002500	2389051	0	0.922	0.	39.0370531	-95.7346226
KS	20177002601	2999560	1459	1.158	0.001	39.0326408	-95.7509895
KS	20177002602	4747705	198	1.833	0.	39.0161525	-95.7561854
KS	20177002701	3323077	0	1.283	0.	39.0214603	-95.7337825
KS	20177002702	7398452	56500	2.857	0.022	38.9953957	-95.7366762
KS	20177002800	2658947	1592	1.027	0.001	39.0047044	-95.695651
KS	20177002900	3800270	0	1.467	0.	39.0037441	-95.6791847
KS	20177003001	3030141	0	1.17	0.	39.0080792	-95.6605085
KS	20177003002	10871795	1753069	4.198	0.677	38.9970515	-95.642274
KS	20177003100	10413147	7828	4.021	0.003	39.0317877	-95.6315112
KS	20177003301	14086291	122448	5.439	0.047	39.1136667	-95.6341293
KS	20177003302	67422648	720512	26.032	0.278	39.1695554	-95.6242525
KS	20177003401	23510488	73840	9.077	0.029	39.1221951	-95.693275
KS	20177003402	50888883	997140	19.648	0.385	39.174652	-95.6932523
KS	20177003500	371341906	7115940	143.376	2.747	39.1508714	-95.8767752
KS	20177003601	286082165	6393332	110.457	2.468	38.9649054	-95.8676014
KS	20177003604	29538586	1615335	11.405	0.624	38.9772036	-95.8077304
KS	20177003605	18719902	279046	7.228	0.108	38.9775975	-95.7520144
KS	20177003606	2590944	7733	1.	0.003	39.0236651	-95.7721386
KS	20177003607	27306000	1152985	10.543	0.445	39.0361767	-95.8080003
KS	20177003701	11543111	14521	4.457	0.006	38.986541	-95.7009674
KS	20177003702	44228689	284503	17.077	0.11	38.9551581	-95.6795282
KS	20177003901	76233866	2504370	29.434	0.967	39.024135	-95.5530048
KS	20177003902	230479098	2299999	88.988	0.888	38.9206494	-95.6231347
KS	20177004000	5341086	157901	2.062	0.061	39.0475325	-95.6726804
KS	20177004100	4151213	175268	1.603	0.068	39.0594915	-95.7161077
KS	20179952800	2320518305	647342	895.957	0.25	39.3505465	-100.4412278
KS	20181453600	2677030127	530945	1033.607	0.205	39.2420036	-101.8847263
KS	20181453700	58163124	17303	22.457	0.007	39.3698022	-101.6995868
KS	20183475800	69796352	17550	26.949	0.007	39.7803106	-98.7987233
KS	20183475900	2249445423	3866717	868.516	1.493	39.6759801	-98.6343444
KS	20185470600	1205856774	7308278	465.584	2.822	38.0492823	-98.612911
KS	20185470700	845532982	127139	326.462	0.049	38.0075204	-98.8672122
KS	20187964100	1762103387	178555	680.352	0.069	37.5659319	-101.7893829
KS	20189965100	1816133813	464936	701.213	0.18	37.2931731	-101.1854016
KS	20189965200	67460109	0	26.046	0.	37.180185	-101.3437378
KS	20191962100	225308282	2901218	86.992	1.12	37.4001365	-97.2292006
KS	20191962200	964648916	1347616	372.453	0.52	37.3810692	-97.6046338
KS	20191962300	1082319441	2273056	417.886	0.878	37.1139955	-97.5726508
KS	20191962400	91147464	48335	35.192	0.019	37.2832649	-97.4426222
KS	20191962500	60778746	176243	23.467	0.068	37.273834	-97.3691781
KS	20191962600	636302832	1766410	245.678	0.682	37.1666825	-97.2486565
KS	20193953100	191963861	0	74.118	0.	39.3890644	-101.0565744
KS	20193953400	2591461267	288241	1000.569	0.111	39.240026	-100.8797448
KS	20195955800	2303727352	26281951	889.474	10.148	38.9213022	-99.865423
KS	20197483100	976191528	8919906	376.91	3.444	39.0382459	-96.2906447
KS	20197483200	1081129337	4925328	417.426	1.902	38.8873022	-96.1643033
KS	20199954100	2366348284	140936	913.652	0.054	38.9266259	-101.7711031
KS	20201978600	992653431	5810312	383.266	2.243	39.9103963	-97.0986202
KS	20201978700	1324760903	4329161	511.493	1.671	39.6909825	-97.0784934
KS	20203957600	1861078196	61987	718.566	0.024	38.4819222	-101.3474341
KS	20205097100	681060398	4653214	262.959	1.797	37.6036257	-95.6497367
KS	20205097200	681185507	5817645	263.007	2.246	37.5627722	-95.809289
KS	20205097300	30554447	246341	11.797	0.095	37.5372361	-95.8329585
KS	20205097400	84587679	1329273	32.659	0.513	37.4334553	-95.6769605
KS	20207096600	1240875429	18461664	479.105	7.128	37.9631875	-95.8515628
KS	20207096700	48468909	792895	18.714	0.306	37.8784974	-95.7318564
KS	20209040100	2206782	0	0.852	0.	39.1403298	-94.6618626
KS	20209040200	2312128	0	0.893	0.	39.1437734	-94.6439397
KS	20209040500	1595921	0	0.616	0.	39.1361053	-94.6809711
KS	20209040600	1713343	0	0.662	0.	39.1320819	-94.6642061
KS	20209040700	1105919	0	0.427	0.	39.1332538	-94.6436809
KS	20209040900	1911501	0	0.738	0.	39.1367597	-94.6252043
KS	20209041100	1149257	0	0.444	0.	39.1219145	-94.6270276
KS	20209041200	1409910	0	0.544	0.	39.1242368	-94.6420088
KS	20209041300	2657930	0	1.026	0.	39.1231905	-94.6660611
KS	20209041400	1569875	0	0.606	0.	39.1279201	-94.6235502
KS	20209041500	2467104	0	0.953	0.	39.1103165	-94.6711217
KS	20209041600	1678726	0	0.648	0.	39.1151928	-94.6551734
KS	20209041900	727689	0	0.281	0.	39.1090749	-94.6230089
KS	20209042001	485872	0	0.188	0.	39.1106486	-94.6310632
KS	20209042002	553980	0	0.214	0.	39.104364	-94.6313328
KS	20209042100	842443	0	0.325	0.	39.1063866	-94.6413759
KS	20209042200	1689479	0	0.652	0.	39.1022147	-94.6580404
KS	20209042300	1297700	0	0.501	0.	39.0985979	-94.642484
KS	20209042400	1105674	0	0.427	0.	39.0971971	-94.6290779
KS	20209042600	1918455	0	0.741	0.	39.083512	-94.635862
KS	20209042700	2314616	0	0.894	0.	39.0706338	-94.6739108
KS	20209042800	2342066	0	0.904	0.	39.0690044	-94.6587674
KS	20209042900	2149618	0	0.83	0.	39.1151391	-94.6357201
KS	20209043000	6201371	177413	2.394	0.068	39.0638095	-94.6295169
KS	20209043301	2231926	0	0.862	0.	39.0495797	-94.6309146
KS	20209043400	3703198	0	1.43	0.	39.0530635	-94.6572458
KS	20209043500	1756615	0	0.678	0.	39.0528271	-94.6729728
KS	20209043600	4493428	0	1.735	0.	39.0505849	-94.6953536
KS	20209043700	3603955	0	1.391	0.	39.0701321	-94.6880925
KS	20209043802	17220270	874473	6.649	0.338	39.0562655	-94.7339029
KS	20209043803	5436869	52622	2.099	0.02	39.0695402	-94.7098018
KS	20209043903	3016612	0	1.165	0.	39.1227853	-94.691805
KS	20209043904	3810969	0	1.471	0.	39.1226886	-94.7218611
KS	20209043905	9462400	183006	3.653	0.071	39.1074612	-94.7145759
KS	20209044001	11668586	0	4.505	0.	39.0962492	-94.7634916
KS	20209044002	15642247	849719	6.04	0.328	39.0765545	-94.762947
KS	20209044101	1988051	0	0.768	0.	39.1110588	-94.7509868
KS	20209044102	2022706	0	0.781	0.	39.1107013	-94.7698221
KS	20209044103	3380275	0	1.305	0.	39.1225969	-94.7740824
KS	20209044104	2407262	0	0.929	0.	39.1222679	-94.749252
KS	20209044201	4538815	0	1.752	0.	39.1358415	-94.773338
KS	20209044202	3233186	0	1.248	0.	39.1358259	-94.7455084
KS	20209044301	1790621	0	0.691	0.	39.1464613	-94.7207489
KS	20209044302	1852448	0	0.715	0.	39.1396592	-94.7198631
KS	20209044303	2069472	0	0.799	0.	39.132388	-94.7200147
KS	20209044400	2647658	0	1.022	0.	39.135766	-94.6963549
KS	20209044500	8022204	25584	3.097	0.01	39.1574667	-94.6832509
KS	20209044601	19815514	1389544	7.651	0.537	39.160054	-94.7504223
KS	20209044602	8403239	725812	3.245	0.28	39.1831976	-94.7812012
KS	20209044603	8046920	1677753	3.107	0.648	39.1717667	-94.6806171
KS	20209044702	23666810	905906	9.138	0.35	39.078168	-94.8188183
KS	20209044703	12719173	0	4.911	0.	39.1225617	-94.8329784
KS	20209044704	10421090	0	4.024	0.	39.1239254	-94.8002343
KS	20209044803	45702921	285581	17.646	0.11	39.1652391	-94.8846258
KS	20209044804	27377696	71968	10.571	0.028	39.1663552	-94.8200595
KS	20209044807	40373066	1472614	15.588	0.569	39.0786637	-94.8875381
KS	20209044900	4883196	150412	1.885	0.058	39.0630609	-94.8886284
KS	20209045100	1689689	0	0.652	0.	39.0604885	-94.6186521
KS	20209045200	2087389	0	0.806	0.	39.0545674	-94.6121595
KS	20209980000	10330121	1313175	3.988	0.507	39.1482579	-94.6050845
KS	20209980500	1371488	268462	0.53	0.104	39.1048067	-94.6110997
KS	20209980900	3542696	405664	1.368	0.157	39.0894503	-94.6172948
KS	20209981200	4681380	278766	1.807	0.108	39.0899458	-94.6544905
KS	20209981500	8219862	693123	3.174	0.268	39.0907651	-94.6836393
