USPS	GEOID	ALAND	AWATER	ALAND_SQMI	AWATER_SQMI	INTPTLAT	INTPTLONG
KY	21001970100	175464467	7752233	67.747	2.993	37.2350908	-85.1589966
KY	21001970200	104252174	7503621	40.252	2.897	37.1723486	-85.3378147
KY	21001970300	191516273	892276	73.945	0.345	37.1281637	-85.1565883
KY	21001970401	105372194	706583	40.684	0.273	37.0523709	-85.328457
KY	21001970402	67018320	529361	25.876	0.204	37.1223003	-85.2765566
KY	21001970500	263714203	596666	101.821	0.23	37.0345903	-85.4404426
KY	21001970600	142364914	411177	54.967	0.159	37.0014658	-85.2620308
KY	21003920100	207158637	12787565	79.984	4.937	36.85153	-86.1686133
KY	21003920200	146614096	911656	56.608	0.352	36.7747795	-86.3386507
KY	21003920300	69833815	222698	26.963	0.086	36.7692349	-86.2246589
KY	21003920400	132940935	4306115	51.329	1.663	36.7356624	-86.1261802
KY	21003920500	178142905	2237801	68.781	0.864	36.6889435	-86.0468268
KY	21003920600	155550603	614031	60.058	0.237	36.6759266	-86.2825845
KY	21005950101	29174746	180489	11.264	0.07	38.0513832	-84.9382337
KY	21005950102	46962026	996159	18.132	0.385	38.0729832	-84.8722253
KY	21005950201	11075445	95215	4.276	0.037	38.0195214	-84.9218999
KY	21005950202	74300229	947520	28.687	0.366	37.9885514	-84.8648294
KY	21005950300	157430528	1245597	60.784	0.481	38.053993	-85.0315435
KY	21005950400	204906828	1779794	79.115	0.687	37.9514168	-85.0413004
KY	21007950100	300712492	26421224	116.106	10.201	37.1038446	-88.9597759
KY	21007950200	161812605	35120717	62.476	13.56	37.1062685	-89.0872288
KY	21007950300	177447558	8094399	68.513	3.125	36.9762903	-88.9800668
KY	21009950100	187888193	2033899	72.544	0.785	37.0926705	-85.8496934
KY	21009950200	79703349	582107	30.774	0.225	37.1404435	-86.0178495
KY	21009950300	107602651	813159	41.546	0.314	37.0682444	-86.0130385
KY	21009950401	13066321	109338	5.045	0.042	37.0022476	-85.950793
KY	21009950402	7299825	2123	2.818	0.001	36.9866678	-85.9162375
KY	21009950500	18140315	208535	7.004	0.081	37.0235979	-85.9368596
KY	21009950601	5367339	3731	2.072	0.001	37.0002928	-85.8916105
KY	21009950602	64712143	446007	24.985	0.172	37.0253975	-85.8259596
KY	21009950701	46215278	279923	17.844	0.108	36.9528574	-85.8701872
KY	21009950702	65432833	2837825	25.264	1.096	36.9410432	-85.9621986
KY	21009950800	184242114	1457794	71.136	0.563	36.9094343	-85.8119017
KY	21009950900	314319721	14178849	121.36	5.474	36.8402214	-85.9535564
KY	21009951000	168279908	9769960	64.973	3.772	36.9725751	-86.0910091
KY	21011970100	165466613	884597	63.887	0.342	38.2156678	-83.8598297
KY	21011970201	152245754	1340918	58.782	0.518	38.2110653	-83.7306391
KY	21011970202	183085675	501799	70.69	0.194	38.1106339	-83.7860581
KY	21011970300	219199038	12843332	84.633	4.959	38.0699814	-83.6345248
KY	21013960100	211329707	695787	81.595	0.269	36.8314594	-83.6065575
KY	21013960200	123929804	613614	47.85	0.237	36.7725443	-83.7445491
KY	21013960300	87980682	939419	33.97	0.363	36.6992292	-83.6319887
KY	21013960400	137179775	982216	52.965	0.379	36.7231604	-83.5275217
KY	21013960500	72265691	256339	27.902	0.099	36.6418622	-83.6553543
KY	21013960600	40519586	367277	15.645	0.142	36.597367	-83.7661544
KY	21013960700	6555505	107866	2.531	0.042	36.6181254	-83.726099
KY	21013960800	62317412	611555	24.061	0.236	36.6412977	-83.7508316
KY	21013961100	187725270	910203	72.481	0.351	36.668702	-83.8157056
KY	21015070101	3353997	7546	1.295	0.003	38.9986671	-84.6393181
KY	21015070102	1331599	0	0.514	0.	39.0122687	-84.6210317
KY	21015070201	2161612	0	0.835	0.	38.9944919	-84.6190195
KY	21015070202	2099589	0	0.811	0.	38.9874769	-84.6285712
KY	21015070301	11579603	28600	4.471	0.011	38.9592367	-84.6243034
KY	21015070305	6093900	0	2.353	0.	39.0082297	-84.6893406
KY	21015070309	7316709	0	2.825	0.	38.9433263	-84.6523564
KY	21015070311	17772365	522894	6.862	0.202	39.0594259	-84.6296485
KY	21015070312	3780491	0	1.46	0.	38.9907225	-84.6539521
KY	21015070313	3486373	11446	1.346	0.004	38.9873417	-84.6780147
KY	21015070314	3387059	0	1.308	0.	38.9986368	-84.6754826
KY	21015070315	5507336	20579	2.126	0.008	38.967951	-84.6454891
KY	21015070316	4944741	0	1.909	0.	38.9577706	-84.6682458
KY	21015070317	3769753	0	1.456	0.	38.9855562	-84.6939162
KY	21015070318	16701513	4720	6.448	0.002	38.9588041	-84.7089431
KY	21015070403	30989158	4292208	11.965	1.657	39.1092219	-84.7740594
KY	21015070404	23331810	4382927	9.008	1.692	39.0898416	-84.6910807
KY	21015070405	55673299	1296677	21.496	0.501	39.0575887	-84.7916427
KY	21015070406	6176458	26569	2.385	0.01	39.0643471	-84.6962406
KY	21015070407	10469056	3216	4.042	0.001	39.0621932	-84.715273
KY	21015070502	141401200	13300829	54.595	5.135	38.9850463	-84.802157
KY	21015070503	6078074	0	2.347	0.	39.026258	-84.7069648
KY	21015070505	4887949	0	1.887	0.	39.0096137	-84.7220019
KY	21015070506	12959734	0	5.004	0.	39.0296577	-84.7455556
KY	21015070601	91921856	2207860	35.491	0.852	38.9102666	-84.7363273
KY	21015070604	82459552	276433	31.838	0.107	38.8335472	-84.6727823
KY	21015070605	10551941	16201	4.074	0.006	38.9218898	-84.6553533
KY	21015070606	21357986	112708	8.246	0.044	38.9004399	-84.6201414
KY	21015070607	22368630	2108	8.637	0.001	38.8855828	-84.6556978
KY	21015980100	23916958	0	9.234	0.	39.0438009	-84.6673158
KY	21017030101	6117810	209590	2.362	0.081	38.2250469	-84.2654426
KY	21017030102	19601231	60388	7.568	0.023	38.2088845	-84.2272013
KY	21017030201	7239687	15351	2.795	0.006	38.1902029	-84.2645673
KY	21017030202	2797097	0	1.08	0.	38.2073848	-84.2674038
KY	21017030300	208513444	1626831	80.507	0.628	38.1462207	-84.2705564
KY	21017030400	142828772	1039111	55.146	0.401	38.2484663	-84.3488025
KY	21017030500	159204231	956549	61.469	0.369	38.2966426	-84.1784698
KY	21017030600	204146382	912868	78.821	0.352	38.1874792	-84.0825758
KY	21019030200	4072104	2110925	1.572	0.815	38.4871054	-82.6499481
KY	21019030300	1518094	640	0.586	0.	38.4708546	-82.6344004
KY	21019030400	4280440	1353063	1.653	0.522	38.4537513	-82.6152385
KY	21019030500	4202091	841	1.622	0.	38.4487101	-82.631052
KY	21019030600	6860607	17427	2.649	0.007	38.4473526	-82.6656609
KY	21019030700	2704155	0	1.044	0.	38.4656837	-82.6452451
KY	21019030800	4664195	0	1.801	0.	38.4653723	-82.6667107
KY	21019030900	14111641	14681	5.449	0.006	38.4741089	-82.6880589
KY	21019031001	37785928	291346	14.589	0.112	38.384826	-82.7675177
KY	21019031003	18064619	15243	6.975	0.006	38.430786	-82.6700268
KY	21019031004	21443831	202133	8.28	0.078	38.4392761	-82.7278191
KY	21019031101	78260161	166319	30.216	0.064	38.3475724	-82.6808437
KY	21019031102	118558234	136763	45.776	0.053	38.3070541	-82.7505603
KY	21019031200	84954511	213233	32.801	0.082	38.3280006	-82.6159556
KY	21019031300	12571198	1048976	4.854	0.405	38.4156339	-82.6275165
KY	21021930100	30990425	1108686	11.965	0.428	37.6862626	-84.7520071
KY	21021930200	58230172	2555691	22.483	0.987	37.6466881	-84.7122354
KY	21021930300	3591538	20488	1.387	0.008	37.6417428	-84.7736443
KY	21021930400	12815425	57295	4.948	0.022	37.6156983	-84.7725542
KY	21021930500	93933378	757416	36.268	0.292	37.6561296	-84.8324774
KY	21021930600	176671136	1614721	68.213	0.623	37.6224723	-84.9586179
KY	21021930700	90835810	372380	35.072	0.144	37.5785012	-84.8845348
KY	21023950100	119638990	9071746	46.193	3.503	38.7490669	-83.9990645
KY	21023950200	135392482	6422768	52.275	2.48	38.7414812	-84.1741495
KY	21023950300	269868985	785238	104.197	0.303	38.6441252	-84.0879829
KY	21025920200	187282053	1415877	72.31	0.547	37.5620526	-83.5139845
KY	21025920301	32516536	868459	12.555	0.335	37.5843421	-83.3882854
KY	21025920302	17920435	228973	6.919	0.088	37.5313489	-83.3867625
KY	21025920500	175655168	699929	67.821	0.27	37.415813	-83.4934633
KY	21025920600	139592229	1117105	53.897	0.431	37.4266193	-83.3580843
KY	21025920700	234833298	1146672	90.67	0.443	37.465638	-83.211598
KY	21025920800	487566787	1893789	188.251	0.731	37.5887085	-83.1339045
KY	21027960100	396413941	12511105	153.056	4.831	37.8927314	-86.3826144
KY	21027960200	220899739	1192188	85.29	0.46	37.777988	-86.4329188
KY	21027960300	286339139	12323132	110.556	4.758	37.8008406	-86.5795627
KY	21027960400	185840250	3688387	71.753	1.424	37.6445621	-86.5329685
KY	21027960501	147423251	658315	56.92	0.254	37.7537778	-86.2674781
KY	21027960502	238663945	10725707	92.149	4.141	37.6413271	-86.352752
KY	21029020101	4892385	13584	1.889	0.005	38.0449407	-85.5597284
KY	21029020102	10195779	119681	3.937	0.046	38.0638715	-85.5706085
KY	21029020103	24151977	318949	9.325	0.123	38.0855154	-85.5031001
KY	21029020201	21538946	277612	8.316	0.107	38.0157963	-85.6036812
KY	21029020202	27205463	321594	10.504	0.124	38.0380143	-85.513843
KY	21029020300	20433537	419315	7.889	0.162	38.0340093	-85.6288157
KY	21029020401	15932483	404599	6.152	0.156	38.0396081	-85.6630087
KY	21029020402	19004780	278971	7.338	0.108	38.0706159	-85.6308764
KY	21029020501	1632882	3652	0.63	0.001	38.0729304	-85.6761528
KY	21029020502	1236000	0	0.477	0.	38.0808025	-85.678048
KY	21029020601	4934506	6302	1.905	0.002	38.0704721	-85.6874732
KY	21029020602	4095760	18128	1.581	0.007	38.0450288	-85.6906304
KY	21029020702	6116171	354361	2.361	0.137	37.9977271	-85.6968032
KY	21029020703	9634304	122845	3.72	0.047	38.0102148	-85.706822
KY	21029020704	3054318	22087	1.179	0.009	38.0056903	-85.7330618
KY	21029020800	47019864	420819	18.154	0.162	38.03793	-85.7364377
KY	21029020900	81790763	240836	31.58	0.093	38.0278161	-85.8219966
KY	21029021102	112713584	1130652	43.519	0.437	37.9602102	-85.5938636
KY	21029021103	21925225	342727	8.465	0.132	37.9623092	-85.6787673
KY	21029021104	22859803	474011	8.826	0.183	37.9566291	-85.7275619
KY	21029021200	166525715	1357780	64.296	0.524	37.8785901	-85.6765158
KY	21029980100	142550063	1588751	55.039	0.613	37.9458073	-85.810744
KY	21031930100	233654302	1649131	90.214	0.637	37.3162232	-86.6220725
KY	21031930200	248350463	2802128	95.889	1.082	37.2416585	-86.519577
KY	21031930301	133437798	4376342	51.521	1.69	37.2392985	-86.7748271
KY	21031930302	61164913	1208613	23.616	0.467	37.217107	-86.6713342
KY	21031930400	218458452	1079088	84.347	0.417	37.0872907	-86.7250544
KY	21031930500	208558105	2775740	80.525	1.072	37.1576813	-86.850052
KY	21033920100	323301084	2519482	124.827	0.973	37.2368696	-87.9344818
KY	21033920200	195853285	1037271	75.619	0.4	37.1537292	-87.8896006
KY	21033920301	37216358	275443	14.369	0.106	37.0912785	-87.8633193
KY	21033920302	336747149	4752289	130.019	1.835	37.0532829	-87.8010541
KY	21035010100	230036107	25383449	88.817	9.801	36.6756623	-88.1812329
KY	21035010200	199962679	1298235	77.206	0.501	36.6993438	-88.38564
KY	21035010301	1338681	0	0.517	0.	36.616604	-88.3200679
KY	21035010303	4440801	25677	1.715	0.01	36.6270481	-88.3270977
KY	21035010304	30480765	322877	11.769	0.125	36.6410567	-88.3321691
KY	21035010400	27749024	226313	10.714	0.087	36.641917	-88.2887186
KY	21035010500	31176707	138720	12.037	0.054	36.5916857	-88.2897023
KY	21035010601	3953781	0	1.527	0.	36.5983398	-88.3238886
KY	21035010602	20249275	83362	7.818	0.032	36.5794597	-88.3400434
KY	21035010700	192518981	600039	74.332	0.232	36.5616791	-88.4177546
KY	21035010800	254849041	38864370	98.398	15.006	36.5568018	-88.1607721
KY	21037050100	536679	257232	0.207	0.099	39.0894248	-84.5005224
KY	21037050400	499971	0	0.193	0.	39.0926518	-84.4852474
KY	21037050500	507929	0	0.196	0.	39.0863211	-84.4905888
KY	21037050600	454618	15684	0.176	0.006	39.0823993	-84.4963031
KY	21037051101	626381	313670	0.242	0.121	39.1134262	-84.4765814
KY	21037051102	1089235	0	0.421	0.	39.1067548	-84.46822
KY	21037051200	1103305	1307958	0.426	0.505	39.1155081	-84.457839
KY	21037051300	4924469	801810	1.901	0.31	39.1000643	-84.4531134
KY	21037051901	45873173	4049614	17.712	1.564	38.9768794	-84.33949
KY	21037051903	37270227	274860	14.39	0.106	38.9676852	-84.4090217
KY	21037051904	19263113	55031	7.438	0.021	38.9168592	-84.4219458
KY	21037052001	104727066	853063	40.435	0.329	38.8706966	-84.3834117
KY	21037052002	85701756	6075094	33.09	2.346	38.9080837	-84.3207936
KY	21037052100	1106935	492424	0.427	0.19	39.1049623	-84.4841384
KY	21037052200	1177026	0	0.454	0.	39.0994189	-84.4728102
KY	21037052301	3800896	26365	1.468	0.01	39.0824357	-84.4571108
KY	21037052302	3567141	486674	1.377	0.188	39.0748598	-84.4515375
KY	21037052400	2193823	0	0.847	0.	39.0813156	-84.4754029
KY	21037052500	4147116	6649	1.601	0.003	39.0692571	-84.4818537
KY	21037052800	5587206	627652	2.157	0.242	39.0564835	-84.4448651
KY	21037052900	16768983	408680	6.475	0.158	39.0319988	-84.425154
KY	21037053100	30736458	4132430	11.867	1.596	39.0048285	-84.3996097
KY	21037053200	1041156	380116	0.402	0.147	39.0964628	-84.4924714
KY	21037053301	8830711	106907	3.41	0.041	39.0177939	-84.4675165
KY	21037053302	10381434	272051	4.008	0.105	39.0421147	-84.4760398
KY	21039960100	140119655	2311215	54.101	0.892	36.8989682	-88.8742277
KY	21039960200	203629469	20644242	78.622	7.971	36.8571496	-89.0570877
KY	21039960300	146957437	1693276	56.741	0.654	36.8041778	-88.9255145
KY	21041950100	137863509	7017225	53.229	2.709	38.6838335	-85.0380791
KY	21041950200	49470068	4899455	19.101	1.892	38.6827256	-85.1130414
KY	21041950300	145997565	10269564	56.37	3.965	38.6509924	-85.2112908
KY	21043960100	123316280	222576	47.613	0.086	38.2686775	-83.2622606
KY	21043960200	91691065	620577	35.402	0.24	38.3140858	-83.1798396
KY	21043960300	181919628	2038786	70.24	0.787	38.2815199	-83.0684795
KY	21043960400	214576478	524592	82.848	0.203	38.4082213	-83.1370791
KY	21043960500	105930879	257135	40.9	0.099	38.3489299	-83.002155
KY	21043960601	58310867	503611	22.514	0.194	38.3645217	-82.8738937
KY	21043960602	51905444	479767	20.041	0.185	38.3275442	-82.8718488
KY	21043960700	232942912	2135422	89.94	0.824	38.2330978	-82.8970844
KY	21045950100	236616881	657468	91.358	0.254	37.4836247	-84.9173472
KY	21045950200	182885575	340240	70.613	0.131	37.3346269	-85.0654854
KY	21045950301	191041540	1373355	73.762	0.53	37.2677484	-84.9429559
KY	21045950302	113407687	271671	43.787	0.105	37.3643444	-84.9383238
KY	21045950400	219344708	657421	84.689	0.254	37.3146025	-84.7971664
KY	21045950500	207325593	541862	80.049	0.209	37.1847029	-84.9212533
KY	21047200100	3598351	43709	1.389	0.017	36.8632409	-87.4873356
KY	21047200200	4516262	9182	1.744	0.004	36.881172	-87.4890771
KY	21047200300	42368117	284750	16.358	0.11	36.8467715	-87.4473037
KY	21047200400	4836387	676	1.867	0.	36.8499444	-87.4751616
KY	21047200500	10347187	8459	3.995	0.003	36.8271052	-87.4844962
KY	21047200600	12598048	29332	4.864	0.011	36.8258062	-87.5144356
KY	21047200700	9357461	24712	3.613	0.01	36.8572802	-87.5297619
KY	21047200800	7609991	15452	2.938	0.006	36.8821593	-87.5184395
KY	21047200901	81635038	313914	31.519	0.121	36.8479333	-87.5798137
KY	21047200902	154615876	916274	59.698	0.354	36.9285936	-87.5568306
KY	21047201000	319374519	3385265	123.311	1.307	37.0473805	-87.6051305
KY	21047201100	371416241	4032270	143.405	1.557	37.0354333	-87.3766689
KY	21047201200	184275119	2442389	71.149	0.943	36.9267164	-87.3716668
KY	21047201301	239186949	1800437	92.351	0.695	36.7568629	-87.390281
KY	21047201303	12581414	78797	4.858	0.03	36.6574437	-87.3955524
KY	21047201304	17515773	59550	6.763	0.023	36.6737737	-87.4225063
KY	21047201400	328364969	2912381	126.782	1.124	36.7353799	-87.581105
KY	21047201501	1997866	0	0.771	0.	36.6667112	-87.4639442
KY	21047201502	3998196	0	1.544	0.	36.6516426	-87.4493742
KY	21047201503	7120218	0	2.749	0.	36.6544635	-87.4757565
KY	21047980100	41417018	172959	15.991	0.067	36.6532111	-87.5379424
KY	21049020101	3367399	0	1.3	0.	37.9952668	-84.2023652
KY	21049020103	6927674	130265	2.675	0.05	37.9653577	-84.2171743
KY	21049020105	11586293	80668	4.473	0.031	37.9540069	-84.2015253
KY	21049020106	15249923	56612	5.888	0.022	37.9662473	-84.1529047
KY	21049020201	15474220	80993	5.975	0.031	38.0237935	-84.1862908
KY	21049020202	18090107	135066	6.985	0.052	38.0090024	-84.1573717
KY	21049020300	170089619	1682478	65.672	0.65	38.028426	-84.0956509
KY	21049020400	217809827	2173724	84.097	0.839	37.9063813	-84.0941943
KY	21049020500	120849062	1789600	46.66	0.691	37.946257	-84.2503466
KY	21049020600	74480703	814005	28.757	0.314	38.0368719	-84.2409805
KY	21051950100	198894561	1562596	76.794	0.603	37.2781432	-83.6581564
KY	21051950201	135854391	431358	52.454	0.167	37.2998406	-83.8090834
KY	21051950202	179201943	498186	69.19	0.192	37.1885439	-83.8789591
KY	21051950301	44214847	514988	17.071	0.199	37.181795	-83.7274911
KY	21051950302	30718738	240210	11.861	0.093	37.1665727	-83.7977955
KY	21051950400	246340516	953671	95.113	0.368	37.1518889	-83.6282894
KY	21051950500	165746652	280388	63.995	0.108	37.0861037	-83.792783
KY	21051950600	214498628	273492	82.818	0.106	37.0296395	-83.6338678
KY	21053970100	190149379	9461443	73.417	3.653	36.792354	-85.1290339
KY	21053970202	170154785	1759384	65.697	0.679	36.6791817	-85.0791946
KY	21053970203	103888115	10125817	40.111	3.91	36.6610965	-85.2317829
KY	21053970204	46199459	290110	17.838	0.112	36.7297003	-85.1641543
KY	21055930100	358797267	4939645	138.532	1.907	37.3701677	-87.9809597
KY	21055930200	105179406	787700	40.61	0.304	37.3488978	-88.0842156
KY	21055930300	237419117	22237440	91.668	8.586	37.3971461	-88.1901561
KY	21055930400	229876601	2413201	88.756	0.932	37.2512212	-88.1635277
KY	21057950100	405099248	4675516	156.41	1.805	36.8409887	-85.4234831
KY	21057950200	385227110	10245201	148.737	3.956	36.7311602	-85.3555896
KY	21059000100	2530755	375	0.977	0.	37.7694685	-87.1507466
KY	21059000200	5377315	3401133	2.076	1.313	37.7963458	-87.143829
KY	21059000300	1287986	793355	0.497	0.306	37.7742391	-87.1129012
KY	21059000401	3872077	0	1.495	0.	37.7573302	-87.0864059
KY	21059000402	4210859	1423792	1.626	0.55	37.7749853	-87.090477
KY	21059000500	1776999	1178	0.686	0.	37.7647147	-87.1195922
KY	21059000600	5221306	28244	2.016	0.011	37.7552792	-87.1471109
KY	21059000700	2941813	0	1.136	0.	37.7545712	-87.1216554
KY	21059000800	2374053	0	0.917	0.	37.7508378	-87.107692
KY	21059000900	6026531	29230	2.327	0.011	37.7392846	-87.0899631
KY	21059001000	2047001	3532	0.79	0.001	37.7336054	-87.1137616
KY	21059001100	1750539	0	0.676	0.	37.737284	-87.1245579
KY	21059001200	1680080	1528	0.649	0.001	37.7429145	-87.1319513
KY	21059001300	133255502	14202622	51.45	5.484	37.818811	-87.240587
KY	21059001401	16448093	2283073	6.351	0.881	37.7766612	-87.0577968
KY	21059001402	41556561	3768213	16.045	1.455	37.7869438	-87.0187598
KY	21059001501	144379209	11420219	55.745	4.409	37.8570462	-86.9571097
KY	21059001502	120168818	1031746	46.397	0.398	37.7560934	-86.8968832
KY	21059001601	17561651	184320	6.781	0.071	37.7212214	-87.0370134
KY	21059001602	165583574	1158832	63.932	0.447	37.6866372	-86.9423767
KY	21059001701	29196729	276833	11.273	0.107	37.7164021	-87.1571312
KY	21059001702	22121559	462618	8.541	0.179	37.7083502	-87.0813507
KY	21059001703	222467118	1831924	85.895	0.707	37.6393498	-87.0881278
KY	21059001800	233405939	4508760	90.119	1.741	37.6927746	-87.264141
KY	21061920200	279058081	5275597	107.745	2.037	37.2662966	-86.3201384
KY	21061920300	95911850	5081375	37.032	1.962	37.2846575	-86.1670553
KY	21061920401	116643853	44910	45.036	0.017	37.101592	-86.1625583
KY	21061920402	114211165	947766	44.097	0.366	37.1506054	-86.2855056
KY	21061980100	178438798	2113098	68.896	0.816	37.1971576	-86.1563291
KY	21063920101	168464450	1154367	65.044	0.446	38.184495	-83.1524498
KY	21063920102	167646251	220417	64.729	0.085	38.0788536	-83.17811
KY	21063920200	270777597	1221073	104.548	0.471	38.0808031	-83.0169729
KY	21065920100	131712728	1032359	50.855	0.399	37.688719	-83.8399529
KY	21065920201	91852058	2465070	35.464	0.952	37.7862688	-84.0357459
KY	21065920202	100276429	210247	38.717	0.081	37.7683872	-83.9593951
KY	21065920301	41224079	817828	15.917	0.316	37.7293356	-84.0565339
KY	21065920302	126661772	335914	48.904	0.13	37.6563407	-84.0519158
KY	21065920400	163749942	1687754	63.224	0.652	37.5948004	-83.9466436
KY	21067000101	1302425	0	0.503	0.	38.0449391	-84.4943756
KY	21067000102	788788	0	0.305	0.	38.051703	-84.5025412
KY	21067000200	1572620	0	0.607	0.	38.0575858	-84.4910592
KY	21067000300	1082823	0	0.418	0.	38.0506956	-84.4837653
KY	21067000400	1185650	0	0.458	0.	38.0453405	-84.4752004
KY	21067000500	1544292	0	0.596	0.	38.0361972	-84.4785282
KY	21067000600	2170589	0	0.838	0.	38.0277747	-84.4853562
KY	21067000700	822456	0	0.318	0.	38.0289709	-84.4940469
KY	21067000801	914156	0	0.353	0.	38.0297649	-84.5030669
KY	21067000802	991311	0	0.383	0.	38.0374221	-84.5010116
KY	21067000900	2200277	0	0.85	0.	38.0438655	-84.5134567
KY	21067001000	4024154	17740	1.554	0.007	38.058828	-84.5274925
KY	21067001100	3165956	0	1.222	0.	38.0665878	-84.5073814
KY	21067001300	2866289	0	1.107	0.	38.0665335	-84.4861425
KY	21067001400	1147557	0	0.443	0.	38.058184	-84.4727474
KY	21067001500	1968316	0	0.76	0.	38.0498129	-84.4630916
KY	21067001600	1925876	0	0.744	0.	38.0366984	-84.461478
KY	21067001700	2424936	7525	0.936	0.003	38.0260037	-84.4606385
KY	21067001800	874034	0	0.337	0.	38.0331196	-84.5153015
KY	21067001900	2300743	0	0.888	0.	38.0423883	-84.5299518
KY	21067002001	1990382	20769	0.768	0.008	38.0520226	-84.5417675
KY	21067002002	1160119	0	0.448	0.	38.0515434	-84.5562572
KY	21067002200	1099267	0	0.424	0.	38.0695855	-84.5223829
KY	21067002302	3315849	74	1.28	0.	37.9975054	-84.4837442
KY	21067002303	3254443	577992	1.257	0.223	38.0091555	-84.4686157
KY	21067002304	2115288	114033	0.817	0.044	38.0109529	-84.4831908
KY	21067002400	4407431	0	1.702	0.	38.0138872	-84.5045036
KY	21067002500	2115740	0	0.817	0.	38.0253303	-84.5218387
KY	21067002600	2920204	9526	1.127	0.004	38.0381403	-84.5404145
KY	21067002700	2755603	0	1.064	0.	37.9982621	-84.5087225
KY	21067002800	3296863	0	1.273	0.	38.0081205	-84.5262571
KY	21067002900	3179556	0	1.228	0.	38.0149524	-84.5392159
KY	21067003000	4475169	29311	1.728	0.011	38.0298935	-84.5564635
KY	21067003101	2864795	0	1.106	0.	38.0869336	-84.4543698
KY	21067003102	2107521	0	0.814	0.	38.0765972	-84.4663036
KY	21067003201	1982606	0	0.765	0.	38.0673862	-84.4587094
KY	21067003202	3028021	0	1.169	0.	38.0575885	-84.4492653
KY	21067003300	3303239	23131	1.275	0.009	38.0445525	-84.4370969
KY	21067003402	2099418	0	0.811	0.	38.0006244	-84.4559829
KY	21067003404	2113600	13335	0.816	0.005	37.9857077	-84.4818939
KY	21067003405	3121099	1723	1.205	0.001	37.9860633	-84.4710955
KY	21067003406	4411819	138045	1.703	0.053	37.9746255	-84.4552622
KY	21067003407	3432816	654625	1.325	0.253	37.9811286	-84.4366424
KY	21067003501	1822267	0	0.704	0.	37.9874441	-84.5158504
KY	21067003503	726358	2500	0.28	0.001	37.9892412	-84.5028185
KY	21067003504	1152559	1419	0.445	0.001	37.9822017	-84.4999801
KY	21067003600	4177913	9033	1.613	0.003	37.9995175	-84.5588044
KY	21067003701	83180769	341194	32.116	0.132	38.0893188	-84.577521
KY	21067003702	5606431	44829	2.165	0.017	38.0701522	-84.5454698
KY	21067003703	3096192	0	1.195	0.	38.0930935	-84.5442585
KY	21067003704	9670022	9568	3.734	0.004	38.0895867	-84.5251608
KY	21067003802	136236890	596719	52.601	0.23	38.1410157	-84.4616177
KY	21067003803	8380525	56236	3.236	0.022	38.0979185	-84.4944095
KY	21067003804	3625005	0	1.4	0.	38.0823141	-84.4796108
KY	21067003906	3090160	0	1.193	0.	38.0088999	-84.4106049
KY	21067003908	6590506	0	2.545	0.	38.0288713	-84.4304013
KY	21067003909	3460742	0	1.336	0.	38.0223233	-84.4419299
KY	21067003910	830119	0	0.321	0.	38.0145674	-84.4522365
KY	21067003911	1684038	3850	0.65	0.001	38.0077818	-84.4406673
KY	21067003912	3994705	137199	1.542	0.053	37.9998281	-84.4287386
KY	21067003913	7612483	110553	2.939	0.043	37.9835416	-84.4061501
KY	21067003914	1340774	0	0.518	0.	38.0127453	-84.4025892
KY	21067003915	3055991	0	1.18	0.	38.0157176	-84.3942824
KY	21067003916	3603975	0	1.392	0.	38.028941	-84.3913688
KY	21067003917	9545074	0	3.685	0.	38.0574662	-84.4255244
KY	21067003918	149318824	370436	57.652	0.143	38.0398418	-84.3445526
KY	21067004001	2476703	7777	0.956	0.003	37.9733047	-84.4869905
KY	21067004003	2132874	0	0.824	0.	37.9637059	-84.4837785
KY	21067004005	3200590	0	1.236	0.	37.9543257	-84.463254
KY	21067004006	3437877	0	1.327	0.	37.9474827	-84.4744614
KY	21067004007	104306726	979168	40.273	0.378	37.9176477	-84.3914152
KY	21067004103	807208	0	0.312	0.	37.9798721	-84.5245054
KY	21067004104	2016784	8642	0.779	0.003	37.9770488	-84.5111554
KY	21067004105	2259120	4936	0.872	0.002	37.9671615	-84.5168361
KY	21067004106	2603348	9405	1.005	0.004	37.9600786	-84.5177968
KY	21067004107	2857401	10169	1.103	0.004	37.9577907	-84.4941328
KY	21067004204	5937608	0	2.293	0.	37.9898947	-84.5399999
KY	21067004205	3693420	16699	1.426	0.006	37.9899523	-84.5774907
KY	21067004207	34984923	106219	13.508	0.041	38.0138845	-84.6228669
KY	21067004208	8321838	0	3.213	0.	38.0265594	-84.5719853
KY	21067004209	1680519	0	0.649	0.	37.9795253	-84.5605682
KY	21067004210	2838308	0	1.096	0.	37.9733263	-84.542802
KY	21069920100	158182246	1301745	61.075	0.503	38.4247098	-83.658038
KY	21069920200	130423722	984236	50.357	0.38	38.4500397	-83.7327222
KY	21069920300	183173712	1446778	70.724	0.559	38.4076984	-83.8711468
KY	21069920400	431277568	3111932	166.517	1.202	38.3040265	-83.6085412
KY	21071920100	32387398	1160094	12.505	0.448	37.7054471	-82.7531872
KY	21071920200	132262260	2940286	51.067	1.135	37.670347	-82.6893581
KY	21071920301	36508600	395704	14.096	0.153	37.5922391	-82.648393
KY	21071920302	43334568	388424	16.732	0.15	37.5621564	-82.6815998
KY	21071920401	84393182	31774	32.584	0.012	37.4654263	-82.670044
KY	21071920402	49285133	49653	19.029	0.019	37.4845002	-82.626118
KY	21071920500	74536279	2049	28.779	0.001	37.3460929	-82.7100351
KY	21071920600	86821332	19059	33.522	0.007	37.4322149	-82.7263842
KY	21071920700	82321351	102444	31.784	0.04	37.4753272	-82.8399035
KY	21071920801	57496314	344669	22.199	0.133	37.552456	-82.7397239
KY	21071920802	70354708	55737	27.164	0.022	37.545773	-82.8080597
KY	21071920900	89660723	40932	34.618	0.016	37.6247512	-82.8105711
KY	21071921001	92843416	461364	35.847	0.178	37.6499028	-82.8376779
KY	21071921002	86437812	236508	33.374	0.091	37.6945916	-82.8292439
KY	21073070101	3526509	13925	1.362	0.005	38.2115321	-84.8375186
KY	21073070102	7657220	40520	2.956	0.016	38.232987	-84.8341142
KY	21073070401	11695103	226634	4.516	0.088	38.1956174	-84.905688
KY	21073070403	1059738	1807	0.409	0.001	38.1733236	-84.9051608
KY	21073070404	7609506	299636	2.938	0.116	38.1699194	-84.8796232
KY	21073070405	2202743	788	0.85	0.	38.1641181	-84.9057073
KY	21073070500	999873	111352	0.386	0.043	38.1926598	-84.87591
KY	21073070601	10623407	369996	4.102	0.143	38.1827951	-84.859421
KY	21073070602	2015198	4818	0.778	0.002	38.1984668	-84.8409312
KY	21073070703	14618948	289663	5.644	0.112	38.1581488	-84.8318383
KY	21073070704	2760628	17386	1.066	0.007	38.1847928	-84.8331396
KY	21073070705	22638491	500105	8.741	0.193	38.2037362	-84.7755531
KY	21073070706	2864764	36062	1.106	0.014	38.2065945	-84.8199279
KY	21073070801	115787115	2733471	44.706	1.055	38.2970437	-84.8309011
KY	21073070802	61654528	1365555	23.805	0.527	38.2542378	-84.7775836
KY	21073071001	36198312	557597	13.976	0.215	38.1284395	-84.9005384
KY	21073071002	13332625	104605	5.148	0.04	38.1474445	-84.9228419
KY	21073071101	149854571	2518003	57.859	0.972	38.2933436	-84.9295687
KY	21073071102	67421905	1196812	26.032	0.462	38.1699955	-84.9715617
KY	21073071200	3959430	229176	1.529	0.088	38.2086905	-84.871415
KY	21075960100	220433812	1800781	85.11	0.695	36.5473689	-88.9974888
KY	21075960200	312927160	62281539	120.822	24.047	36.555367	-89.299415
KY	21077960102	79517005	5096853	30.702	1.968	38.7925857	-84.7632271
KY	21077960103	35070946	3812935	13.541	1.472	38.7657313	-84.8654185
KY	21077960104	139959629	7542650	54.039	2.912	38.7325762	-84.9253265
KY	21079970101	60842149	3520804	23.491	1.359	37.7685345	-84.6580576
KY	21079970102	86382954	3641389	33.353	1.406	37.7041166	-84.6473668
KY	21079970201	72550087	369634	28.012	0.143	37.6662481	-84.57803
KY	21079970202	113756787	1141855	43.922	0.441	37.6890097	-84.5039115
KY	21079970300	58909752	558305	22.745	0.216	37.5997126	-84.5768097
KY	21079970400	203059973	1183384	78.402	0.457	37.5586457	-84.4446991
KY	21081920101	91956833	948001	35.505	0.366	38.7492181	-84.6723704
KY	21081920102	36188185	138630	13.972	0.054	38.7628545	-84.5849232
KY	21081920201	126943553	2270691	49.013	0.877	38.6916463	-84.721045
KY	21081920202	51196446	189518	19.767	0.073	38.7032259	-84.5687178
KY	21081920301	140453473	1349912	54.229	0.521	38.6140861	-84.6615815
KY	21081920302	97747346	1529795	37.74	0.591	38.6256743	-84.5432872
KY	21081920400	123668413	820336	47.749	0.317	38.535864	-84.5607779
KY	21083020100	33939760	391425	13.104	0.151	36.7585958	-88.6669432
KY	21083020200	50876503	530683	19.644	0.205	36.7033475	-88.6783874
KY	21083020301	24317973	289140	9.389	0.112	36.6916335	-88.6278776
KY	21083020302	5801272	33955	2.24	0.013	36.7325572	-88.6221474
KY	21083020400	258260261	1339499	99.715	0.517	36.5826585	-88.5883083
KY	21083020500	263874148	2096919	101.882	0.81	36.5882476	-88.7466895
KY	21083020600	108355551	1250430	41.836	0.483	36.7440409	-88.7734856
KY	21083020700	257430088	2643566	99.394	1.021	36.8674405	-88.7148479
KY	21083020800	266639757	2933271	102.95	1.133	36.8592973	-88.5656679
KY	21083020900	159547597	1521191	61.602	0.587	36.7065536	-88.5441642
KY	21085950101	42474665	5828751	16.4	2.25	37.3695926	-86.1283117
KY	21085950102	172285522	5386425	66.52	2.08	37.4299278	-86.1314686
KY	21085950200	120554707	552500	46.546	0.213	37.5253188	-86.1546665
KY	21085950300	74111294	1941656	28.615	0.75	37.5344236	-86.2615796
KY	21085950401	54571524	315154	21.07	0.122	37.4597093	-86.3799718
KY	21085950402	75192148	2242085	29.032	0.866	37.5449525	-86.3331547
KY	21085950500	147304434	2925906	56.875	1.13	37.401201	-86.2601968
KY	21085950600	324351134	3144453	125.233	1.214	37.3918445	-86.4550293
KY	21085950700	282946736	7430656	109.246	2.869	37.5321607	-86.5041388
KY	21087930100	253691344	2197857	97.951	0.849	37.3560579	-85.5949468
KY	21087930200	123715084	1874961	47.767	0.724	37.2753583	-85.4859722
KY	21087930300	198306100	2041191	76.566	0.788	37.2093993	-85.6202568
KY	21087930400	164927771	1214697	63.679	0.469	37.1906568	-85.4724152
KY	21089040100	18717317	1647679	7.227	0.636	38.4988862	-82.7017273
KY	21089040201	4660496	533	1.799	0.	38.5256721	-82.7085781
KY	21089040202	6137255	9860	2.37	0.004	38.5139465	-82.7263595
KY	21089040300	13055810	2346020	5.041	0.906	38.5364035	-82.7323682
KY	21089040400	166291388	3524444	64.205	1.361	38.4604327	-82.804143
KY	21089040501	96064585	9006772	37.091	3.478	38.6651951	-82.8902441
KY	21089040502	248539038	4141491	95.961	1.599	38.4737612	-82.9111238
KY	21089040600	30640346	3939899	11.83	1.521	38.7106273	-82.9759565
KY	21089040700	308024452	1250998	118.929	0.483	38.5871373	-82.9885699
KY	21091960100	112499118	13131255	43.436	5.07	37.8779677	-86.7377209
KY	21091960200	142466233	14880152	55.007	5.745	37.9158717	-86.8608533
KY	21091960300	231110919	1120219	89.232	0.433	37.7683092	-86.7422999
KY	21093000100	10552957	2188084	4.075	0.845	37.989679	-85.9683059
KY	21093000201	10910762	0	4.213	0.	37.9030368	-85.942658
KY	21093000202	9138735	7700	3.528	0.003	37.8794088	-85.9617458
KY	21093000300	7733696	19567	2.986	0.008	37.8300142	-85.961773
KY	21093000400	7245906	803	2.798	0.	37.8498154	-85.9558785
KY	21093000500	4359934	3477	1.683	0.001	37.8431025	-85.9343699
KY	21093000600	5341637	15534	2.062	0.006	37.8119742	-85.9128472
KY	21093000700	6460815	34065	2.495	0.013	37.8200735	-85.9417771
KY	21093000800	18696474	210821	7.219	0.081	37.815124	-85.9949218
KY	21093000902	15744611	79634	6.079	0.031	37.7855293	-85.9266634
KY	21093000903	101693186	1047405	39.264	0.404	37.7738622	-86.041705
KY	21093000904	65989842	491530	25.479	0.19	37.730318	-85.9575305
KY	21093001003	113239304	1017426	43.722	0.393	37.7281931	-85.7516173
KY	21093001004	51636158	439368	19.937	0.17	37.658523	-85.7882407
KY	21093001005	12667123	131837	4.891	0.051	37.7701884	-85.8910092
KY	21093001006	67320118	388330	25.992	0.15	37.7750774	-85.7960787
KY	21093001100	7398292	719	2.856	0.	37.7253128	-85.8438152
KY	21093001200	8284461	692885	3.199	0.268	37.7313354	-85.8789535
KY	21093001300	13949380	42792	5.386	0.017	37.698124	-85.8943252
KY	21093001401	3612698	0	1.395	0.	37.7024983	-85.8750251
KY	21093001402	3642297	0	1.406	0.	37.7027494	-85.8562095
KY	21093001500	9588367	155260	3.702	0.06	37.6794445	-85.867921
KY	21093001601	22455315	233288	8.67	0.09	37.6533455	-85.8673304
KY	21093001602	251096233	3164171	96.949	1.222	37.5317725	-85.9652745
KY	21093001603	84142994	848896	32.488	0.328	37.6071802	-85.8882642
KY	21093001701	148565228	1411519	57.361	0.545	37.6554469	-85.9990117
KY	21093001702	337963994	1388565	130.489	0.536	37.6494977	-86.1367638
KY	21093980100	216461201	2110004	83.576	0.815	37.8860884	-85.8828222
KY	21095970100	45909285	14868	17.726	0.006	36.9406196	-82.9111248
KY	21095970200	114052717	465020	44.036	0.18	36.9586529	-82.9909916
KY	21095970300	156486893	525563	60.42	0.203	36.9001132	-83.0129832
KY	21095970400	72028980	497162	27.811	0.192	36.9199969	-83.1881396
KY	21095970500	175880783	221097	67.908	0.085	36.9364021	-83.2806444
KY	21095970600	111118509	746465	42.903	0.288	36.8166446	-83.4207577
KY	21095970700	45620135	413406	17.614	0.16	36.879926	-83.3394537
KY	21095970800	11104436	204478	4.287	0.079	36.8685135	-83.3048393
KY	21095970900	102568993	472948	39.602	0.183	36.7961138	-83.3023434
KY	21095971000	97939658	341925	37.815	0.132	36.8503014	-83.1793573
KY	21095971300	273783088	2111202	105.708	0.815	36.8018767	-83.179938
KY	21097950100	220291328	2398268	85.055	0.926	38.5140255	-84.2661301
KY	21097950200	212777173	2206431	82.154	0.852	38.4686378	-84.4306139
KY	21097950300	202698953	2449282	78.263	0.946	38.360877	-84.3586145
KY	21097950400	105623875	950558	40.782	0.367	38.4332428	-84.2027643
KY	21097950500	52331275	851412	20.205	0.329	38.3665744	-84.255752
KY	21099970100	202044604	1686000	78.01	0.651	37.3654834	-85.7749416
KY	21099970200	201282084	1024025	77.715	0.395	37.3931058	-85.9477939
KY	21099970301	108978741	3250684	42.077	1.255	37.2850687	-86.032232
KY	21099970302	144794058	2806232	55.905	1.083	37.3267904	-85.9694413
KY	21099970400	200914555	1684836	77.574	0.651	37.2036839	-85.9355097
KY	21099970500	210795158	2959043	81.388	1.142	37.2402457	-85.7633909
KY	21101020101	1766331	1000661	0.682	0.386	37.8506855	-87.5867979
KY	21101020200	1829471	0	0.706	0.	37.8349403	-87.5790817
KY	21101020300	854031	0	0.33	0.	37.8311708	-87.5841015
KY	21101020401	1494113	878481	0.577	0.339	37.8349985	-87.5932113
KY	21101020501	2074663	709188	0.801	0.274	37.8265662	-87.5984488
KY	21101020602	12730061	2303832	4.915	0.89	37.815807	-87.5973548
KY	21101020603	10070314	25108	3.888	0.01	37.8519873	-87.5551543
KY	21101020604	4640570	1950410	1.792	0.753	37.8702788	-87.5752231
KY	21101020701	170378818	30621151	65.784	11.823	37.8935308	-87.3937405
KY	21101020703	34458933	168699	13.305	0.065	37.8447594	-87.4921252
KY	21101020704	139591130	2878822	53.896	1.112	37.8113964	-87.446826
KY	21101020800	282507942	4639859	109.077	1.791	37.7276701	-87.4512524
KY	21101020901	205522315	1599311	79.353	0.617	37.7099865	-87.6593206
KY	21101020902	262250127	28831496	101.255	11.132	37.8342337	-87.7653358
KY	21103090100	162672030	2343281	62.808	0.905	38.543156	-85.1195422
KY	21103090200	180313561	3024281	69.619	1.168	38.460422	-85.1551145
KY	21103090301	78485746	1511075	30.304	0.583	38.4264141	-85.2838698
KY	21103090302	62011308	1335790	23.943	0.516	38.3769498	-85.2324452
KY	21103090400	257903550	4402463	99.577	1.7	38.3931025	-84.9712385
KY	21105970100	627634138	27735813	242.331	10.709	36.675896	-88.9720844
KY	21107970100	210987051	1465041	81.463	0.566	37.475807	-87.4136097
KY	21107970200	228894062	5723061	88.376	2.21	37.3907974	-87.6347655
KY	21107970301	6757201	38692	2.609	0.015	37.3503105	-87.5001588
KY	21107970302	37761374	2208016	14.58	0.853	37.3616546	-87.5341424
KY	21107970400	2445746	0	0.944	0.	37.3312873	-87.505207
KY	21107970500	46565015	2460354	17.979	0.95	37.3085421	-87.5761422
KY	21107970600	6307031	241916	2.435	0.093	37.3241027	-87.4820798
KY	21107970700	204038037	8464221	78.78	3.268	37.3253899	-87.4049428
KY	21107970800	13106102	312898	5.06	0.121	37.2923038	-87.4906315
KY	21107970900	122011357	2835479	47.109	1.095	37.2373655	-87.5414156
KY	21107971000	253824861	3919198	98.002	1.513	37.2705015	-87.725621
KY	21107971100	50577459	671952	19.528	0.259	37.1752657	-87.6562498
KY	21107971300	220982822	3330462	85.322	1.286	37.1681838	-87.469564
KY	21109960101	138310659	705948	53.402	0.273	37.4150363	-83.9280159
KY	21109960102	219571431	493352	84.777	0.19	37.492668	-83.9783755
KY	21109960200	253655308	698034	97.937	0.27	37.4795221	-84.11506
KY	21109960301	119099185	333247	45.984	0.129	37.3414466	-83.9059185
KY	21109960302	163498246	1097894	63.127	0.424	37.323817	-84.015638
KY	21111000201	754376	0	0.291	0.	38.2732461	-85.7938601
KY	21111000202	2227293	3843615	0.86	1.484	38.2758709	-85.7794552
KY	21111000300	1681224	5752	0.649	0.002	38.2654593	-85.8037927
KY	21111000400	2870370	1569018	1.108	0.606	38.2740157	-85.8146594
KY	21111000600	1183645	0	0.457	0.	38.2549273	-85.8031366
KY	21111000700	911544	0	0.352	0.	38.2568614	-85.8128626
KY	21111000800	1515757	803642	0.585	0.31	38.2593053	-85.8270068
KY	21111000900	642026	0	0.248	0.	38.2531108	-85.8208719
KY	21111001000	1396367	0	0.539	0.	38.2433752	-85.8052022
KY	21111001100	1408507	265572	0.544	0.103	38.2477484	-85.8229842
KY	21111001200	2895036	526580	1.118	0.203	38.2358229	-85.8245786
KY	21111001400	1332578	10171	0.515	0.004	38.2286255	-85.8178791
KY	21111001500	1331650	0	0.514	0.	38.230826	-85.8026589
KY	21111001600	993291	0	0.384	0.	38.2300847	-85.7936626
KY	21111001700	696542	0	0.269	0.	38.2396911	-85.7943664
KY	21111001800	765848	0	0.296	0.	38.24601	-85.7927856
KY	21111002100	784365	0	0.303	0.	38.2644194	-85.7926288
KY	21111002300	962318	0	0.372	0.	38.2614702	-85.7825264
KY	21111002401	966996	0	0.373	0.	38.2543119	-85.7924487
KY	21111002402	1181906	0	0.456	0.	38.2532951	-85.7807607
KY	21111002700	3618317	0	1.397	0.	38.2387267	-85.7768858
KY	21111002800	1376780	0	0.532	0.	38.2270434	-85.785327
KY	21111003000	1095523	0	0.423	0.	38.2540856	-85.769779
KY	21111003501	637037	0	0.246	0.	38.2222651	-85.7672094
KY	21111003502	1120766	0	0.433	0.	38.2206126	-85.773736
KY	21111003600	1647997	0	0.636	0.	38.2110967	-85.7777353
KY	21111003700	682855	0	0.264	0.	38.209304	-85.7659233
KY	21111003800	1918855	0	0.741	0.	38.1982059	-85.7757594
KY	21111003900	1739751	0	0.672	0.	38.19919	-85.7882363
KY	21111004000	555500	0	0.214	0.	38.1948103	-85.7694394
KY	21111004100	1011051	0	0.39	0.	38.196399	-85.7626717
KY	21111004301	1608348	20871	0.621	0.008	38.1908072	-85.7980502
KY	21111004302	1217703	1173	0.47	0.	38.1835369	-85.7916583
KY	21111004400	1960320	0	0.757	0.	38.184943	-85.7733499
KY	21111004500	4509534	7905	1.741	0.003	38.1574433	-85.7833585
KY	21111004600	1640789	0	0.634	0.	38.1756583	-85.7734029
KY	21111004900	2832664	2290228	1.094	0.884	38.2576973	-85.7564281
KY	21111005000	718923	0	0.278	0.	38.2417959	-85.7597708
KY	21111005100	801114	0	0.309	0.	38.2362947	-85.7616607
KY	21111005200	831441	0	0.321	0.	38.2291515	-85.7618363
KY	21111005300	1544202	0	0.596	0.	38.2181933	-85.7573587
KY	21111005600	1747821	0	0.675	0.	38.1787047	-85.7591386
KY	21111005901	723814	0	0.279	0.	38.2486061	-85.7461315
KY	21111005902	2224611	13719	0.859	0.005	38.2546239	-85.7346941
KY	21111006200	1199125	10702	0.463	0.004	38.2410655	-85.7445719
KY	21111006300	766406	10300	0.296	0.004	38.2374309	-85.7349727
KY	21111006400	561843	0	0.217	0.	38.2397795	-85.7275618
KY	21111006500	1097147	0	0.424	0.	38.2328154	-85.7460646
KY	21111006600	544020	0	0.21	0.	38.2309732	-85.7536939
KY	21111006800	669526	0	0.259	0.	38.2240265	-85.7395672
KY	21111006900	910844	15901	0.352	0.006	38.2297343	-85.731303
KY	21111007000	832835	0	0.322	0.	38.2194382	-85.735794
KY	21111007101	4361486	1354	1.684	0.001	38.2000078	-85.7415533
KY	21111007102	2055519	0	0.794	0.	38.2163287	-85.7467305
KY	21111007400	4319213	2659600	1.668	1.027	38.2701994	-85.7181601
KY	21111007501	12629231	1788354	4.876	0.69	38.2803106	-85.6723983
KY	21111007502	20828656	7349245	8.042	2.838	38.3237926	-85.6392043
KY	21111007601	793502	0	0.306	0.	38.2569793	-85.6925034
KY	21111007602	1232051	0	0.476	0.	38.2627074	-85.7031586
KY	21111007603	1083313	0	0.418	0.	38.2665313	-85.6952944
KY	21111007700	1772832	49745	0.684	0.019	38.2600696	-85.6712766
KY	21111007800	1800652	0	0.695	0.	38.2504963	-85.6674458
KY	21111007900	776505	1310	0.3	0.001	38.2513224	-85.6915336
KY	21111008100	2342035	42823	0.904	0.017	38.2507103	-85.7152779
KY	21111008201	501063	0	0.193	0.	38.2361558	-85.7122566
KY	21111008202	1972494	30821	0.762	0.012	38.2454153	-85.7163053
KY	21111008300	1418504	0	0.548	0.	38.2309871	-85.7201118
KY	21111008400	829697	0	0.32	0.	38.2275512	-85.7071209
KY	21111008500	747561	0	0.289	0.	38.2328365	-85.7000756
KY	21111008700	8341872	81822	3.221	0.032	38.2380111	-85.6783296
KY	21111008800	2185275	8518	0.844	0.003	38.2284596	-85.684571
KY	21111008900	1957939	923	0.756	0.	38.2208397	-85.6984444
KY	21111009001	1315657	0	0.508	0.	38.1665845	-85.7725798
KY	21111009002	1895669	0	0.732	0.	38.1566815	-85.7712722
KY	21111009103	5259878	16606	2.031	0.006	38.1514408	-85.7543568
KY	21111009105	1842245	10310	0.711	0.004	38.129801	-85.7624275
KY	21111009106	2890540	67829	1.116	0.026	38.1401671	-85.7667285
KY	21111009300	4818608	38299	1.86	0.015	38.2179736	-85.723175
KY	21111009401	2145504	1633	0.828	0.001	38.2014853	-85.7303435
KY	21111009402	3867891	14691	1.493	0.006	38.2011798	-85.7078721
KY	21111009600	2925378	13900	1.129	0.005	38.2123515	-85.6876039
KY	21111009700	1604807	480	0.62	0.	38.2199163	-85.6645977
KY	21111009800	1676817	0	0.647	0.	38.2599516	-85.6581101
KY	21111009900	2044354	1368	0.789	0.001	38.2546967	-85.6338645
KY	21111010001	4699911	10385	1.815	0.004	38.2667128	-85.639881
KY	21111010004	1912851	0	0.739	0.	38.2660454	-85.6121796
KY	21111010005	3106316	26175	1.199	0.01	38.2722216	-85.5835666
KY	21111010006	2325229	3293	0.898	0.001	38.2791126	-85.5827261
KY	21111010007	4054859	8875	1.566	0.003	38.2795098	-85.6217373
KY	21111010008	4469853	43493	1.726	0.017	38.2901023	-85.599653
KY	21111010102	5920406	18122	2.286	0.007	38.2564224	-85.5749159
KY	21111010103	2464810	32765	0.952	0.013	38.2611769	-85.5927337
KY	21111010104	2072742	5432	0.8	0.002	38.2581333	-85.6098772
KY	21111010309	4881259	23739	1.885	0.009	38.297684	-85.5715282
KY	21111010312	6436607	145322	2.485	0.056	38.3444949	-85.6037236
KY	21111010313	12030473	165069	4.645	0.064	38.3312521	-85.5897689
KY	21111010314	9259116	25379	3.575	0.01	38.2983929	-85.5162395
KY	21111010315	7367190	318961	2.844	0.123	38.2702244	-85.4736495
KY	21111010316	8062304	179097	3.113	0.069	38.252824	-85.4937123
KY	21111010317	6142793	41073	2.372	0.016	38.3100461	-85.6092755
KY	21111010318	5193246	37727	2.005	0.015	38.3011251	-85.6028802
KY	21111010319	3672503	10333	1.418	0.004	38.3095605	-85.5645443
KY	21111010320	2066466	10208	0.798	0.004	38.3081375	-85.5426534
KY	21111010321	14377528	205623	5.551	0.079	38.2579225	-85.4515406
KY	21111010322	8908357	235853	3.44	0.091	38.2503307	-85.4216133
KY	21111010323	2090079	11826	0.807	0.005	38.3216446	-85.5458118
KY	21111010324	2537828	7592	0.98	0.003	38.310939	-85.5270011
KY	21111010403	11281097	98232	4.356	0.038	38.2790938	-85.5333898
KY	21111010405	2455921	5674	0.948	0.002	38.2497811	-85.5495563
KY	21111010406	13211479	325786	5.101	0.126	38.2625881	-85.5208622
KY	21111010407	4930711	28114	1.904	0.011	38.2365673	-85.5128601
KY	21111010408	3034539	5296	1.172	0.002	38.241801	-85.5361214
KY	21111010500	3089494	22209	1.193	0.009	38.2356213	-85.6498262
KY	21111010601	2505668	11712	0.967	0.005	38.2422353	-85.6402254
KY	21111010602	2138120	17610	0.826	0.007	38.2456735	-85.6286762
KY	21111010701	7715871	52985	2.979	0.02	38.2370581	-85.596365
KY	21111010702	4560897	21764	1.761	0.008	38.2257178	-85.6040739
KY	21111010706	3457188	2481	1.335	0.001	38.231749	-85.5573325
KY	21111010707	2513464	27857	0.97	0.011	38.2284776	-85.5665728
KY	21111010708	1555317	2233	0.601	0.001	38.2399141	-85.5726067
KY	21111010800	2655663	1706	1.025	0.001	38.2234178	-85.6277847
KY	21111010901	2676228	17943	1.033	0.007	38.2089144	-85.6594302
KY	21111010902	1921444	2508	0.742	0.001	38.2164788	-85.6430615
KY	21111011003	3197003	2594	1.234	0.001	38.2003937	-85.6410105
KY	21111011005	1791198	5219	0.692	0.002	38.190677	-85.6323648
KY	21111011006	3493094	39878	1.349	0.015	38.1905209	-85.6600201
KY	21111011007	4691085	28836	1.811	0.011	38.1748922	-85.6460832
KY	21111011008	919493	9292	0.355	0.004	38.2130055	-85.629472
KY	21111011009	1519545	1939	0.587	0.001	38.206803	-85.628159
KY	21111011109	2417165	10964	0.933	0.004	38.1783958	-85.6064232
KY	21111011110	4224790	8434	1.631	0.003	38.1783572	-85.5846948
KY	21111011111	3708998	13462	1.432	0.005	38.2148132	-85.6075977
KY	21111011112	2125000	7545	0.82	0.003	38.2075446	-85.59365
KY	21111011113	1591954	8963	0.615	0.003	38.1890574	-85.599553
KY	21111011114	3876621	11999	1.497	0.005	38.1922036	-85.6174165
KY	21111011115	2579050	5160	0.996	0.002	38.2125277	-85.5783679
KY	21111011116	21236271	245050	8.199	0.095	38.2053062	-85.5390224
KY	21111011117	1757497	1153	0.679	0.	38.1995251	-85.5829814
KY	21111011118	2593914	306	1.002	0.	38.1887171	-85.5831264
KY	21111011201	572084	11094	0.221	0.004	38.2004333	-85.68259
KY	21111011202	1133178	2350	0.438	0.001	38.2045171	-85.6720577
KY	21111011301	6924405	16924	2.674	0.007	38.1869312	-85.6844563
KY	21111011302	3469030	2450	1.339	0.001	38.1746445	-85.6672875
KY	21111011403	3076901	36543	1.188	0.014	38.1839264	-85.716636
KY	21111011404	2310382	5388	0.892	0.002	38.1763827	-85.7046086
KY	21111011405	2465154	8590	0.952	0.003	38.1641488	-85.6914326
KY	21111011406	4477046	10870	1.729	0.004	38.155451	-85.6778378
KY	21111011506	3799564	12871	1.467	0.005	38.1627388	-85.586712
KY	21111011508	7235976	57288	2.794	0.022	38.1635794	-85.6274226
KY	21111011509	3469336	32121	1.34	0.012	38.1650436	-85.6099586
KY	21111011513	3409566	20159	1.316	0.008	38.1334214	-85.6442455
KY	21111011514	2999246	16401	1.158	0.006	38.1329107	-85.6228959
KY	21111011515	3611890	7947	1.395	0.003	38.1480131	-85.6036446
KY	21111011516	2606229	11975	1.006	0.005	38.1375894	-85.6009262
KY	21111011517	5026447	49921	1.941	0.019	38.1739527	-85.5626857
KY	21111011518	2125093	29833	0.821	0.012	38.1789143	-85.5443202
KY	21111011519	6719951	79108	2.595	0.031	38.1523202	-85.5677021
KY	21111011520	7721274	165678	2.981	0.064	38.1676025	-85.5330342
KY	21111011521	2693873	24533	1.04	0.009	38.1512497	-85.6499972
KY	21111011522	2568505	1561	0.992	0.001	38.1458373	-85.635349
KY	21111011603	35130711	528097	13.564	0.204	38.114209	-85.5364969
KY	21111011604	74628019	1365604	28.814	0.527	38.1457733	-85.4732401
KY	21111011605	14336411	224551	5.535	0.087	38.2284005	-85.4629731
KY	21111011606	28090421	619497	10.846	0.239	38.2098909	-85.4619235
KY	21111011706	4398535	3977	1.698	0.002	38.1221082	-85.6556809
KY	21111011707	6116694	60987	2.362	0.024	38.1147174	-85.6415628
KY	21111011708	8784417	144179	3.392	0.056	38.1216199	-85.5982853
KY	21111011709	25118682	527821	9.698	0.204	38.0860003	-85.6061698
KY	21111011710	1859794	80975	0.718	0.031	38.1029512	-85.6421277
KY	21111011711	5294545	27829	2.044	0.011	38.0931469	-85.6570185
KY	21111011712	5210366	24270	2.012	0.009	38.0925613	-85.6800159
KY	21111011713	2664206	12636	1.029	0.005	38.0967926	-85.6987037
KY	21111011800	4197765	27040	1.621	0.01	38.1609427	-85.7110294
KY	21111011901	6497423	64891	2.509	0.025	38.1252395	-85.720271
KY	21111011904	2799780	58776	1.081	0.023	38.1435795	-85.7000147
KY	21111011906	3217097	36057	1.242	0.014	38.1428853	-85.6807927
KY	21111011907	3492655	2091	1.349	0.001	38.1305283	-85.6733473
KY	21111011908	2160323	13846	0.834	0.005	38.1237676	-85.6942783
KY	21111011909	3275229	33423	1.265	0.013	38.1231785	-85.6845727
KY	21111012001	17805537	178062	6.875	0.069	38.0989903	-85.7339629
KY	21111012003	47207739	341069	18.227	0.132	38.0735925	-85.8222875
KY	21111012004	2309048	22511	0.892	0.009	38.1207281	-85.7435722
KY	21111012005	7245451	60363	2.797	0.023	38.1172243	-85.7711949
KY	21111012103	7255833	1628858	2.801	0.629	38.0979081	-85.8911106
KY	21111012104	14122222	4800512	5.453	1.853	38.0466783	-85.907802
KY	21111012105	4348917	9850	1.679	0.004	38.1146374	-85.8509158
KY	21111012107	9646473	205661	3.725	0.079	38.0626471	-85.8754335
KY	21111012108	1537990	29	0.594	0.	38.0973871	-85.8656729
KY	21111012109	3989499	49257	1.54	0.019	38.099117	-85.8487808
KY	21111012203	11502619	134781	4.441	0.052	38.1228947	-85.8270315
KY	21111012204	7167374	32223	2.767	0.012	38.1413217	-85.8029312
KY	21111012205	1736222	1541	0.67	0.001	38.135066	-85.7811293
KY	21111012206	2879520	860	1.112	0.	38.1417183	-85.7838875
KY	21111012301	1869546	561	0.722	0.	38.1774044	-85.8059466
KY	21111012302	4812992	28216	1.858	0.011	38.1659001	-85.8079534
KY	21111012406	3209833	3831	1.239	0.001	38.13688	-85.8574095
KY	21111012407	4517024	16344	1.744	0.006	38.1306737	-85.8784667
KY	21111012408	1698307	1719	0.656	0.001	38.1287851	-85.8571438
KY	21111012409	2623503	13805	1.013	0.005	38.1135924	-85.8703324
KY	21111012410	2111912	15456	0.815	0.006	38.1476862	-85.8626238
KY	21111012412	2122953	14241	0.82	0.005	38.1666957	-85.8564612
KY	21111012413	3097172	32044	1.196	0.012	38.1576998	-85.8795368
KY	21111012501	1615293	2588	0.624	0.001	38.1788439	-85.8210772
KY	21111012502	4837188	10631	1.868	0.004	38.1594528	-85.8395681
KY	21111012503	2514189	21621	0.971	0.008	38.1730738	-85.8475376
KY	21111012603	1823508	1004	0.704	0.	38.1910787	-85.8195815
KY	21111012604	3960262	23222	1.529	0.009	38.1861397	-85.8387802
KY	21111012605	1981711	0	0.765	0.	38.199289	-85.8131645
KY	21111012606	2478588	5315	0.957	0.002	38.2027229	-85.8247564
KY	21111012701	9679588	1517543	3.737	0.586	38.2140735	-85.8445276
KY	21111012702	7124237	1779706	2.751	0.687	38.1986347	-85.8696488
KY	21111012703	15232584	3757020	5.881	1.451	38.1526698	-85.8929575
KY	21111012801	3273666	422	1.264	0.	38.2127632	-85.8027906
KY	21111012802	2616060	0	1.01	0.	38.2099185	-85.7926625
KY	21111013100	516265	0	0.199	0.	38.2214124	-85.6764627
KY	21111980100	17621046	79976	6.804	0.031	38.1661571	-85.7336461
KY	21113060102	23237655	150741	8.972	0.058	37.8790226	-84.5309882
KY	21113060103	7307158	42218	2.821	0.016	37.9156003	-84.5845607
KY	21113060104	7265974	38050	2.805	0.015	37.897685	-84.5921579
KY	21113060200	79516838	881272	30.702	0.34	37.8980543	-84.4932444
KY	21113060300	122517475	2369461	47.304	0.915	37.810777	-84.5624972
KY	21113060401	18542281	210588	7.159	0.081	37.8690146	-84.6258486
KY	21113060402	53032218	1560833	20.476	0.603	37.845719	-84.6718747
KY	21113060502	12104706	48288	4.674	0.019	37.8597984	-84.5609354
KY	21113060503	3224116	3145	1.245	0.001	37.8692493	-84.5854803
KY	21113060504	8366396	48936	3.23	0.019	37.8601389	-84.6047129
KY	21113060600	110652224	768070	42.723	0.297	37.9437413	-84.6169253
KY	21115960100	114979078	243284	44.394	0.094	37.8962136	-82.7821301
KY	21115960200	175225942	2136795	67.655	0.825	37.905836	-82.9416274
KY	21115960300	137163971	730300	52.959	0.282	37.7674234	-82.893222
KY	21115960401	29096791	237837	11.234	0.092	37.8000263	-82.8301642
KY	21115960402	44812764	857990	17.302	0.331	37.840779	-82.8400869
KY	21115960500	91532020	715047	35.341	0.276	37.8435591	-82.706823
KY	21115960600	85678014	698314	33.08	0.27	37.7682682	-82.7370059
KY	21117060300	480179	0	0.185	0.	39.0829563	-84.5188055
KY	21117060700	479676	0	0.185	0.	39.0782016	-84.5153104
KY	21117060900	504234	0	0.195	0.	39.0698821	-84.5047311
KY	21117061000	636010	47646	0.246	0.018	39.0704171	-84.498024
KY	21117061100	870065	76211	0.336	0.029	39.0609184	-84.4994805
KY	21117061200	1482858	148252	0.573	0.057	39.0395045	-84.4901016
KY	21117061300	1933648	10666	0.747	0.004	39.0408358	-84.5045396
KY	21117061400	1676997	4830	0.647	0.002	39.050332	-84.5103574
KY	21117061600	982282	4131	0.379	0.002	39.0766469	-84.5228277
KY	21117063604	12912898	244539	4.986	0.094	38.9639066	-84.5719582
KY	21117063606	10018813	136825	3.868	0.053	38.9564439	-84.5341238
KY	21117063607	4167097	40742	1.609	0.016	38.9868336	-84.6021237
KY	21117063608	8003782	194339	3.09	0.075	38.9862711	-84.5618937
KY	21117063609	28634528	315520	11.056	0.122	38.9186159	-84.5709334
KY	21117063610	9947259	172186	3.841	0.066	38.9457222	-84.5520222
KY	21117063701	79056746	776366	30.524	0.3	38.8373811	-84.565367
KY	21117063702	102376912	1688305	39.528	0.652	38.8704146	-84.4869355
KY	21117063800	3389164	585041	1.309	0.226	39.0865063	-84.53634
KY	21117064001	3888759	80314	1.501	0.031	39.0667498	-84.5910643
KY	21117064002	3670749	94791	1.417	0.037	39.0585344	-84.5742072
KY	21117064300	1675354	11000	0.647	0.004	39.0174181	-84.6116673
KY	21117064400	3118753	31129	1.204	0.012	39.0292067	-84.5968988
KY	21117064500	4278089	55037	1.652	0.021	39.0178602	-84.5873976
KY	21117064600	3953968	67112	1.527	0.026	39.033721	-84.5693189
KY	21117064700	5876977	33970	2.269	0.013	39.0422508	-84.5522621
KY	21117064800	4738023	17034	1.829	0.007	39.0668395	-84.5507521
KY	21117064900	2347531	4186	0.906	0.002	39.0671305	-84.5326742
KY	21117065000	1306586	0	0.504	0.	39.0682845	-84.5117926
KY	21117065100	2150857	2104	0.83	0.001	39.059108	-84.5193144
KY	21117065200	4070224	15036	1.572	0.006	39.0519447	-84.5311183
KY	21117065300	24720267	215534	9.545	0.083	39.0036792	-84.5142702
KY	21117065400	4828595	46734	1.864	0.018	39.0196812	-84.5588322
KY	21117065501	3289572	26961	1.27	0.01	38.9986303	-84.5691804
KY	21117065502	7061681	104119	2.727	0.04	39.0046563	-84.5473238
KY	21117065600	3223653	13680	1.245	0.005	38.9992814	-84.5932552
KY	21117065700	1210006	2151	0.467	0.001	39.0049767	-84.608083
KY	21117065800	10264564	139684	3.963	0.054	38.9517691	-84.4998731
KY	21117065900	25901117	1053759	10.	0.407	38.9654572	-84.4649457
KY	21117066801	5283989	29472	2.04	0.011	38.9769132	-84.526171
KY	21117066802	3898142	21657	1.505	0.008	38.9569423	-84.5138414
KY	21117066900	5083717	2961342	1.963	1.143	39.0683413	-84.6090583
KY	21117067000	1329886	579550	0.513	0.224	39.0879823	-84.5117146
KY	21117067100	657649	35131	0.254	0.014	39.077475	-84.5039844
KY	21117067200	9977275	109730	3.852	0.042	39.0436577	-84.6057467
KY	21119960100	227133880	190291	87.697	0.073	37.4382309	-82.9412143
KY	21119960200	220564575	952480	85.16	0.368	37.374453	-83.0539332
KY	21119960300	109755564	65028	42.377	0.025	37.3334017	-82.9366345
KY	21119960400	137135823	114472	52.948	0.044	37.3425162	-82.7989097
KY	21119960500	215852989	2115765	83.341	0.817	37.258764	-82.9749269
KY	21121930100	206732295	33419	79.82	0.013	36.9329523	-83.6871662
KY	21121930200	184955304	98712	71.412	0.038	36.981531	-83.8336263
KY	21121930300	82005689	184881	31.663	0.071	36.9419693	-83.9478428
KY	21121930401	21876028	227973	8.446	0.088	36.9255747	-84.0718147
KY	21121930402	41075435	224115	15.859	0.087	36.9385218	-84.0283222
KY	21121930501	130624650	701154	50.434	0.271	36.863478	-83.9693041
KY	21121930502	19256479	654522	7.435	0.253	36.8486108	-83.8922081
KY	21121930602	29726865	409902	11.478	0.158	36.8547648	-83.8142798
KY	21121930603	27436321	52605	10.593	0.02	36.8800168	-83.872537
KY	21121930604	63415187	147361	24.485	0.057	36.8707583	-83.7765508
KY	21121930700	193486301	942062	74.705	0.364	36.7695516	-83.8840125
KY	21123960101	148003678	1658643	57.145	0.64	37.6610741	-85.6665321
KY	21123960103	57100011	1330032	22.046	0.514	37.5667193	-85.6940685
KY	21123960104	72153330	1003088	27.859	0.387	37.5929375	-85.7900589
KY	21123960200	187369642	983996	72.344	0.38	37.5008613	-85.6010742
KY	21123960300	211463868	1745896	81.647	0.674	37.4811007	-85.7893088
KY	21125970100	143216387	841360	55.296	0.325	37.1991412	-84.0101912
KY	21125970201	142075825	1992527	54.856	0.769	37.2480425	-84.1527089
KY	21125970202	36737075	204471	14.184	0.079	37.2019161	-84.0930702
KY	21125970300	154624712	2215036	59.701	0.855	37.1353653	-84.2314458
KY	21125970400	23007805	173842	8.883	0.067	37.1219818	-84.1200747
KY	21125970500	26672709	245324	10.298	0.095	37.1440685	-84.0748193
KY	21125970600	8318606	26785	3.212	0.01	37.1204168	-84.0990752
KY	21125970700	22213052	93724	8.577	0.036	37.0838517	-84.0703958
KY	21125970800	94410439	447693	36.452	0.173	37.094859	-83.9728805
KY	21125970900	99807572	388139	38.536	0.15	37.0427105	-83.9700717
KY	21125971001	39224522	285860	15.145	0.11	37.0352506	-84.0717895
KY	21125971003	15551454	336579	6.004	0.13	36.9814129	-84.1073048
KY	21125971004	24708293	317115	9.54	0.122	36.9897301	-84.0569825
KY	21125971101	210956146	15152319	81.451	5.85	37.0208165	-84.2664486
KY	21125971103	45840189	292777	17.699	0.113	37.0451093	-84.1339628
KY	21125971104	35921402	2859865	13.869	1.104	36.983686	-84.1563425
KY	21127930101	144152321	1968539	55.658	0.76	38.1940966	-82.6689447
KY	21127930102	44236621	1710922	17.08	0.661	38.0881474	-82.6468694
KY	21127930200	249285009	2978629	96.249	1.15	38.1365219	-82.8035759
KY	21127930300	212736915	683209	82.138	0.264	38.0280622	-82.9016726
KY	21127930400	229110763	2435872	88.46	0.94	38.0002146	-82.7134492
KY	21127930500	196870323	1801217	76.012	0.695	37.9756485	-82.5846322
KY	21129950100	240078517	1928367	92.695	0.745	37.63849	-83.738833
KY	21129950200	150331667	2501534	58.043	0.966	37.5422385	-83.8016615
KY	21129950300	150432883	1879707	58.082	0.726	37.5722401	-83.6029789
KY	21131920101	182996061	140692	70.655	0.054	37.1154836	-83.4472969
KY	21131920102	234456285	6227981	90.524	2.405	37.221777	-83.3976695
KY	21131920200	406763439	2035892	157.052	0.786	36.9991684	-83.3952004
KY	21131920300	214053726	721417	82.647	0.279	37.1193652	-83.2542183
KY	21133950100	58615511	219204	22.632	0.085	37.1929417	-82.6353909
KY	21133950201	65225221	142734	25.184	0.055	37.1779441	-82.7455233
KY	21133950202	45443862	18166	17.546	0.007	37.2014527	-82.6897864
KY	21133950300	85767452	130619	33.115	0.05	37.2466066	-82.8172477
KY	21133950401	60842991	267467	23.492	0.103	37.0995645	-82.8157915
KY	21133950403	51546054	347698	19.902	0.134	37.1610349	-82.8467759
KY	21133950404	37030850	148748	14.298	0.057	37.1533846	-82.8027932
KY	21133950500	130423944	379397	50.357	0.146	37.0266788	-82.8111797
KY	21133950601	77860181	347504	30.062	0.134	37.151114	-82.932151
KY	21133950602	262487955	846359	101.347	0.327	37.0591061	-83.0147604
KY	21135930100	240327421	12042052	92.791	4.649	38.5876846	-83.1709781
KY	21135930200	246429301	7742784	95.147	2.99	38.578236	-83.3597425
KY	21135930300	335131990	11468309	129.395	4.428	38.5990085	-83.5454582
KY	21135930400	428706743	619123	165.525	0.239	38.4390318	-83.3842697
KY	21137920101	69923755	661488	26.998	0.255	37.4923129	-84.6612952
KY	21137920102	93496806	1169567	36.099	0.452	37.5662706	-84.7145966
KY	21137920103	62590093	1300317	24.166	0.502	37.5544056	-84.6287711
KY	21137920200	176790161	711428	68.259	0.275	37.4819695	-84.7988797
KY	21137920301	145104762	527235	56.025	0.204	37.398863	-84.6447345
KY	21137920302	104834294	309077	40.477	0.119	37.344213	-84.6941175
KY	21137920400	209475320	4358485	80.879	1.683	37.4485772	-84.5346221
KY	21139040100	490514878	37754481	189.389	14.577	37.2773754	-88.3419159
KY	21139040201	110670480	23751450	42.73	9.17	37.0832693	-88.4319112
KY	21139040202	209376403	14108844	80.841	5.447	37.105654	-88.2842652
KY	21141960100	296252749	1358054	114.384	0.524	36.9051438	-86.7272421
KY	21141960200	292280139	3402567	112.85	1.314	37.0226571	-86.9363665
KY	21141960300	143035908	795708	55.226	0.307	36.8991259	-86.8446265
KY	21141960400	261711361	2792766	101.047	1.078	36.8416039	-86.9907994
KY	21141960500	148685975	590581	57.408	0.228	36.794887	-86.8809183
KY	21141960600	288266655	3530737	111.3	1.363	36.6949992	-86.8979621
KY	21143960101	77521612	21911650	29.931	8.46	37.0485014	-88.1345269
KY	21143960102	156034796	2597766	60.245	1.003	37.1182435	-88.1301438
KY	21143960200	149735635	24540765	57.813	9.475	36.9975364	-87.9843227
KY	21143980100	170408536	61655294	65.795	23.805	36.9619364	-88.1153019
KY	21145030100	6770360	3528192	2.614	1.362	37.0627888	-88.5698403
KY	21145030200	3392876	174707	1.31	0.067	37.0705864	-88.5937931
KY	21145030300	1833447	2167087	0.708	0.837	37.0915613	-88.599161
KY	21145030400	5479051	2944801	2.115	1.137	37.1040761	-88.6260302
KY	21145030500	1415665	0	0.547	0.	37.0830462	-88.6155185
KY	21145030600	6551059	88723	2.529	0.034	37.0645855	-88.6108891
KY	21145030700	3647999	0	1.409	0.	37.0774493	-88.6334401
KY	21145030800	6684763	27551	2.581	0.011	37.0723882	-88.6555766
KY	21145030900	9304031	80159	3.592	0.031	37.0502384	-88.630456
KY	21145031000	23300299	488331	8.996	0.189	37.0331215	-88.5811087
KY	21145031100	27718120	1719646	10.702	0.664	37.0097729	-88.5185108
KY	21145031200	114498344	1891136	44.208	0.73	36.9867646	-88.5831914
KY	21145031301	8313407	18516	3.21	0.007	37.040912	-88.6717544
KY	21145031302	29843924	227659	11.523	0.088	37.0215069	-88.6813643
KY	21145031401	38511271	9481958	14.869	3.661	37.111162	-88.6781113
KY	21145031402	20061791	268579	7.746	0.104	37.0650624	-88.6983534
KY	21145031501	146413211	24867260	56.53	9.601	37.1492337	-88.8275206
KY	21145031502	70915074	626811	27.38	0.242	37.060902	-88.7955047
KY	21145031600	119696865	1001745	46.215	0.387	36.9841802	-88.7613211
KY	21147960100	329439768	5171647	127.197	1.997	36.8681102	-84.4412267
KY	21147960200	317710115	2450331	122.669	0.946	36.7068653	-84.6101363
KY	21147960301	97969435	721841	37.826	0.279	36.7649996	-84.3818636
KY	21147960302	72129012	1138228	27.849	0.439	36.7175722	-84.5130877
KY	21147960401	76476616	601107	29.528	0.232	36.6916413	-84.363829
KY	21147960402	211434827	904504	81.635	0.349	36.6276818	-84.4050477
KY	21149970100	115543765	1147773	44.612	0.443	37.5348994	-87.1377192
KY	21149970200	319115367	5647653	123.211	2.181	37.584612	-87.3184809
KY	21149970500	219377935	2815151	84.702	1.087	37.445379	-87.2418466
KY	21151010101	109692967	1656335	42.353	0.64	37.8344095	-84.2162914
KY	21151010103	44373841	681349	17.133	0.263	37.8438213	-84.3499843
KY	21151010104	64034610	985096	24.724	0.38	37.8512229	-84.2947336
KY	21151010201	6609044	24332	2.552	0.009	37.7798631	-84.2870559
KY	21151010202	9160916	89434	3.537	0.035	37.7767349	-84.3081907
KY	21151010301	8509518	35026	3.286	0.014	37.7641487	-84.2685885
KY	21151010302	2030909	0	0.784	0.	37.7374447	-84.2803823
KY	21151010303	2140995	1263	0.827	0.	37.7458395	-84.2638261
KY	21151010400	1128367	0	0.436	0.	37.7485267	-84.2917268
KY	21151010500	1776524	6936	0.686	0.003	37.7377246	-84.2975066
KY	21151010601	3172061	3376	1.225	0.001	37.7435733	-84.3046828
KY	21151010602	1368613	0	0.528	0.	37.7524471	-84.3034372
KY	21151010701	13954002	54684	5.388	0.021	37.7770771	-84.3486573
KY	21151010702	21910819	285156	8.46	0.11	37.7428188	-84.3402026
KY	21151010801	202748083	2939385	78.281	1.135	37.7506887	-84.4346858
KY	21151010802	51638440	1051977	19.938	0.406	37.6841067	-84.358076
KY	21151010901	36850061	248952	14.228	0.096	37.6701125	-84.2746522
KY	21151010902	21849140	292192	8.436	0.113	37.7097884	-84.2991755
KY	21151010903	3120519	4183	1.205	0.002	37.724939	-84.3160746
KY	21151011001	103217181	1336980	39.852	0.516	37.721243	-84.2164967
KY	21151011002	125858455	2285085	48.594	0.882	37.771857	-84.1261669
KY	21151011101	22093934	139570	8.531	0.054	37.6069144	-84.2452645
KY	21151011102	72941887	530189	28.163	0.205	37.5618124	-84.1979173
KY	21151011103	78993736	323522	30.5	0.125	37.6402345	-84.1506509
KY	21151011201	5325041	34799	2.056	0.013	37.5835771	-84.3040937
KY	21151011202	25976112	206601	10.029	0.08	37.6183733	-84.2923349
KY	21151011301	16600722	40816	6.41	0.016	37.5459855	-84.2900967
KY	21151011303	4793788	2857	1.851	0.001	37.5704476	-84.2719293
KY	21151011304	3775309	13402	1.458	0.005	37.5595228	-84.2732605
KY	21151011401	18240580	99663	7.043	0.038	37.5635601	-84.3440356
KY	21151011402	50344836	425685	19.438	0.164	37.6124079	-84.3491192
KY	21153970100	192143270	442614	74.187	0.171	37.7277182	-83.1922261
KY	21153970201	166793385	457286	64.399	0.177	37.8069483	-83.0633775
KY	21153970202	79088408	160495	30.536	0.062	37.7562778	-83.0072568
KY	21153970300	136175804	361887	52.578	0.14	37.6622767	-83.0698873
KY	21153970400	224663981	426716	86.743	0.165	37.5790794	-82.9879015
KY	21155970200	52066837	531193	20.103	0.205	37.601512	-85.2619372
KY	21155970300	88770711	924899	34.275	0.357	37.590177	-85.3377061
KY	21155970400	131582960	1081481	50.804	0.418	37.6422098	-85.4251028
KY	21155970500	179236719	2102879	69.204	0.812	37.5204284	-85.4023746
KY	21155970700	189866432	2095738	73.308	0.809	37.5442451	-85.2255656
KY	21155970800	248269381	1827085	95.857	0.705	37.5671646	-85.1026512
KY	21157950101	67286016	4565941	25.979	1.763	37.0218237	-88.4076108
KY	21157950102	27667230	1588852	10.682	0.613	37.0258061	-88.3373146
KY	21157950200	100042535	821957	38.627	0.317	36.9490707	-88.4126567
KY	21157950300	100195376	17995570	38.686	6.948	36.944836	-88.2929718
KY	21157950400	46739398	370371	18.046	0.143	36.8591986	-88.3682922
KY	21157950501	151800984	1391006	58.611	0.537	36.8399929	-88.4406274
KY	21157950502	88743482	527690	34.264	0.204	36.793303	-88.3397195
KY	21157950601	63303059	27107870	24.441	10.466	36.8957807	-88.2428941
KY	21157950602	103548964	11300533	39.98	4.363	36.8018228	-88.2308241
KY	21157950603	33172959	32867869	12.808	12.69	36.8246075	-88.175935
KY	21159950100	94032466	780421	36.306	0.301	37.8463281	-82.4516166
KY	21159950201	187770834	593698	72.499	0.229	37.7667057	-82.5499804
KY	21159950202	172937650	385662	66.772	0.149	37.8494504	-82.5903872
KY	21159950300	139976497	789679	54.045	0.305	37.755734	-82.393992
KY	21161960100	168167867	3568676	64.93	1.378	38.5722696	-83.710751
KY	21161960200	13433018	1773918	5.187	0.685	38.6199008	-83.7324097
KY	21161960300	29595029	4761441	11.427	1.838	38.6623008	-83.7841442
KY	21161960400	243956392	5579885	94.192	2.154	38.6330882	-83.8705204
KY	21161960500	166774092	590594	64.392	0.228	38.5253922	-83.8664645
KY	21163970100	1313353	0	0.507	0.	37.9369775	-85.9917792
KY	21163970200	4114190	8502	1.588	0.003	37.9015353	-85.9862945
KY	21163970301	35443726	332804	13.685	0.128	37.8982979	-86.0947414
KY	21163970302	150399580	1688082	58.07	0.652	37.8414314	-86.1085291
KY	21163970401	131492154	1369579	50.769	0.529	37.9265825	-86.1908601
KY	21163970403	50587576	7204239	19.532	2.782	38.0034225	-86.1877888
KY	21163970404	40873464	5556610	15.781	2.145	37.97116	-86.0773515
KY	21163970500	323013493	29897366	124.716	11.543	38.0535869	-86.3269283
KY	21163980100	53908680	3001331	20.814	1.159	37.9191933	-86.0095397
KY	21165960100	294409008	5795823	113.672	2.238	37.9495907	-83.5550538
KY	21165960200	232753204	409856	89.867	0.158	37.9317568	-83.7095591
KY	21167960100	262536306	2895860	101.366	1.118	37.8802349	-84.9055313
KY	21167960200	117610369	715816	45.41	0.276	37.7911654	-84.932733
KY	21167960300	111552491	649167	43.071	0.251	37.7239399	-84.9083787
KY	21167960400	48895572	560307	18.879	0.216	37.7661586	-84.8148294
KY	21167960500	105303451	5344975	40.658	2.064	37.7842575	-84.7501084
KY	21169960100	209726359	2425632	80.976	0.937	37.0991088	-85.6731213
KY	21169960200	204335447	602958	78.894	0.233	36.9178223	-85.6856517
KY	21169960300	336131407	956587	129.781	0.369	36.9605392	-85.5567953
KY	21171930100	198321252	453034	76.572	0.175	36.7976003	-85.750657
KY	21171930200	203526601	1467646	78.582	0.567	36.6850523	-85.8713071
KY	21171930300	108789411	839140	42.004	0.324	36.6834431	-85.7286589
KY	21171930400	342698457	3927087	132.317	1.516	36.6998587	-85.617318
KY	21173920100	147510938	875189	56.954	0.338	38.104446	-83.9645028
KY	21173920201	8906733	45038	3.439	0.017	38.0768086	-83.9271376
KY	21173920202	79506767	1273628	30.698	0.492	38.0449601	-83.8702805
KY	21173920301	23466678	84392	9.061	0.033	38.0627417	-84.0002817
KY	21173920302	50739500	279987	19.591	0.108	38.0141387	-83.975186
KY	21173920400	129559740	660877	50.023	0.255	37.958033	-83.8205653
KY	21173920500	71511693	567688	27.611	0.219	37.980008	-83.9269657
KY	21175950100	286000989	1224570	110.426	0.473	37.9332204	-83.126188
KY	21175950200	226144005	3550868	87.315	1.371	38.0114618	-83.3289451
KY	21175950300	192923372	1097793	74.488	0.424	37.8981515	-83.4056006
KY	21175950400	123064063	972078	47.515	0.375	37.8933925	-83.2233795
KY	21175950500	158921302	105154	61.36	0.041	37.8105154	-83.3031708
KY	21177960100	113952753	4885837	43.997	1.886	37.295519	-87.0685665
KY	21177960201	13354643	1306538	5.156	0.504	37.3002697	-87.1111817
KY	21177960202	86574977	2732090	33.427	1.055	37.3257843	-87.1543609
KY	21177960300	149083869	3871241	57.562	1.495	37.3396103	-87.2472458
KY	21177960400	231823336	5047978	89.507	1.949	37.2238681	-87.2777864
KY	21177960500	25958910	627896	10.023	0.242	37.2278839	-87.1310313
KY	21177960600	65024763	815621	25.106	0.315	37.1686902	-87.16992
KY	21177960700	151873447	7112712	58.639	2.746	37.2383562	-87.017429
KY	21177960800	170558473	2843535	65.853	1.098	37.1290067	-86.9893634
KY	21177960900	202044509	2146876	78.01	0.829	37.095535	-87.1624223
KY	21179930100	193259235	2424932	74.618	0.936	37.9134325	-85.2455429
KY	21179930201	111284581	1380484	42.967	0.533	37.9103016	-85.5187335
KY	21179930202	85214494	1131077	32.902	0.437	37.9119568	-85.421225
KY	21179930301	55294196	900551	21.349	0.348	37.832805	-85.5579297
KY	21179930303	6452352	78906	2.491	0.03	37.8090951	-85.4475433
KY	21179930304	14999816	113529	5.791	0.044	37.8277892	-85.4218907
KY	21179930305	34058651	381206	13.15	0.147	37.8599879	-85.3933654
KY	21179930400	35314160	579770	13.635	0.224	37.7901477	-85.5066035
KY	21179930500	170274902	2171038	65.744	0.838	37.7736073	-85.4185167
KY	21179930600	199296914	2777311	76.949	1.072	37.7672944	-85.6296359
KY	21179930700	178940627	2023693	69.089	0.781	37.6357093	-85.5365136
KY	21181960100	231801971	1721155	89.499	0.665	38.3777057	-84.0577115
KY	21181960200	274037888	2215521	105.807	0.855	38.2916553	-83.9788199
KY	21183920100	333571873	1959344	128.793	0.757	37.6271605	-86.7434164
KY	21183920200	212352646	1617141	81.99	0.624	37.5457943	-86.9452782
KY	21183920300	173677030	1958717	67.057	0.756	37.4884853	-86.8477351
KY	21183920400	205116258	1169309	79.196	0.451	37.4499061	-86.7040835
KY	21183920501	35623058	533914	13.754	0.206	37.4290095	-86.8610479
KY	21183920502	209350260	2698377	80.831	1.042	37.3583217	-86.8102722
KY	21183920600	141850598	8656207	54.769	3.342	37.3220553	-86.9353888
KY	21183920700	209027393	5059958	80.706	1.954	37.4310162	-87.04523
KY	21185030100	104761795	7367251	40.449	2.845	38.4832797	-85.4238852
KY	21185030200	16920931	416213	6.533	0.161	38.4099243	-85.4320345
KY	21185030301	20129763	195516	7.772	0.075	38.418251	-85.4063505
KY	21185030302	20499884	268736	7.915	0.104	38.4290974	-85.364815
KY	21185030401	43184103	509579	16.673	0.197	38.3521639	-85.372355
KY	21185030402	45557351	701669	17.59	0.271	38.3702035	-85.3426135
KY	21185030501	11089820	271223	4.282	0.105	38.3021935	-85.466653
KY	21185030502	27777026	552841	10.725	0.213	38.315599	-85.4295155
KY	21185030601	15468987	83770	5.973	0.032	38.3234924	-85.5017078
KY	21185030602	22050656	280956	8.514	0.108	38.347292	-85.4494075
KY	21185030701	30838490	470277	11.907	0.182	38.3901163	-85.5500751
KY	21185030703	51726975	628258	19.972	0.243	38.3906939	-85.4852124
KY	21185030704	26310686	263310	10.159	0.102	38.3560056	-85.5340142
KY	21185030801	13937663	3677182	5.381	1.42	38.3893673	-85.6110915
KY	21185030802	34835073	7753581	13.45	2.994	38.4291255	-85.5576869
KY	21187970100	268633832	3124922	103.72	1.207	38.6270054	-84.8849339
KY	21187970201	158096288	3171957	61.041	1.225	38.5209725	-84.9431876
KY	21187970202	156300388	1455834	60.348	0.562	38.5262743	-84.7880063
KY	21187970300	324721067	1989203	125.376	0.768	38.432311	-84.770334
KY	21189930100	117636418	693300	45.42	0.268	37.4938699	-83.661987
KY	21189930200	393632383	1606685	151.982	0.62	37.3996989	-83.6894098
KY	21191930101	137110506	3606049	52.939	1.392	38.796151	-84.2856376
KY	21191930102	154397919	1858968	59.613	0.718	38.7471193	-84.4333897
KY	21191930200	194615188	2353069	75.141	0.909	38.6326847	-84.414768
KY	21191930300	231686626	4514769	89.455	1.743	38.6387805	-84.2890824
KY	21193970300	117348041	1079776	45.308	0.417	37.381698	-83.2000671
KY	21193970400	62594968	266950	24.168	0.103	37.3050896	-83.1669725
KY	21193970501	84987395	347560	32.814	0.134	37.215289	-83.2646144
KY	21193970502	33288764	274101	12.853	0.106	37.2589051	-83.2229078
KY	21193970601	32465943	296492	12.535	0.114	37.2597374	-83.148093
KY	21193970602	3252514	84289	1.256	0.033	37.2557147	-83.1865537
KY	21193970700	47247536	246181	18.242	0.095	37.2099791	-83.0702973
KY	21193970800	127768693	779356	49.332	0.301	37.1543205	-83.1457749
KY	21193970900	140518514	556379	54.255	0.215	37.0532332	-83.1006341
KY	21193971000	230407963	3542835	88.961	1.368	37.3168526	-83.3758462
KY	21195930100	219698020	0	84.826	0.	37.6213875	-82.4861801
KY	21195930201	33868925	321646	13.077	0.124	37.5050752	-82.5657617
KY	21195930202	94826537	242623	36.613	0.094	37.5606845	-82.5670048
KY	21195930301	1196455	0	0.462	0.	37.4832388	-82.5187253
KY	21195930302	1931025	52552	0.746	0.02	37.4768908	-82.5287964
KY	21195930400	48162171	283759	18.596	0.11	37.4563759	-82.4827565
KY	21195930500	56668231	235592	21.88	0.091	37.4448484	-82.5672085
KY	21195930600	89704093	0	34.635	0.	37.3596995	-82.5582624
KY	21195930700	95501522	0	36.873	0.	37.3022589	-82.6547981
KY	21195930800	91922236	0	35.491	0.	37.2696879	-82.5833031
KY	21195930900	70224338	24117	27.114	0.009	37.2559026	-82.469299
KY	21195931000	70345488	0	27.161	0.	37.3137554	-82.4708692
KY	21195931101	61621096	1809630	23.792	0.699	37.3995058	-82.4113385
KY	21195931102	57140108	138392	22.062	0.053	37.4016173	-82.4738288
KY	21195931200	158111659	0	61.047	0.	37.5172079	-82.3808612
KY	21195931300	134608214	1687	51.973	0.001	37.6756363	-82.364224
KY	21195931400	48589197	0	18.76	0.	37.6477306	-82.3007755
KY	21195931500	97107283	0	37.493	0.	37.5829105	-82.2532026
KY	21195931600	68228358	0	26.343	0.	37.5629802	-82.192547
KY	21195931700	195473025	261	75.473	0.	37.4885619	-82.1246319
KY	21195931800	221171830	2950316	85.395	1.139	37.4115822	-82.2721808
KY	21195931900	120205823	12443	46.412	0.005	37.3441861	-82.3436287
KY	21197970101	148675346	440938	57.404	0.17	37.8045838	-83.7593325
KY	21197970102	143077000	920880	55.242	0.356	37.8687468	-83.7497999
KY	21197970201	60114389	848222	23.21	0.328	37.8817608	-83.9171411
KY	21197970202	111642229	793127	43.105	0.306	37.8168527	-83.9367665
KY	21199930101	112998590	533878	43.629	0.206	37.2940539	-84.58361
KY	21199930102	153504843	866697	59.269	0.335	37.2392867	-84.5255947
KY	21199930200	144283027	584901	55.708	0.226	37.1925879	-84.6912408
KY	21199930301	202315478	3080637	78.114	1.189	37.0935661	-84.8214225
KY	21199930302	123481669	9892211	47.677	3.819	37.0363793	-84.7421283
KY	21199930401	39059552	1265382	15.081	0.489	37.1168226	-84.6567731
KY	21199930403	20718971	117307	8.	0.045	37.1419394	-84.6096928
KY	21199930404	52697936	203925	20.347	0.079	37.15154	-84.5599217
KY	21199930503	18997197	4879967	7.335	1.884	36.9984068	-84.6846797
KY	21199930504	12420664	2040721	4.796	0.788	37.0188053	-84.640272
KY	21199930505	23165684	2012573	8.944	0.777	37.0748269	-84.6646926
KY	21199930506	6483236	16173	2.503	0.006	37.07695	-84.6323148
KY	21199930600	19234682	35111	7.427	0.014	37.0647102	-84.5957613
KY	21199930700	8816939	5117	3.404	0.002	37.0902216	-84.5862904
KY	21199930801	9344606	325353	3.608	0.126	37.0314668	-84.6134024
KY	21199930802	105510802	4294714	40.738	1.658	37.0300585	-84.5408104
KY	21199930900	263966733	1591325	101.918	0.614	37.156183	-84.4019576
KY	21199931000	215970585	4301973	83.387	1.661	37.0336741	-84.4169724
KY	21199931101	43999977	5379902	16.988	2.077	36.9631624	-84.6437869
KY	21199931103	96777748	4257995	37.366	1.644	36.9209862	-84.5373214
KY	21199931104	30720966	3665464	11.861	1.415	36.9752428	-84.5873851
KY	21201970100	257938637	1333016	99.591	0.515	38.5134727	-84.06423
KY	21203950100	173584873	147774	67.021	0.057	37.4501973	-84.2936737
KY	21203950201	93917365	280823	36.262	0.108	37.4236778	-84.4190451
KY	21203950202	53153090	1515662	20.523	0.585	37.380953	-84.3385138
KY	21203950300	274566537	853957	106.011	0.33	37.282866	-84.3666059
KY	21203950400	224682218	1163164	86.75	0.449	37.3630397	-84.2182563
KY	21205950100	241981186	1107984	93.429	0.428	38.2918748	-83.4610681
KY	21205950201	55908013	584516	21.586	0.226	38.1693971	-83.5279426
KY	21205950202	57027547	330891	22.018	0.128	38.2474091	-83.414314
KY	21205950301	20854802	206801	8.052	0.08	38.1628983	-83.4225129
KY	21205950302	147694130	13889024	57.025	5.363	38.1028397	-83.4486719
KY	21205950400	201422603	418561	77.77	0.162	38.1768238	-83.3154301
KY	21207960101	96614821	199365	37.303	0.077	37.1139843	-85.0470403
KY	21207960102	78372870	763712	30.26	0.295	37.0349498	-85.0925556
KY	21207960200	163083393	1957830	62.967	0.756	36.9439944	-85.180961
KY	21207960300	131739189	51225946	50.865	19.778	36.9147377	-85.0768347
KY	21207960400	186160783	22526585	71.877	8.698	37.0127685	-84.9522778
KY	21209040101	2938115	109282	1.134	0.042	38.2172203	-84.5431708
KY	21209040102	2102763	64845	0.812	0.025	38.2146596	-84.5614441
KY	21209040203	12019623	165826	4.641	0.064	38.1753326	-84.5838212
KY	21209040205	8248860	23164	3.185	0.009	38.1743757	-84.5492544
KY	21209040207	746837	0	0.288	0.	38.2046189	-84.5768518
KY	21209040208	1549686	0	0.598	0.	38.2038462	-84.5665407
KY	21209040209	3011471	2181	1.163	0.001	38.2001033	-84.5487735
KY	21209040210	1742467	3788	0.673	0.001	38.1916791	-84.5549493
KY	21209040301	42626048	739724	16.458	0.286	38.2010911	-84.4665437
KY	21209040302	42064245	402963	16.241	0.156	38.2478837	-84.4761683
KY	21209040303	18008481	129422	6.953	0.05	38.2601811	-84.5349214
KY	21209040400	184563881	1448838	71.261	0.559	38.3691757	-84.5244622
KY	21209040501	107723727	857392	41.592	0.331	38.3082225	-84.6903534
KY	21209040502	121889643	1404122	47.062	0.542	38.3718196	-84.6153901
KY	21209040601	73205615	731568	28.265	0.282	38.1740351	-84.6445639
KY	21209040604	3375098	124717	1.303	0.048	38.2166219	-84.5874635
KY	21209040605	64327705	1497238	24.837	0.578	38.2382106	-84.6697361
KY	21209040606	3259772	91472	1.259	0.035	38.2278412	-84.5741898
KY	21209040607	37475420	545597	14.469	0.211	38.267916	-84.5804461
KY	21211040101	199527373	1840311	77.038	0.711	38.1175942	-85.1140278
KY	21211040102	225581703	3048431	87.098	1.177	38.2717096	-85.0728933
KY	21211040201	170643628	2348280	65.886	0.907	38.2923871	-85.2120536
KY	21211040202	34058954	866875	13.15	0.335	38.2436161	-85.2347542
KY	21211040301	3371744	2915	1.302	0.001	38.2151616	-85.244873
KY	21211040302	4060855	80255	1.568	0.031	38.2076218	-85.2232915
KY	21211040402	97928828	2084206	37.811	0.805	38.1522814	-85.2333407
KY	21211040403	17041823	544702	6.58	0.21	38.2028605	-85.1805864
KY	21211040404	25094353	432151	9.689	0.167	38.2115901	-85.2698
KY	21211040501	94727288	2018142	36.574	0.779	38.1668809	-85.3470204
KY	21211040503	38231511	794046	14.761	0.307	38.2304146	-85.3401858
KY	21211040504	73384033	1150614	28.334	0.444	38.2689618	-85.3570145
KY	21213970100	166031057	1127649	64.105	0.435	36.7302458	-86.4698033
KY	21213970200	81936142	1125473	31.636	0.435	36.7666303	-86.5332175
KY	21213970300	182805456	2272597	70.582	0.877	36.7937551	-86.6384006
KY	21213970401	14757136	34200	5.698	0.013	36.7017651	-86.5955965
KY	21213970402	160981432	1371037	62.155	0.529	36.686098	-86.6663902
KY	21215080101	47186945	441809	18.219	0.171	38.0979535	-85.3389478
KY	21215080102	93089312	622961	35.942	0.241	38.0755081	-85.3912275
KY	21215080103	107458398	593304	41.49	0.229	38.0068101	-85.4302657
KY	21215080200	235739113	11258736	91.019	4.347	38.0131291	-85.2463831
KY	21217920100	193725885	1995745	74.798	0.771	37.3998016	-85.199803
KY	21217920200	229917973	619316	88.772	0.239	37.4213844	-85.4423323
KY	21217920300	16307462	345628	6.296	0.133	37.3726554	-85.3255409
KY	21217920401	18496631	65618	7.142	0.025	37.360473	-85.371887
KY	21217920402	48005757	114615	18.535	0.044	37.317572	-85.4039672
KY	21217920501	137321510	20549609	53.02	7.934	37.2671169	-85.2847345
KY	21217920502	46234439	3262830	17.851	1.26	37.3400926	-85.3063218
KY	21219950100	349239574	2598974	134.842	1.003	36.9741712	-87.1727812
KY	21219950200	286636466	1430333	110.671	0.552	36.8268996	-87.1683195
KY	21219950300	147520868	1358250	56.958	0.524	36.6982201	-87.1411051
KY	21219950400	186587557	1198735	72.042	0.463	36.698521	-87.252402
KY	21221970100	211955313	13988393	81.836	5.401	36.9214104	-87.8291874
KY	21221970201	76694526	3039378	29.612	1.174	36.890885	-87.7939488
KY	21221970202	202197319	1992406	78.069	0.769	36.8118426	-87.7403257
KY	21221970301	68047091	15735988	26.273	6.076	36.8355472	-87.9119244
KY	21221970302	227980182	15030592	88.024	5.803	36.7366848	-87.8639107
KY	21221980100	264937135	53525649	102.293	20.666	36.7923526	-88.0487965
KY	21221980200	91493415	24780	35.326	0.01	36.6774829	-87.7356526
KY	21223100100	119095053	14190008	45.983	5.479	38.6807023	-85.3711879
KY	21223100200	263628775	7067566	101.788	2.729	38.5691614	-85.3031356
KY	21225950100	135384824	19938215	52.272	7.698	37.7773525	-87.9149416
KY	21225950201	207791253	3163510	80.229	1.221	37.6798023	-87.8288943
KY	21225950202	261101655	21742172	100.812	8.395	37.6702993	-88.0299947
KY	21225950300	283772338	7823434	109.565	3.021	37.5697261	-87.953288
KY	21227010100	973053	0	0.376	0.	36.9921183	-86.4466215
KY	21227010200	5465120	107647	2.11	0.042	37.0047724	-86.447239
KY	21227010300	2105207	0	0.813	0.	36.9922566	-86.4587839
KY	21227010400	878410	0	0.339	0.	36.9840917	-86.4557721
KY	21227010500	1642992	2046	0.634	0.001	36.9855934	-86.4414864
KY	21227010600	5791644	0	2.236	0.	36.9697992	-86.4360052
KY	21227010701	4798915	2759	1.853	0.001	36.9450505	-86.4309015
KY	21227010702	5119598	1016	1.977	0.	36.9346976	-86.4358139
KY	21227010801	16787925	205738	6.482	0.079	36.91523	-86.4161695
KY	21227010802	19122795	50075	7.383	0.019	36.9084165	-86.4649686
KY	21227010804	1166184	0	0.45	0.	36.9574456	-86.4613864
KY	21227010805	6245996	126046	2.412	0.049	36.9311668	-86.4543864
KY	21227010900	5186676	540	2.003	0.	36.9715986	-86.4587138
KY	21227011001	2674906	0	1.033	0.	36.9802943	-86.4782952
KY	21227011002	8558766	11005	3.305	0.004	36.9666201	-86.4884814
KY	21227011100	53237609	155221	20.555	0.06	36.9457887	-86.5267227
KY	21227011200	27987290	376701	10.806	0.145	37.0170622	-86.4964914
KY	21227011300	47349741	1424835	18.282	0.55	37.0308346	-86.4284538
KY	21227011401	16613039	202226	6.414	0.078	36.9776995	-86.4107087
KY	21227011402	17732168	374396	6.846	0.145	36.9628508	-86.3866195
KY	21227011500	181052119	2043555	69.905	0.789	36.8764495	-86.3305944
KY	21227011600	261337121	2692312	100.903	1.04	37.0053539	-86.2296938
KY	21227011701	31985918	110875	12.35	0.043	37.0405574	-86.3611439
KY	21227011702	123696316	1089868	47.759	0.421	37.0877399	-86.3540909
KY	21227011801	249187928	4064059	96.212	1.569	37.1060697	-86.5288878
KY	21227011802	152337888	888886	58.818	0.343	36.9933237	-86.6153497
KY	21227011900	154022661	1197239	59.468	0.462	36.8586117	-86.5075833
KY	21229930100	219371408	3466923	84.7	1.339	37.838142	-85.1202919
KY	21229930201	68178729	954545	26.324	0.369	37.6781903	-85.1791267
KY	21229930202	242667213	4168876	93.694	1.61	37.7215229	-85.292593
KY	21229930300	239745510	1548482	92.566	0.598	37.7216198	-85.1104398
KY	21231920101	112382135	23167003	43.391	8.945	36.8807532	-84.965988
KY	21231920102	208532654	24488018	80.515	9.455	36.9235624	-84.7566011
KY	21231920201	26572125	374539	10.26	0.145	36.8824071	-84.8454076
KY	21231920202	35458263	95812	13.691	0.037	36.8403196	-84.8043751
KY	21231920300	49408657	272014	19.077	0.105	36.8005331	-84.8551469
KY	21231920401	75275315	16015148	29.064	6.183	36.8182868	-84.9862035
KY	21231920402	178337595	548924	68.857	0.212	36.7027138	-84.9436653
KY	21231920701	299934487	685102	115.805	0.265	36.691382	-84.8239533
KY	21231920702	200425311	2001393	77.385	0.773	36.8105102	-84.6944467
KY	21233960100	304765938	3668617	117.671	1.416	37.5705132	-87.5404145
KY	21233960200	239495048	1630727	92.47	0.63	37.5386369	-87.6929336
KY	21233960300	176391055	1914342	68.105	0.739	37.4778871	-87.8530179
KY	21233960400	139292582	2185011	53.781	0.844	37.4240759	-87.755942
KY	21235920100	5169362	60450	1.996	0.023	36.9493838	-84.1105916
KY	21235920200	10271825	53562	3.966	0.021	36.9289176	-84.1025324
KY	21235920301	17657655	1336853	6.818	0.516	36.9421329	-84.1437104
KY	21235920302	78350561	2291038	30.251	0.885	36.8847908	-84.1444545
KY	21235920401	110045689	6436253	42.489	2.485	36.9068918	-84.2651617
KY	21235920402	162060066	1803158	62.572	0.696	36.8023443	-84.2598375
KY	21235920501	58386575	212707	22.543	0.082	36.8188947	-84.0981556
KY	21235920502	120336495	1707152	46.462	0.659	36.7712317	-84.0774653
KY	21235920601	13130755	408211	5.07	0.158	36.7548083	-84.1971252
KY	21235920602	162337195	1792875	62.679	0.692	36.705744	-84.2382446
KY	21235920700	229555475	1518160	88.632	0.586	36.6418067	-84.0875096
KY	21235920800	166909934	1019230	64.444	0.394	36.7037193	-84.003194
KY	21237930100	331532067	797961	128.005	0.308	37.7281967	-83.4305094
KY	21237930200	243857982	736287	94.154	0.284	37.7406296	-83.5940784
KY	21239050103	25383314	263858	9.801	0.102	38.0526133	-84.7666585
KY	21239050104	14728592	378469	5.687	0.146	38.0769807	-84.7166108
KY	21239050105	5144575	22702	1.986	0.009	38.0326628	-84.7417496
KY	21239050106	14456409	66484	5.582	0.026	38.0211647	-84.6874064
KY	21239050107	12654149	69745	4.886	0.027	38.0447473	-84.6870966
KY	21239050200	195220379	2976935	75.375	1.149	37.9608135	-84.7322281
KY	21239050300	152963575	2314238	59.06	0.894	38.0989147	-84.7732108
KY	21239050400	70442058	288559	27.198	0.111	38.1519343	-84.7074267
