USPS	GEOID	ALAND	AWATER	ALAND_SQMI	AWATER_SQMI	INTPTLAT	INTPTLONG
LA	22001960101	22834657	0	8.817	0.	30.3965852	-92.2103698
LA	22001960102	24458758	0	9.444	0.	30.4228344	-92.2235182
LA	22001960201	182955806	172729	70.64	0.067	30.4260803	-92.3324366
LA	22001960202	168611528	180393	65.101	0.07	30.4058199	-92.4691373
LA	22001960300	233609933	992749	90.197	0.383	30.3608118	-92.5763311
LA	22001960401	107554100	215748	41.527	0.083	30.3008781	-92.3616597
LA	22001960402	55802570	5193	21.545	0.002	30.3180096	-92.4802834
LA	22001960403	167685938	1212150	64.744	0.468	30.2489446	-92.4868712
LA	22001960501	49280989	0	19.027	0.	30.2847269	-92.2024883
LA	22001960502	62175802	87528	24.006	0.034	30.3627353	-92.2161753
LA	22001960503	80849821	20847	31.216	0.008	30.302917	-92.2718849
LA	22001960601	29172951	45220	11.264	0.017	30.2437519	-92.2262483
LA	22001960602	5081276	0	1.962	0.	30.2347983	-92.2622115
LA	22001960700	20674795	86696	7.983	0.033	30.2437889	-92.2863515
LA	22001960801	10107573	19730	3.903	0.008	30.2250777	-92.3483485
LA	22001960802	21616878	100394	8.346	0.039	30.2436449	-92.346682
LA	22001960901	4809121	0	1.857	0.	30.2224625	-92.3879919
LA	22001960902	9690646	32281	3.742	0.012	30.2031178	-92.4211209
LA	22001961000	14732693	44024	5.688	0.017	30.1960007	-92.377854
LA	22001961100	210093114	2649993	81.117	1.023	30.1494723	-92.5188222
LA	22001961200	215274864	69113	83.118	0.027	30.1408364	-92.3603655
LA	22003950100	1021979263	5010045	394.588	1.934	30.6731894	-92.912636
LA	22003950201	63739935	265298	24.61	0.102	30.8585413	-92.6232793
LA	22003950202	5404494	0	2.087	0.	30.8221786	-92.6357136
LA	22003950300	9204870	101109	3.554	0.039	30.8215197	-92.6764225
LA	22003950400	506087649	2553880	195.402	0.986	30.6609249	-92.6934473
LA	22003950501	182217666	2205462	70.355	0.852	30.5154396	-92.8909056
LA	22003950502	185154943	321859	71.489	0.124	30.5074915	-92.7573304
LA	22005030102	15877583	51280	6.13	0.02	30.2658615	-90.8915738
LA	22005030104	12318856	198601	4.756	0.077	30.3315382	-90.8888663
LA	22005030105	18060310	77985	6.973	0.03	30.3121062	-90.8738209
LA	22005030106	27971539	1126762	10.8	0.435	30.2918066	-90.8374729
LA	22005030107	11565769	403011	4.466	0.156	30.2514334	-90.8400937
LA	22005030207	11703218	81885	4.519	0.032	30.3177555	-90.9916004
LA	22005030208	9444727	32094	3.647	0.012	30.3278207	-90.9672845
LA	22005030209	6018347	5645	2.324	0.002	30.3356816	-90.9383261
LA	22005030210	8487697	2604	3.277	0.001	30.3135289	-90.9581117
LA	22005030211	9756711	40472	3.767	0.016	30.311314	-90.9203011
LA	22005030212	8844146	51779	3.415	0.02	30.2813652	-90.9675775
LA	22005030213	7216856	58392	2.786	0.023	30.263501	-90.9592937
LA	22005030214	10490113	12737	4.05	0.005	30.2908241	-90.9406661
LA	22005030215	10515273	23734	4.06	0.009	30.2736093	-90.9188895
LA	22005030301	31595264	220579	12.199	0.085	30.2957807	-91.0085261
LA	22005030302	114049368	12780320	44.035	4.935	30.1580109	-90.9437308
LA	22005030303	14762486	153197	5.7	0.059	30.2305798	-90.9745119
LA	22005030304	12197180	215159	4.709	0.083	30.2409873	-91.012517
LA	22005030403	9802819	9768	3.785	0.004	30.2398928	-90.9548624
LA	22005030404	5409014	14277	2.088	0.006	30.2440571	-90.9170281
LA	22005030405	5220780	859	2.016	0.	30.2198096	-90.9214126
LA	22005030406	7009978	156207	2.707	0.06	30.2263673	-90.9399745
LA	22005030501	9973660	142401	3.851	0.055	30.2223991	-90.8780436
LA	22005030502	12315445	260336	4.755	0.101	30.2168415	-90.8594212
LA	22005030503	159294000	3580239	61.504	1.382	30.2145538	-90.7619043
LA	22005030600	67884169	704794	26.21	0.272	30.1808735	-90.896376
LA	22005030900	97351041	7781142	37.587	3.004	30.1317387	-91.0482577
LA	22005031001	20812668	4782021	8.036	1.846	30.0940059	-90.9495061
LA	22005031002	15069404	0	5.818	0.	30.0828909	-90.9956687
LA	22007050100	141890666	572142	54.784	0.221	30.0365757	-91.0680757
LA	22007050201	53705724	61520330	20.736	23.753	29.9331929	-91.2027143
LA	22007050202	56282918	1085847	21.731	0.419	29.9726148	-91.1867502
LA	22007050300	153407109	27461	59.231	0.011	29.9757324	-91.0274496
LA	22007050400	136503131	33249	52.704	0.013	29.921909	-91.0672285
LA	22007050500	202267173	982539	78.096	0.379	29.8477519	-91.004046
LA	22007050600	146953236	2883323	56.739	1.113	29.7389613	-91.0288244
LA	22009030100	706346564	59725451	272.722	23.06	31.1244335	-91.9221625
LA	22009030200	307156815	15306392	118.594	5.91	31.2563649	-92.1130414
LA	22009030300	133522043	5353453	51.553	2.067	31.1456764	-92.1383044
LA	22009030401	39048930	7369	15.077	0.003	31.141841	-92.078335
LA	22009030402	12503596	187711	4.828	0.072	31.114717	-92.0511211
LA	22009030501	80181009	817588	30.958	0.316	31.0531053	-92.1443295
LA	22009030502	57408481	381023	22.166	0.147	31.0615606	-92.0599321
LA	22009030600	219715076	877783	84.832	0.339	30.9225423	-92.180279
LA	22009030701	139994581	600567	54.052	0.232	30.9540613	-92.0826445
LA	22009030702	83769543	29180	32.344	0.011	31.0206639	-91.9948106
LA	22009030800	160037811	255555	61.791	0.099	30.8991173	-91.9610574
LA	22009030900	214344464	4410261	82.759	1.703	30.9300228	-91.8770596
LA	22011960101	341291750	7224290	131.773	2.789	30.7889657	-93.080953
LA	22011960102	431755079	2110615	166.702	0.815	30.6695087	-93.1217816
LA	22011960200	322194164	2470946	124.4	0.954	30.8030741	-93.3204577
LA	22011960300	20778261	139543	8.023	0.054	30.8508463	-93.2771867
LA	22011960400	24201771	296266	9.344	0.114	30.8213141	-93.2738376
LA	22011960500	39313383	295300	15.179	0.114	30.8505268	-93.3304186
LA	22011960600	891952949	7584198	344.385	2.928	30.6001941	-93.5784503
LA	22011960701	259292827	692276	100.114	0.267	30.4559671	-93.2468375
LA	22011960702	667072607	1130825	257.558	0.437	30.5859675	-93.3443917
LA	22013970100	63424037	107156	24.488	0.041	32.5539909	-92.9276071
LA	22013970200	392201333	320552	151.43	0.124	32.5004346	-93.0318865
LA	22013970300	258477100	17390959	99.799	6.715	32.3365891	-93.3552685
LA	22013970400	394311485	4953406	152.245	1.913	32.2950189	-93.1729325
LA	22013970500	992956443	5200907	383.383	2.008	32.2951022	-92.9487143
LA	22015010400	6262096	788609	2.418	0.304	32.5390706	-93.7449518
LA	22015010500	4026060	0	1.554	0.	32.5462016	-93.7181404
LA	22015010601	13223123	0	5.105	0.	32.5421487	-93.6878817
LA	22015010602	3400895	0	1.313	0.	32.5260371	-93.7106744
LA	22015010701	2319941	0	0.896	0.	32.5170128	-93.6988823
LA	22015010702	1997574	0	0.771	0.	32.5090814	-93.6928352
LA	22015010801	3365259	722481	1.299	0.279	32.5055394	-93.7053548
LA	22015010805	5434740	1556758	2.098	0.601	32.4699265	-93.687106
LA	22015010806	2706671	0	1.045	0.	32.4850566	-93.6707074
LA	22015010807	3902169	0	1.507	0.	32.4604038	-93.6481296
LA	22015010808	5040331	0	1.946	0.	32.4743072	-93.6547032
LA	22015010900	86536475	2291002	33.412	0.885	32.5048693	-93.5961455
LA	22015011002	271072052	27573621	104.662	10.646	32.3481763	-93.5133953
LA	22015011003	34092114	353710	13.163	0.137	32.4261805	-93.605576
LA	22015011004	109834874	420545	42.407	0.162	32.4581331	-93.5156695
LA	22015011107	9567325	111521	3.694	0.043	32.6928351	-93.7432627
LA	22015011111	107297699	11834	41.428	0.005	32.6002242	-93.5046404
LA	22015011112	38900960	61159	15.02	0.024	32.5182251	-93.4751594
LA	22015011113	24437044	0	9.435	0.	32.5461375	-93.5673751
LA	22015011114	12547429	0	4.845	0.	32.5682765	-93.5934233
LA	22015011115	224751101	700210	86.777	0.27	32.7160952	-93.4911511
LA	22015011116	45756030	3490203	17.667	1.348	32.6589735	-93.7331915
LA	22015011117	14941484	38468	5.769	0.015	32.5769465	-93.6551507
LA	22015011118	16873018	0	6.515	0.	32.5377111	-93.6455352
LA	22015011119	20093595	833451	7.758	0.322	32.5857885	-93.7169376
LA	22015011120	9492373	1312692	3.665	0.507	32.5651845	-93.7415658
LA	22015011121	10756255	6670058	4.153	2.575	32.6876982	-93.6783611
LA	22015011122	58948265	1336404	22.76	0.516	32.6201527	-93.6713693
LA	22015011123	12997817	56164	5.018	0.022	32.5952173	-93.6052017
LA	22015011124	82906981	5502306	32.011	2.124	32.6736268	-93.615344
LA	22015011201	442244827	15166469	170.752	5.856	32.8667333	-93.7336669
LA	22015011202	486120065	1718397	187.692	0.663	32.8692179	-93.5877867
LA	22015011300	2644911	90120	1.021	0.035	32.5183269	-93.7295532
LA	22017020500	4926163	353856	1.902	0.137	32.5252582	-93.7522704
LA	22017020600	1382520	111952	0.534	0.043	32.5151339	-93.7660913
LA	22017020700	1528767	0	0.59	0.	32.5074049	-93.7709552
LA	22017021000	2105736	0	0.813	0.	32.4912289	-93.7517464
LA	22017021100	1305606	0	0.504	0.	32.4963197	-93.7374536
LA	22017021200	1874839	0	0.724	0.	32.4870921	-93.7379023
LA	22017021300	3567049	92768	1.377	0.036	32.4944987	-93.7214123
LA	22017021400	1388727	59945	0.536	0.023	32.484984	-93.7110202
LA	22017021500	2033755	6678	0.785	0.003	32.4749329	-93.7298919
LA	22017021600	2321410	0	0.896	0.	32.4755248	-93.7465878
LA	22017021700	2865204	0	1.106	0.	32.4759491	-93.7672087
LA	22017021800	2834481	0	1.094	0.	32.4871948	-93.7686246
LA	22017021900	1382978	0	0.534	0.	32.4976099	-93.7729227
LA	22017022000	2374093	0	0.917	0.	32.506913	-93.7872185
LA	22017022101	4896053	3728460	1.89	1.44	32.490782	-93.8016995
LA	22017022102	907975	0	0.351	0.	32.4884184	-93.7886328
LA	22017022200	8647416	0	3.339	0.	32.473424	-93.8207018
LA	22017022300	2666722	0	1.03	0.	32.4784229	-93.7886869
LA	22017022400	3272485	14114	1.264	0.005	32.466879	-93.792193
LA	22017022500	2701587	0	1.043	0.	32.4632248	-93.7664774
LA	22017022600	3265637	3861	1.261	0.001	32.4613275	-93.7471283
LA	22017022700	1658173	0	0.64	0.	32.4628802	-93.7284482
LA	22017022800	2851785	0	1.101	0.	32.4661575	-93.715579
LA	22017022900	5971455	702035	2.306	0.271	32.4625588	-93.695948
LA	22017023000	4137918	0	1.598	0.	32.4505309	-93.7174629
LA	22017023100	2485365	0	0.96	0.	32.4451944	-93.7372038
LA	22017023200	1588392	0	0.613	0.	32.4480033	-93.751561
LA	22017023300	3278090	0	1.266	0.	32.4489852	-93.7681814
LA	22017023401	3198045	0	1.235	0.	32.4486745	-93.7899211
LA	22017023402	2063073	0	0.797	0.	32.4377162	-93.7928735
LA	22017023500	2792641	0	1.078	0.	32.4569056	-93.802965
LA	22017023600	2461111	0	0.95	0.	32.4609408	-93.8180554
LA	22017023701	3071175	0	1.186	0.	32.4343705	-93.7725147
LA	22017023702	2220967	0	0.858	0.	32.4325656	-93.7569752
LA	22017023801	2879581	48779	1.112	0.019	32.4301088	-93.7356904
LA	22017023802	1679122	0	0.648	0.	32.4289396	-93.7463986
LA	22017023903	18338631	58546	7.081	0.023	32.4043614	-93.7434161
LA	22017023904	3073967	0	1.187	0.	32.4319917	-93.7226199
LA	22017023905	3488974	0	1.347	0.	32.4174203	-93.7109776
LA	22017023906	1692675	0	0.654	0.	32.412919	-93.6962702
LA	22017023907	8723568	1904661	3.368	0.735	32.4371156	-93.6907156
LA	22017024001	25056452	1412355	9.674	0.545	32.3607437	-93.7346336
LA	22017024002	184571002	12015272	71.263	4.639	32.3135332	-93.6113748
LA	22017024102	34561006	507164	13.344	0.196	32.3533929	-93.7918628
LA	22017024104	8240158	0	3.182	0.	32.4127734	-93.7784346
LA	22017024107	9021287	11842	3.483	0.005	32.4284464	-93.810062
LA	22017024108	6294730	47009	2.43	0.018	32.3892979	-93.8009863
LA	22017024109	4330549	252894	1.672	0.098	32.3919275	-93.7749032
LA	22017024110	4730795	0	1.827	0.	32.4108588	-93.8267884
LA	22017024111	7757644	30134	2.995	0.012	32.392701	-93.8249625
LA	22017024201	14965711	216994	5.778	0.084	32.4213104	-93.8452165
LA	22017024204	65817639	324259	25.412	0.125	32.3621759	-93.919515
LA	22017024205	29488004	105187	11.385	0.041	32.343	-93.8712336
LA	22017024206	134673031	580164	51.998	0.224	32.3086921	-94.007062
LA	22017024207	140893462	501816	54.399	0.194	32.2639455	-93.9251905
LA	22017024303	19880762	135301	7.676	0.052	32.4362195	-93.8841296
LA	22017024304	93778946	646965	36.208	0.25	32.3954086	-93.9900438
LA	22017024305	87668326	6864980	33.849	2.651	32.4979167	-93.9534974
LA	22017024306	28538866	322439	11.019	0.124	32.4657995	-93.925615
LA	22017024400	13963704	7632192	5.391	2.947	32.4891093	-93.8538963
LA	22017024503	27513867	323978	10.623	0.125	32.6121848	-93.8541116
LA	22017024504	215593335	16778717	83.241	6.478	32.6388565	-93.958406
LA	22017024601	21730830	16970	8.39	0.007	32.5692573	-93.8300627
LA	22017024602	19071438	607346	7.364	0.234	32.5322783	-93.7990638
LA	22017024700	8890409	229956	3.433	0.089	32.5839733	-93.7879522
LA	22017024800	247527860	10186786	95.571	3.933	32.707294	-93.7976425
LA	22017024900	261077394	46051710	100.803	17.781	32.8327914	-93.9646666
LA	22017025000	26057814	1330903	10.061	0.514	32.8727564	-93.9794686
LA	22017025100	287226313	16671788	110.899	6.437	32.934483	-93.8916566
LA	22017025200	1424027	0	0.55	0.	32.5005249	-93.7613231
LA	22017025300	4644172	250184	1.793	0.097	32.5087256	-93.7451733
LA	22017025405	23601987	60093	9.113	0.023	32.5893923	-93.8617252
LA	22017025406	76376140	17862701	29.489	6.897	32.5537685	-93.919066
LA	22017980000	6941024	35764	2.68	0.014	32.4440632	-93.824157
LA	22019000100	2291755	0	0.885	0.	30.2285191	-93.2133079
LA	22019000200	7101437	1446595	2.742	0.559	30.2467539	-93.2184145
LA	22019000300	2736844	393632	1.057	0.152	30.2607943	-93.2026879
LA	22019000400	958425	0	0.37	0.	30.2320493	-93.1989992
LA	22019000500	4455466	3125537	1.72	1.207	30.2180995	-93.2302313
LA	22019000601	2810686	15825	1.085	0.006	30.2221341	-93.1810624
LA	22019000602	2274818	0	0.878	0.	30.2173598	-93.1938878
LA	22019000700	4869877	306683	1.88	0.118	30.2073495	-93.2357236
LA	22019000800	2853836	0	1.102	0.	30.205194	-93.2102156
LA	22019000900	3035005	0	1.172	0.	30.2037606	-93.1916372
LA	22019001000	3768553	0	1.455	0.	30.1873909	-93.2271647
LA	22019001100	2925935	0	1.13	0.	30.1866615	-93.2120514
LA	22019001201	3746966	0	1.447	0.	30.1865182	-93.1970872
LA	22019001202	2004242	0	0.774	0.	30.1870712	-93.1843536
LA	22019001301	6176244	0	2.385	0.	30.1553951	-93.2202578
LA	22019001302	2343810	0	0.905	0.	30.1701025	-93.2232103
LA	22019001401	27231769	3710819	10.514	1.433	30.2686639	-93.1529031
LA	22019001402	3751334	105355	1.448	0.041	30.2547311	-93.1879191
LA	22019001500	3880131	55539	1.498	0.021	30.2367755	-93.1835296
LA	22019001600	16776374	358378	6.477	0.138	30.2354865	-93.140441
LA	22019001700	122882643	175635	47.445	0.068	30.1201673	-93.1732057
LA	22019001802	15259304	0	5.892	0.	30.1448257	-93.2594531
LA	22019001803	89186873	15569203	34.435	6.011	30.1021697	-93.2796573
LA	22019001901	8806480	2237179	3.4	0.864	30.1913354	-93.2575211
LA	22019001905	2760827	0	1.066	0.	30.1684316	-93.2407349
LA	22019001906	5209702	0	2.011	0.	30.1529183	-93.2439707
LA	22019001907	2695596	0	1.041	0.	30.1779581	-93.2471901
LA	22019001908	3607590	425948	1.393	0.164	30.1768755	-93.2717656
LA	22019002001	131978524	5097091	50.957	1.968	30.2972806	-93.0772541
LA	22019002002	344233910	2618848	132.909	1.011	30.1504956	-93.0434116
LA	22019002100	11513294	75300	4.445	0.029	30.2341018	-93.0142676
LA	22019002204	26299531	1713202	10.154	0.661	30.2926216	-93.1958183
LA	22019002205	73419764	224334	28.348	0.087	30.3683451	-93.2441959
LA	22019002206	99770148	2325694	38.521	0.898	30.3523771	-93.1594304
LA	22019002207	6024639	72380	2.326	0.028	30.3104425	-93.2362479
LA	22019002208	7405058	0	2.859	0.	30.3172931	-93.2128668
LA	22019002300	248307789	3160024	95.872	1.22	30.3331618	-93.401877
LA	22019002401	49446438	0	19.091	0.	30.4481394	-93.4578857
LA	22019002402	39010494	313061	15.062	0.121	30.4502866	-93.402178
LA	22019002500	17923635	1012460	6.92	0.391	30.271415	-93.2452356
LA	22019002600	6479009	169701	2.502	0.066	30.2513491	-93.2591067
LA	22019002701	143396556	1464809	55.366	0.566	30.2694252	-93.4483227
LA	22019002702	52555862	960371	20.292	0.371	30.26819	-93.3168281
LA	22019002800	4536964	0	1.752	0.	30.2420841	-93.3765112
LA	22019002900	3122673	0	1.206	0.	30.226729	-93.3839478
LA	22019003000	5801041	0	2.24	0.	30.2262728	-93.3637541
LA	22019003101	5915975	0	2.284	0.	30.225656	-93.3373507
LA	22019003102	2735756	0	1.056	0.	30.2301396	-93.3176737
LA	22019003200	188829952	21109319	72.908	8.15	30.1120625	-93.3958207
LA	22019003300	31669623	134323	12.228	0.052	30.1767427	-93.3695892
LA	22019003400	353233074	5418291	136.384	2.092	30.1164243	-93.5457183
LA	22019003500	15282028	125892	5.9	0.049	30.1986358	-93.5798903
LA	22019003601	296663461	3738583	114.542	1.443	30.250903	-93.6111442
LA	22019003602	224178497	252064	86.556	0.097	30.3536444	-93.6536642
LA	22019980000	5386937	2339	2.08	0.001	30.2103581	-93.1437753
LA	22019980100	4434932	0	1.712	0.	30.1237016	-93.2201643
LA	22021000100	444016773	21606481	171.436	8.342	32.090382	-91.9949735
LA	22021000200	610492992	4441004	235.713	1.715	32.1191511	-92.2181371
LA	22021000300	317588671	3056711	122.622	1.18	31.9959904	-92.0854092
LA	22023970101	499980376	89733604	193.044	34.646	29.9784981	-93.0565711
LA	22023970102	1510894986	458721152	583.36	177.113	29.8252618	-92.8906
LA	22023970202	1036444366	278388001	400.173	107.486	29.914903	-93.6463871
LA	22023970203	279880079	139384651	108.062	53.817	29.9280023	-93.4738852
LA	22023990000	0	722662762	0.	279.022	29.7150465	-93.532746
LA	22025000100	1076882349	25534040	415.787	9.859	31.8076074	-91.8020287
LA	22025000200	23071437	972187	8.908	0.375	31.612761	-91.8435063
LA	22025000300	733633632	55038438	283.258	21.25	31.4835894	-91.9081707
LA	22027950100	707519078	30909943	273.175	11.934	32.859479	-92.863544
LA	22027950201	215772370	411809	83.31	0.159	32.8230758	-93.0991279
LA	22027950202	455289283	584410	175.788	0.226	32.9219064	-93.1108013
LA	22027950300	36398784	117748	14.054	0.045	32.9733816	-93.1320845
LA	22027950400	28165085	89478	10.875	0.035	32.7813594	-93.0640188
LA	22027950500	511763917	359835	197.593	0.139	32.6656828	-93.0235922
LA	22029000100	380479065	31480621	146.904	12.155	31.6854795	-91.5628404
LA	22029000201	18299689	845015	7.066	0.326	31.6546265	-91.5482481
LA	22029000202	31921281	492582	12.325	0.19	31.6012465	-91.5947858
LA	22029000300	61929329	3906713	23.911	1.508	31.5621376	-91.5067603
LA	22029000400	17667442	5371382	6.821	2.074	31.5728413	-91.4354922
LA	22029000500	1295287294	88002811	500.113	33.978	31.37583	-91.7211095
LA	22031950101	133972164	1230641	51.727	0.475	32.216529	-93.7925857
LA	22031950102	169960091	6515038	65.622	2.515	32.2733915	-93.6815088
LA	22031950103	72806583	561977	28.111	0.217	32.2711892	-93.7998393
LA	22031950200	407443287	2861311	157.315	1.105	32.0905144	-93.956799
LA	22031950300	651894516	18288446	251.698	7.061	32.066765	-93.6175014
LA	22031950400	71846723	652503	27.74	0.252	32.0512313	-93.7266832
LA	22031950500	114630954	626036	44.259	0.242	31.9550682	-93.7559768
LA	22031950600	46362213	228984	17.901	0.088	32.0086919	-93.6560643
LA	22031950700	601076042	16024333	232.077	6.187	31.9150953	-93.7322947
LA	22033000100	1916855	0	0.74	0.	30.5044263	-91.1609164
LA	22033000200	3894611	0	1.504	0.	30.4983574	-91.1377287
LA	22033000300	1741313	0	0.672	0.	30.4941177	-91.1622667
LA	22033000400	1730681	0	0.668	0.	30.4926837	-91.148568
LA	22033000500	2322096	0	0.897	0.	30.4791469	-91.1627052
LA	22033000601	1501356	0	0.58	0.	30.4830309	-91.1486504
LA	22033000602	2330206	0	0.9	0.	30.471841	-91.1480983
LA	22033000701	2117551	0	0.818	0.	30.4835077	-91.1291823
LA	22033000702	2555631	0	0.987	0.	30.4750399	-91.1259389
LA	22033000900	2162283	0	0.835	0.	30.4618762	-91.1613366
LA	22033001000	1897496	0	0.733	0.	30.4593335	-91.1473187
LA	22033001102	2820427	0	1.089	0.	30.4614265	-91.1089636
LA	22033001103	2347062	0	0.906	0.	30.4605926	-91.1338178
LA	22033001104	2589481	0	1.	0.	30.4601809	-91.1216807
LA	22033001600	1902086	0	0.734	0.	30.4457772	-91.1606736
LA	22033001700	3618897	0	1.397	0.	30.442325	-91.1456893
LA	22033001800	1845646	0	0.713	0.	30.4481224	-91.1254067
LA	22033001900	2996555	0	1.157	0.	30.4399773	-91.124432
LA	22033002000	5227971	0	2.019	0.	30.4406151	-91.0989209
LA	22033002200	941035	0	0.363	0.	30.4357964	-91.1740185
LA	22033002300	2058160	0	0.795	0.	30.4328783	-91.1590426
LA	22033002400	1795173	598773	0.693	0.231	30.428099	-91.1905324
LA	22033002500	1333440	24617	0.515	0.01	30.4260668	-91.174861
LA	22033002601	3740629	192518	1.444	0.074	30.4160639	-91.1567714
LA	22033002602	5602599	0	2.163	0.	30.4026562	-91.1308384
LA	22033002700	1613890	0	0.623	0.	30.4258882	-91.144983
LA	22033002801	2990687	577503	1.155	0.223	30.4146763	-91.1920106
LA	22033002802	1955124	783251	0.755	0.302	30.4126733	-91.1693278
LA	22033003000	35281553	9821350	13.622	3.792	30.5247612	-91.2445729
LA	22033003104	6761623	0	2.611	0.	30.5346098	-91.1715838
LA	22033003201	8689725	12514	3.355	0.005	30.5376815	-91.1349065
LA	22033003202	17533508	17538	6.77	0.007	30.5695383	-91.1127006
LA	22033003300	4883743	0	1.886	0.	30.5163583	-91.1630587
LA	22033003400	4491465	0	1.734	0.	30.5153329	-91.1349498
LA	22033003501	13410701	23166	5.178	0.009	30.5146203	-91.0946738
LA	22033003504	4324158	0	1.67	0.	30.5080467	-91.1108471
LA	22033003505	7942109	0	3.066	0.	30.4919646	-91.1066903
LA	22033003506	7635346	0	2.948	0.	30.4796487	-91.0799022
LA	22033003507	7143749	0	2.758	0.	30.4866526	-91.0458576
LA	22033003601	5795612	0	2.238	0.	30.4639904	-91.0874583
LA	22033003603	2008520	0	0.775	0.	30.4646603	-91.0648498
LA	22033003604	3049577	0	1.177	0.	30.4670053	-91.046822
LA	22033003701	4970789	0	1.919	0.	30.4445008	-91.0787114
LA	22033003702	2620061	0	1.012	0.	30.4480253	-91.0634788
LA	22033003703	5083310	0	1.963	0.	30.4506001	-91.0465011
LA	22033003804	5219498	0	2.015	0.	30.4041262	-91.0935781
LA	22033003806	7276270	0	2.809	0.	30.4147602	-91.1205128
LA	22033003807	3838207	0	1.482	0.	30.4267796	-91.1164875
LA	22033003808	2021824	0	0.781	0.	30.4155026	-91.0760288
LA	22033003809	3354763	0	1.295	0.	30.4255265	-91.0915644
LA	22033003810	2675586	0	1.033	0.	30.4030196	-91.0746582
LA	22033003811	5449872	0	2.104	0.	30.3905813	-91.0725094
LA	22033003907	3499528	85244	1.351	0.033	30.4209107	-91.0437466
LA	22033003908	5785893	28691	2.234	0.011	30.4219765	-91.0265843
LA	22033003909	3497699	73835	1.35	0.029	30.426433	-91.0618121
LA	22033003910	2465650	0	0.952	0.	30.4120098	-91.0589953
LA	22033003911	2005134	0	0.774	0.	30.4414693	-91.0324719
LA	22033003912	1147179	0	0.443	0.	30.4354231	-91.0496615
LA	22033003913	3706073	0	1.431	0.	30.4002226	-91.027577
LA	22033003914	2524122	0	0.975	0.	30.4031188	-91.0447547
LA	22033004010	4258488	0	1.644	0.	30.3570034	-91.0687637
LA	22033004013	4420202	669805	1.707	0.259	30.3959518	-91.19338
LA	22033004017	3830919	10946	1.479	0.004	30.3672201	-91.1099972
LA	22033004018	2149198	0	0.83	0.	30.3880074	-91.1031326
LA	22033004019	2980344	88894	1.151	0.034	30.361768	-91.086649
LA	22033004020	5081164	31605	1.962	0.012	30.3724345	-91.0906594
LA	22033004021	6576369	0	2.539	0.	30.3619833	-91.0522461
LA	22033004022	16147600	0	6.235	0.	30.3623828	-91.0298573
LA	22033004023	1272552	0	0.491	0.	30.3954979	-91.1726449
LA	22033004024	1928766	0	0.745	0.	30.3886612	-91.1888085
LA	22033004025	25126659	5192018	9.701	2.005	30.3649986	-91.2078165
LA	22033004026	32893011	1500337	12.7	0.579	30.3313961	-91.077796
LA	22033004027	7846548	51963	3.03	0.02	30.336819	-91.0447663
LA	22033004028	2276969	0	0.879	0.	30.3569813	-91.1175101
LA	22033004029	1634396	0	0.631	0.	30.3471718	-91.1296438
LA	22033004030	5127484	0	1.98	0.	30.3610133	-91.1404601
LA	22033004031	12286208	1503039	4.744	0.58	30.3543744	-91.1568248
LA	22033004201	13537881	13429	5.227	0.005	30.565497	-91.1532729
LA	22033004203	24795761	0	9.574	0.	30.5806869	-91.1873743
LA	22033004204	15138529	0	5.845	0.	30.6017563	-91.1412168
LA	22033004205	4810376	0	1.857	0.	30.5809785	-91.1507912
LA	22033004301	60758480	265799	23.459	0.103	30.5836713	-91.0801519
LA	22033004302	31683144	97721	12.233	0.038	30.5922186	-91.0227677
LA	22033004401	23665875	0	9.137	0.	30.5261624	-91.0550297
LA	22033004402	25717469	204722	9.93	0.079	30.5526984	-90.9937046
LA	22033004403	27505166	290356	10.62	0.112	30.5035754	-91.001755
LA	22033004503	11129241	115356	4.297	0.045	30.4722878	-91.0075833
LA	22033004504	7043965	0	2.72	0.	30.4517243	-91.0048605
LA	22033004507	4192964	0	1.619	0.	30.4046753	-91.0082367
LA	22033004509	10968303	0	4.235	0.	30.3744465	-91.0178796
LA	22033004511	9379144	274016	3.621	0.106	30.4250702	-90.987753
LA	22033004512	3968616	217970	1.532	0.084	30.4174309	-90.9880036
LA	22033004513	3881048	0	1.498	0.	30.3953664	-90.9923363
LA	22033004514	4297655	139478	1.659	0.054	30.4029025	-90.975148
LA	22033004515	31696973	796166	12.238	0.307	30.3629873	-90.9420571
LA	22033004516	5430049	0	2.097	0.	30.3735108	-90.9980607
LA	22033004602	53551649	15903	20.676	0.006	30.665437	-91.1264484
LA	22033004603	128170003	10634823	49.487	4.106	30.6101808	-91.2518745
LA	22033004605	28376657	34586	10.956	0.013	30.6889758	-91.1888018
LA	22033004606	15602550	0	6.024	0.	30.6318494	-91.1785114
LA	22033004700	209204155	2243219	80.774	0.866	30.6711132	-90.9796062
LA	22033004800	2199764	13058	0.849	0.005	30.4052468	-91.1601403
LA	22033004900	4859253	0	1.876	0.	30.3914077	-91.141484
LA	22033005000	3579166	0	1.382	0.	30.3815604	-91.1245134
LA	22033005100	4690582	1263509	1.811	0.488	30.4664588	-91.1865015
LA	22033005200	2081920	535939	0.804	0.207	30.4392842	-91.1867534
LA	22033005300	2653773	0	1.025	0.	30.4489775	-91.1735028
LA	22033980000	3696111	0	1.427	0.	30.5328786	-91.1514603
LA	22035000100	334641763	28457441	129.206	10.987	32.8997542	-91.2148469
LA	22035000200	745395124	27954247	287.799	10.793	32.6596022	-91.2459591
LA	22035000300	10055598	0	3.882	0.	32.7959911	-91.1970227
LA	22037951300	377184670	753916	145.632	0.291	30.9416457	-91.0014285
LA	22037951400	151916546	698996	58.655	0.27	30.8502357	-91.1580353
LA	22037951501	55381823	1732386	21.383	0.669	30.7109695	-91.2610767
LA	22037951502	249941257	539616	96.503	0.208	30.7752746	-91.1407112
LA	22037951600	339598634	2425693	131.12	0.937	30.8024422	-90.9465418
LA	22039950101	228036319	21488562	88.045	8.297	30.8161498	-92.3068079
LA	22039950102	184820164	6763415	71.359	2.611	30.8879183	-92.3766714
LA	22039950200	466157072	9442557	179.984	3.646	30.8101	-92.5040487
LA	22039950301	111524635	406100	43.06	0.157	30.6493824	-92.4826018
LA	22039950302	224409635	1806771	86.645	0.698	30.5461566	-92.5234669
LA	22039950401	8247565	0	3.184	0.	30.6406172	-92.413702
LA	22039950402	133017305	737362	51.358	0.285	30.6688651	-92.3801473
LA	22039950500	9104038	0	3.515	0.	30.7034613	-92.2946271
LA	22039950600	7141504	0	2.757	0.	30.6980435	-92.2727036
LA	22039950700	132851347	3597992	51.294	1.389	30.724067	-92.2260963
LA	22039950800	210377792	419424	81.227	0.162	30.6013764	-92.3112512
LA	22041950100	451835588	210225	174.455	0.081	32.3120261	-91.6190755
LA	22041950200	227535666	449038	87.852	0.173	32.1489956	-91.745248
LA	22041950300	23827323	160383	9.2	0.062	32.1714108	-91.7355883
LA	22041950400	502037408	8443810	193.838	3.26	32.0735313	-91.5800154
LA	22041950500	298273168	12935173	115.164	4.994	32.028182	-91.8240443
LA	22041950600	113416393	5851550	43.79	2.259	31.9423648	-91.708659
LA	22043020100	622190756	16431048	240.229	6.344	31.6794464	-92.4960788
LA	22043020200	339484725	25350026	131.076	9.788	31.6415625	-92.7769063
LA	22043020300	162706879	6033697	62.821	2.33	31.460754	-92.6605122
LA	22043020403	266737432	620282	102.988	0.239	31.546634	-92.5389341
LA	22043020404	158505581	5146412	61.199	1.987	31.5097685	-92.3367571
LA	22043020405	48266647	274663	18.636	0.106	31.4453662	-92.5107979
LA	22043020406	69413553	692251	26.801	0.267	31.4808507	-92.4243442
LA	22045030101	341731322	81798686	131.943	31.583	30.0078223	-91.4664415
LA	22045030102	43599088	1043593	16.834	0.403	29.96941	-91.7064536
LA	22045030201	69843150	343528	26.967	0.133	30.079639	-91.7349559
LA	22045030202	109159675	1203173	42.147	0.465	30.0303171	-91.6922228
LA	22045030301	43083904	2520739	16.635	0.973	30.0365848	-91.8813307
LA	22045030303	40225254	161118	15.531	0.062	30.023712	-91.9393985
LA	22045030304	91260026	6894531	35.236	2.662	29.9253835	-91.9504231
LA	22045030401	117904423	3163232	45.523	1.221	29.8896	-91.8670986
LA	22045030402	32709344	32744	12.629	0.013	29.9891168	-91.8851055
LA	22045030500	6503815	8308	2.511	0.003	30.0280025	-91.8217714
LA	22045030601	9064204	246969	3.5	0.095	30.0266187	-91.7967819
LA	22045030602	10742616	306621	4.148	0.118	30.0053375	-91.7722664
LA	22045030700	2673781	83617	1.032	0.032	30.0110785	-91.8072147
LA	22045030800	1225415	0	0.473	0.	30.0106095	-91.8337105
LA	22045030900	1391047	0	0.537	0.	30.0007663	-91.8363669
LA	22045031000	1944583	0	0.751	0.	29.99784	-91.819842
LA	22045031101	3465431	0	1.338	0.	29.9866104	-91.8058113
LA	22045031102	2813558	169588	1.086	0.065	30.0006067	-91.8071036
LA	22045031200	4912784	0	1.897	0.	29.9890565	-91.8329112
LA	22045031301	93906967	1698985	36.258	0.656	29.9023975	-91.8002032
LA	22045031302	29762449	1447	11.491	0.001	29.9631121	-91.7596249
LA	22045031600	430649626	669233401	166.275	258.392	29.6054384	-91.8040449
LA	22045990000	0	437047769	0.	168.745	29.4382715	-91.7775824
LA	22047952600	221565424	9833293	85.547	3.797	30.4398986	-91.556618
LA	22047952701	517472131	20108668	199.797	7.764	30.3100555	-91.4397654
LA	22047952702	17684638	5292836	6.828	2.044	30.320768	-91.2224555
LA	22047952901	362384338	14332032	139.917	5.534	30.1403231	-91.3845356
LA	22047952902	98974043	5997087	38.214	2.315	30.1779059	-91.1893733
LA	22047953000	213252393	7606479	82.337	2.937	30.1123406	-91.1815087
LA	22047953101	8934456	50200	3.45	0.019	30.2689429	-91.2414561
LA	22047953102	29730721	5326064	11.479	2.056	30.2606697	-91.1606478
LA	22047953200	132477894	20112787	51.15	7.766	30.2706837	-91.0844121
LA	22049970100	679389263	1775466	262.314	0.686	32.3279236	-92.4682867
LA	22049970200	276659486	3814814	106.819	1.473	32.3617072	-92.705667
LA	22049970300	426455183	22476895	164.655	8.678	32.226336	-92.6060355
LA	22049970400	47622222	298172	18.387	0.115	32.230736	-92.6745286
LA	22049970500	44555311	282070	17.203	0.109	32.2524138	-92.7291331
LA	22051020204	1374082	296200	0.531	0.114	30.0191787	-90.1698733
LA	22051020205	647521	0	0.25	0.	30.0091279	-90.1618854
LA	22051020206	1706957	0	0.659	0.	30.00979	-90.1717167
LA	22051020304	2109952	301981	0.815	0.117	30.0244213	-90.2092046
LA	22051020305	1781568	382483	0.688	0.148	30.0221784	-90.1908703
LA	22051020400	1146326	0	0.443	0.	30.0243696	-90.2198987
LA	22051020502	2769825	159447	1.069	0.062	30.0263176	-90.242281
LA	22051020505	863347	0	0.333	0.	30.0107061	-90.2552321
LA	22051020506	1765007	0	0.681	0.	30.0129335	-90.2337381
LA	22051020507	1442334	0	0.557	0.	30.0170566	-90.2556957
LA	22051020511	1051213	0	0.406	0.	30.0359073	-90.2547376
LA	22051020512	1850658	38406	0.715	0.015	30.026672	-90.25345
LA	22051020513	1481096	133245	0.572	0.051	30.0295191	-90.2343266
LA	22051020514	1610492	185101	0.622	0.071	30.0290723	-90.2275045
LA	22051020515	1388421	72048	0.536	0.028	30.017129	-90.2742739
LA	22051020516	1201968	0	0.464	0.	30.0133136	-90.2685179
LA	22051020517	2201438	534570	0.85	0.206	30.0443903	-90.2618714
LA	22051020518	1398620	0	0.54	0.	30.0335988	-90.2761235
LA	22051020519	2331698	40382	0.9	0.016	30.0316515	-90.2665232
LA	22051020600	3513546	0	1.357	0.	30.0030967	-90.2626372
LA	22051021000	1578299	0	0.609	0.	29.9850813	-90.2424525
LA	22051021100	1121581	0	0.433	0.	29.9938796	-90.2394601
LA	22051021200	1289389	0	0.498	0.	30.0019412	-90.237435
LA	22051021300	1654163	0	0.639	0.	30.004988	-90.2253143
LA	22051021400	732882	0	0.283	0.	30.0153242	-90.2180587
LA	22051021500	856048	0	0.331	0.	30.0085224	-90.2158362
LA	22051021601	1447650	102894	0.559	0.04	30.0006985	-90.2128916
LA	22051021602	639723	0	0.247	0.	29.9975734	-90.1987891
LA	22051022601	1196344	0	0.462	0.	29.9834761	-90.1419274
LA	22051023003	1131467	0	0.437	0.	29.98914	-90.1955547
LA	22051023004	1806971	0	0.698	0.	29.9886194	-90.1831615
LA	22051023300	709903	0	0.274	0.	29.9866738	-90.2064399
LA	22051023400	1246606	0	0.481	0.	29.9922585	-90.2099668
LA	22051023500	1676249	0	0.647	0.	29.9914452	-90.2245906
LA	22051023600	1907944	0	0.737	0.	29.9826947	-90.2251275
LA	22051023700	1097223	0	0.424	0.	29.9766514	-90.2242418
LA	22051023800	1720367	483238	0.664	0.187	29.9716252	-90.2298285
LA	22051023901	1146001	0	0.442	0.	29.9517237	-90.2090897
LA	22051023902	1483881	0	0.573	0.	29.9612859	-90.2126638
LA	22051023903	1279703	4236	0.494	0.002	29.9699347	-90.2148328
LA	22051023904	1617504	1456670	0.625	0.562	29.9473143	-90.2189908
LA	22051024001	1189506	0	0.459	0.	29.9422118	-90.2065866
LA	22051024002	2500782	1234216	0.966	0.477	29.9312672	-90.2022639
LA	22051024100	1439323	0	0.556	0.	29.949169	-90.2014245
LA	22051024202	7157166	687173	2.763	0.265	29.9531852	-90.1902899
LA	22051024300	2478086	232585	0.957	0.09	29.9582007	-90.1754893
LA	22051024400	1146628	0	0.443	0.	29.9665934	-90.1674563
LA	22051024500	1207498	327562	0.466	0.126	29.9603664	-90.1639936
LA	22051024601	681071	0	0.263	0.	29.9665913	-90.1566117
LA	22051024700	736224	303222	0.284	0.117	29.9618313	-90.1510098
LA	22051024801	2340876	14724	0.904	0.006	29.9762928	-90.1332417
LA	22051024900	2237401	602438	0.864	0.233	29.959991	-90.1408587
LA	22051025002	1292635	0	0.499	0.	29.9118007	-90.028513
LA	22051025003	1256470	0	0.485	0.	29.8962188	-90.026574
LA	22051025004	1569514	31523	0.606	0.012	29.8916884	-90.017145
LA	22051025005	1397291	52720	0.539	0.02	29.9042092	-90.0190163
LA	22051025102	3052819	81594	1.179	0.032	29.8822369	-90.0392365
LA	22051025103	1925814	0	0.744	0.	29.8817291	-90.0271585
LA	22051025104	1161595	0	0.448	0.	29.8718911	-90.0286171
LA	22051025201	1470394	0	0.568	0.	29.916636	-90.0378243
LA	22051025202	1882493	0	0.727	0.	29.9028009	-90.0364806
LA	22051025300	1332002	0	0.514	0.	29.909321	-90.0463968
LA	22051025400	1958364	34199	0.756	0.013	29.892165	-90.048463
LA	22051025500	873443	0	0.337	0.	29.9015429	-90.0562453
LA	22051025600	1012483	0	0.391	0.	29.9133228	-90.056472
LA	22051025700	1006845	0	0.389	0.	29.9235307	-90.0464711
LA	22051025800	1205651	565580	0.466	0.218	29.932408	-90.0536765
LA	22051025900	1564316	559662	0.604	0.216	29.9193653	-90.061319
LA	22051026000	2406882	611164	0.929	0.236	29.9091151	-90.0744227
LA	22051026100	2180324	0	0.842	0.	29.8964121	-90.0643887
LA	22051026200	1901303	165659	0.734	0.064	29.8850138	-90.0711463
LA	22051026300	2751291	341400	1.062	0.132	29.8965346	-90.0861292
LA	22051026400	671444	0	0.259	0.	29.8875945	-90.0880367
LA	22051026500	1089074	0	0.42	0.	29.8891392	-90.0952452
LA	22051026600	1384284	359740	0.534	0.139	29.9035965	-90.0958281
LA	22051026700	2109838	2703	0.815	0.001	29.889917	-90.1026221
LA	22051026800	1329948	0	0.513	0.	29.8896767	-90.1107879
LA	22051026900	2592340	1077113	1.001	0.416	29.8970936	-90.1177771
LA	22051027000	2526939	0	0.976	0.	29.8926484	-90.1264458
LA	22051027100	2614442	85371	1.009	0.033	29.8945064	-90.1521499
LA	22051027200	2313079	0	0.893	0.	29.9036	-90.141707
LA	22051027501	15740794	3454935	6.078	1.334	29.9442792	-90.2509539
LA	22051027502	13008097	100045	5.022	0.039	29.9228324	-90.2480546
LA	22051027601	23581505	3307671	9.105	1.277	29.8949935	-90.2336686
LA	22051027602	33831574	8901130	13.062	3.437	29.8800474	-90.1743683
LA	22051027701	18917587	798012	7.304	0.308	29.8733638	-90.1441113
LA	22051027703	1398804	43896	0.54	0.017	29.8565552	-90.1153151
LA	22051027803	3403580	1925	1.314	0.001	29.8824775	-90.0569097
LA	22051027806	3207991	0	1.239	0.	29.868302	-90.10506
LA	22051027810	1474785	0	0.569	0.	29.8589897	-90.0827567
LA	22051027811	1007532	0	0.389	0.	29.8612322	-90.0768091
LA	22051027812	11866970	1290646	4.582	0.498	29.8485253	-90.0672983
LA	22051027813	2545631	737	0.983	0.	29.8575253	-90.0305532
LA	22051027814	2178027	5206	0.841	0.002	29.8600796	-90.0418337
LA	22051027815	2868295	114576	1.107	0.044	29.8467215	-90.0514335
LA	22051027816	3848758	148143	1.486	0.057	29.863606	-90.058419
LA	22051027817	4052276	0	1.565	0.	29.8542256	-90.096995
LA	22051027818	4054720	63660	1.566	0.025	29.8756512	-90.0866603
LA	22051027819	21722967	449087	8.387	0.173	29.8084604	-90.091652
LA	22051027820	2170246	0	0.838	0.	29.8401053	-90.1093999
LA	22051027903	285648202	357979186	110.289	138.217	29.552043	-90.045364
LA	22051027904	78419768	26399016	30.278	10.193	29.704428	-90.141456
LA	22051028000	52485459	30497273	20.265	11.775	29.809263	-90.1383083
LA	22051028200	14167424	5004031	5.47	1.932	29.9227436	-90.1622868
LA	22051028300	4764723	1761357	1.84	0.68	29.9773625	-90.2615414
LA	22051028400	2042284	0	0.789	0.	29.9876453	-90.1667917
LA	22051028500	1474003	0	0.569	0.	30.0074716	-90.1319176
LA	22051028600	1390778	22218	0.537	0.009	29.9982112	-90.136823
LA	22051028700	967328	433606	0.373	0.167	30.0146505	-90.1251799
LA	22051028800	1014663	0	0.392	0.	29.9947389	-90.1551172
LA	22051028900	6088206	5922	2.351	0.002	29.974304	-90.1705883
LA	22051029000	1319842	0	0.51	0.	29.9792189	-90.1787451
LA	22051029100	1952421	0	0.754	0.	29.980587	-90.2004304
LA	22051029200	1486362	0	0.574	0.	29.9895848	-90.1455593
LA	22051029300	1568364	72091	0.606	0.028	29.9913203	-90.1296249
LA	22051029400	1544412	0	0.596	0.	30.0164992	-90.138361
LA	22051029500	1749432	0	0.675	0.	30.0080141	-90.1445728
LA	22051029600	631430	0	0.244	0.	29.9956471	-90.1705634
LA	22051029700	826410	0	0.319	0.	30.0010844	-90.1710111
LA	22051029800	1710033	0	0.66	0.	30.0024543	-90.1910945
LA	22051029900	839497	0	0.324	0.	29.9964845	-90.1847598
LA	22051030000	787889	0	0.304	0.	29.9788537	-90.1643843
LA	22051030100	2178711	0	0.841	0.	30.0108331	-90.187879
LA	22051030200	1830591	0	0.707	0.	30.0116714	-90.2043032
LA	22051030300	2602202	546569	1.005	0.211	30.0107118	-90.1540066
LA	22051980000	4939054	16725	1.907	0.006	29.9916574	-90.2581162
LA	22051990000	0	242819094	0.	93.753	30.1039186	-90.1886766
LA	22051990100	0	187832903	0.	72.523	29.1891317	-89.9804052
LA	22053000100	516024304	880362	199.238	0.34	30.3838935	-92.7458148
LA	22053000200	602185997	6933211	232.505	2.677	30.2420291	-92.9346603
LA	22053000300	217194096	474575	83.859	0.183	30.2506785	-92.8151149
LA	22053000401	6708840	2335142	2.59	0.902	30.0810408	-92.6752101
LA	22053000402	306290907	7653514	118.26	2.955	30.142523	-92.7092701
LA	22053000500	12603423	0	4.866	0.	30.2363118	-92.6574119
LA	22053000600	9305744	0	3.593	0.	30.2142941	-92.6747033
LA	22053000700	17116830	390113	6.609	0.151	30.2092846	-92.6159763
LA	22055000100	2154244	0	0.832	0.	30.2248618	-92.019402
LA	22055000200	2283976	0	0.882	0.	30.219989	-92.0033658
LA	22055000500	2796846	0	1.08	0.	30.2153844	-92.03408
LA	22055000602	3822406	0	1.476	0.	30.2264719	-92.0448716
LA	22055000603	3518513	0	1.359	0.	30.2217517	-92.066911
LA	22055000605	1307440	0	0.505	0.	30.2147053	-92.0547902
LA	22055000606	2037426	0	0.787	0.	30.2058205	-92.0678091
LA	22055000700	6614243	0	2.554	0.	30.2398679	-92.0524432
LA	22055000800	1664389	0	0.643	0.	30.2360142	-92.0258425
LA	22055000900	1033643	0	0.399	0.	30.2476177	-92.0293581
LA	22055001001	22020273	0	8.502	0.	30.271613	-92.04325
LA	22055001002	4646371	0	1.794	0.	30.2803914	-92.0142203
LA	22055001003	12734998	29297	4.917	0.011	30.2808004	-91.9866048
LA	22055001100	4911175	0	1.896	0.	30.2472597	-92.0146813
LA	22055001201	6892249	0	2.661	0.	30.2431945	-91.9833201
LA	22055001202	9120852	0	3.522	0.	30.2608557	-91.9852826
LA	22055001301	9918377	107795	3.83	0.042	30.22064	-91.9714183
LA	22055001302	1837904	0	0.71	0.	30.2283531	-91.9951888
LA	22055001403	7440447	165416	2.873	0.064	30.1469105	-92.0530966
LA	22055001408	33125845	0	12.79	0.	30.1677673	-91.933211
LA	22055001412	6265231	87616	2.419	0.034	30.1601133	-92.07235
LA	22055001413	7615625	129027	2.94	0.05	30.1360795	-92.0966678
LA	22055001414	10476888	0	4.045	0.	30.115953	-92.0444842
LA	22055001415	22816739	83421	8.81	0.032	30.0989517	-92.0604758
LA	22055001416	3868226	0	1.494	0.	30.1425131	-92.0217139
LA	22055001417	10803308	0	4.171	0.	30.1263627	-92.0121124
LA	22055001418	2731216	0	1.055	0.	30.1646581	-92.0143311
LA	22055001419	5423375	0	2.094	0.	30.1558815	-92.0030132
LA	22055001420	2861717	0	1.105	0.	30.1771476	-92.016587
LA	22055001421	4212674	0	1.627	0.	30.1591192	-92.0333972
LA	22055001422	2426183	0	0.937	0.	30.1677508	-92.0466786
LA	22055001423	3650900	0	1.41	0.	30.1817505	-92.0292379
LA	22055001424	7545737	0	2.913	0.	30.1389233	-91.9776307
LA	22055001425	21520335	101253	8.309	0.039	30.1387028	-91.9457475
LA	22055001426	11495913	0	4.439	0.	30.1099558	-91.9877194
LA	22055001427	27329307	0	10.552	0.	30.0788665	-91.9670161
LA	22055001428	23533700	0	9.086	0.	30.0800383	-92.0114619
LA	22055001500	5415224	0	2.091	0.	30.1985775	-92.028336
LA	22055001600	2445531	0	0.944	0.	30.1889826	-92.045317
LA	22055001700	5121413	0	1.977	0.	30.1793141	-92.0586741
LA	22055001801	1857668	0	0.717	0.	30.190074	-92.069267
LA	22055001802	2290863	0	0.885	0.	30.2038449	-92.0547195
LA	22055001903	15960258	0	6.162	0.	30.1963572	-92.1170634
LA	22055001904	5259592	0	2.031	0.	30.1958927	-92.0836178
LA	22055001905	32313441	0	12.476	0.	30.1542364	-92.1177908
LA	22055001906	38011374	0	14.676	0.	30.1828463	-92.1588932
LA	22055001907	74087471	36059	28.605	0.014	30.1770902	-92.2183888
LA	22055001908	6231605	0	2.406	0.	30.2227017	-92.0872045
LA	22055001909	10801656	0	4.171	0.	30.2234633	-92.1204544
LA	22055002001	44099175	42133	17.027	0.016	30.263807	-92.1385924
LA	22055002003	9907219	0	3.825	0.	30.2525199	-92.0822631
LA	22055002004	14881862	0	5.746	0.	30.2745865	-92.0863646
LA	22055002101	19433052	0	7.503	0.	30.3094942	-92.0888746
LA	22055002102	23127141	0	8.929	0.	30.3426278	-92.0635388
LA	22055002103	11134337	0	4.299	0.	30.3091543	-92.0285388
LA	22055002105	21451925	93815	8.283	0.036	30.3262439	-92.0085862
LA	22055002106	34375102	273295	13.272	0.106	30.3295573	-91.9722834
LA	22055002200	3593007	0	1.387	0.	30.2091309	-92.020667
LA	22057020100	1705954	0	0.659	0.	29.7925036	-90.8281163
LA	22057020202	10890397	0	4.205	0.	29.7722294	-90.7903449
LA	22057020400	1706637	0	0.659	0.	29.7848824	-90.8159256
LA	22057020500	9268512	0	3.579	0.	29.77796	-90.8421651
LA	22057020600	1744069	0	0.673	0.	29.7956758	-90.8434999
LA	22057020702	117056749	37653	45.196	0.015	29.7620859	-90.9227012
LA	22057020703	29549830	0	11.409	0.	29.8167965	-90.8033155
LA	22057020704	126886322	0	48.991	0.	29.8625858	-90.8379692
LA	22057020800	210441557	5277381	81.252	2.038	29.836012	-90.6967232
LA	22057020900	28130005	69335	10.861	0.027	29.7464247	-90.6610709
LA	22057021000	551659583	31105907	212.997	12.01	29.7172002	-90.4689504
LA	22057021101	514755724	292065413	198.748	112.767	29.3216363	-90.1512483
LA	22057021102	268215750	98564759	103.559	38.056	29.5936436	-90.2501427
LA	22057021200	334384326	415138602	129.107	160.286	29.1938568	-90.299355
LA	22057021300	10683378	1864543	4.125	0.72	29.3907205	-90.2826535
LA	22057021400	51180406	865885	19.761	0.334	29.5193595	-90.3721527
LA	22057021500	15517349	600546	5.991	0.232	29.5714141	-90.3752816
LA	22057021602	211634094	8403036	81.712	3.244	29.5396531	-90.4893808
LA	22057021603	109899527	8035502	42.432	3.103	29.6418523	-90.626843
LA	22057021604	13997567	0	5.404	0.	29.6803835	-90.5590465
LA	22057021700	10573244	359484	4.082	0.139	29.6342743	-90.5413044
LA	22057021800	10223538	0	3.947	0.	29.7124661	-90.5966651
LA	22057021902	75064266	60838	28.982	0.023	29.7271412	-90.6879421
LA	22057021903	43138210	105052	16.656	0.041	29.7061825	-90.738654
LA	22057021904	4811446	0	1.858	0.	29.6603682	-90.6904498
LA	22057022000	2452864	0	0.947	0.	29.7907611	-90.8077254
LA	22057990000	0	175089641	0.	67.602	29.0601141	-90.2387417
LA	22059970100	474941197	522843	183.376	0.202	31.844139	-92.1406428
LA	22059970200	109974505	471570	42.461	0.182	31.7208379	-92.1140513
LA	22059970300	1033447536	96661211	399.016	37.321	31.6097332	-92.1689518
LA	22061960100	315424995	583331	121.786	0.225	32.6900151	-92.6738038
LA	22061960200	387974829	315383	149.798	0.122	32.572577	-92.7977292
LA	22061960300	35860475	0	13.846	0.	32.5431609	-92.7069938
LA	22061960401	7253135	0	2.8	0.	32.5388449	-92.6586659
LA	22061960402	8027339	0	3.099	0.	32.5593329	-92.6540416
LA	22061960500	13743631	0	5.306	0.	32.5571332	-92.6246536
LA	22061960600	50137661	117696	19.358	0.045	32.5354033	-92.5790296
LA	22061960701	193801297	425939	74.827	0.164	32.5592106	-92.4762101
LA	22061960702	132952296	217069	51.333	0.084	32.6525298	-92.5501406
LA	22061960800	26554843	195618	10.253	0.076	32.4701686	-92.6395622
LA	22061960900	2609697	0	1.008	0.	32.5205428	-92.6346594
LA	22061961000	47192198	42670	18.221	0.016	32.4887072	-92.6906841
LA	22063040101	33827488	9509	13.061	0.004	30.4885139	-90.6168643
LA	22063040102	31934405	0	12.33	0.	30.5456537	-90.5898261
LA	22063040103	105540328	65342	40.749	0.025	30.5845617	-90.6189502
LA	22063040202	254670933	362490	98.329	0.14	30.5753157	-90.7189234
LA	22063040203	80836616	16238	31.211	0.006	30.5706954	-90.8039958
LA	22063040204	66257301	126164	25.582	0.049	30.4657885	-90.7751236
LA	22063040304	35586328	0	13.74	0.	30.5601778	-90.8840333
LA	22063040305	50047195	446498	19.323	0.172	30.6072382	-90.9073614
LA	22063040306	16542602	566894	6.387	0.219	30.5720195	-90.967706
LA	22063040307	7144685	0	2.759	0.	30.5878205	-90.9381182
LA	22063040308	17281819	0	6.673	0.	30.561312	-90.934121
LA	22063040403	11542558	0	4.457	0.	30.5106548	-90.893504
LA	22063040404	8508284	0	3.285	0.	30.4809073	-90.8784555
LA	22063040405	17942926	68076	6.928	0.026	30.4869857	-90.8268084
LA	22063040406	25110713	12707	9.695	0.005	30.5112095	-90.8468338
LA	22063040501	9445088	202152	3.647	0.078	30.5175967	-90.9709806
LA	22063040502	14819862	0	5.722	0.	30.5225815	-90.9258066
LA	22063040503	15356526	0	5.929	0.	30.4803963	-90.9171585
LA	22063040601	5564139	0	2.148	0.	30.4954452	-90.9485199
LA	22063040602	6695236	0	2.585	0.	30.4791802	-90.9427647
LA	22063040700	11211813	236316	4.329	0.091	30.4706661	-90.9681572
LA	22063040805	11470672	4966	4.429	0.002	30.4508392	-90.9347179
LA	22063040807	25221647	494575	9.738	0.191	30.3677491	-90.8886372
LA	22063040808	44773139	814453	17.287	0.314	30.3896639	-90.936273
LA	22063040809	78590924	285599	30.344	0.11	30.361393	-90.7932775
LA	22063040810	78695323	1544870	30.384	0.596	30.303731	-90.7457448
LA	22063040811	60436585	65578	23.335	0.025	30.4275299	-90.8058731
LA	22063040812	19329488	132254	7.463	0.051	30.4610198	-90.882622
LA	22063040813	6694938	0	2.585	0.	30.4083809	-90.8641765
LA	22063040814	17505673	0	6.759	0.	30.4177658	-90.8940482
LA	22063040903	50363729	186368	19.446	0.072	30.4626041	-90.6233323
LA	22063040904	181795924	2175226	70.192	0.84	30.3933971	-90.6304843
LA	22063040905	116148642	3371256	44.845	1.302	30.2422527	-90.6978346
LA	22063040906	161759165	100987889	62.456	38.992	30.2589412	-90.6066246
LA	22065960100	455753389	62919008	175.967	24.293	32.3529253	-91.0448055
LA	22065960200	1151554956	5541368	444.618	2.14	32.3662154	-91.3320951
LA	22065960300	2300605	0	0.888	0.	32.4181919	-91.1934644
LA	22065960400	2706740	0	1.045	0.	32.4147398	-91.1787991
LA	22065960500	3539258	0	1.367	0.	32.3967917	-91.1914957
LA	22067950100	707769013	5234105	273.271	2.021	32.9121948	-91.6484038
LA	22067950200	270323076	105440	104.372	0.041	32.914716	-91.8783294
LA	22067950300	382459531	16924715	147.668	6.535	32.8550504	-91.9996998
LA	22067950400	4527816	105190	1.748	0.041	32.7830715	-91.9289681
LA	22067950500	7603200	0	2.936	0.	32.7799664	-91.9028036
LA	22067950600	463499659	3706818	178.958	1.431	32.6872703	-91.7477497
LA	22067950700	213601569	2811778	82.472	1.086	32.6636997	-91.8952257
LA	22067950800	9126853	0	3.524	0.	32.7654252	-91.9320403
LA	22069000100	662985966	52068800	255.98	20.104	31.9924749	-93.0082707
LA	22069000200	213045598	24034300	82.257	9.28	31.9229208	-93.1094709
LA	22069000300	569988507	11595239	220.074	4.477	31.8196344	-93.2917197
LA	22069000400	26681519	2227172	10.302	0.86	31.8006032	-93.0843173
LA	22069000500	6937297	234463	2.679	0.091	31.7632005	-93.0766319
LA	22069000601	12974174	351629	5.009	0.136	31.7301989	-93.0923162
LA	22069000602	30946952	2448174	11.949	0.945	31.7564815	-93.0429529
LA	22069000700	3423020	58849	1.322	0.023	31.7590259	-93.0952026
LA	22069000800	712649072	5445337	275.155	2.102	31.5995002	-93.1829787
LA	22069000901	120445076	5725967	46.504	2.211	31.6820412	-93.0161197
LA	22069000902	885199669	16359095	341.778	6.316	31.5055466	-92.9952532
LA	22071000100	717245	505586	0.277	0.195	29.9532061	-90.0521978
LA	22071000200	499389	167245	0.193	0.065	29.9459372	-90.0528397
LA	22071000300	634745	0	0.245	0.	29.9409498	-90.0489913
LA	22071000400	1496645	200524	0.578	0.077	29.9468233	-90.042528
LA	22071000601	485434	0	0.187	0.	29.9327828	-90.0409526
LA	22071000602	1657011	0	0.64	0.	29.9374946	-90.0334521
LA	22071000603	572760	0	0.221	0.	29.9301567	-90.0255753
LA	22071000604	1677098	0	0.648	0.	29.9329328	-90.0200224
LA	22071000605	1744349	1011032	0.673	0.39	29.9475265	-90.0265146
LA	22071000606	1776178	616196	0.686	0.238	29.9331065	-90.0083102
LA	22071000607	1828321	822841	0.706	0.318	29.9293879	-89.9946552
LA	22071000611	2022697	1136014	0.781	0.439	29.9187756	-89.9774858
LA	22071000612	17468999	4921896	6.745	1.9	29.9035164	-89.930076
LA	22071000615	963027	0	0.372	0.	29.9202791	-90.006853
LA	22071000616	1881753	0	0.727	0.	29.9156152	-89.9936335
LA	22071000617	1201874	277641	0.464	0.107	29.901238	-89.994086
LA	22071000618	3994002	178372	1.542	0.069	29.9064179	-90.0043916
LA	22071000619	2065478	4252	0.797	0.002	29.9214281	-90.0285604
LA	22071000620	733388	0	0.283	0.	29.9195457	-90.0184776
LA	22071000701	1014694	130459	0.392	0.05	29.97184	-90.02174
LA	22071000702	1150222	738747	0.444	0.285	29.9544794	-90.0172152
LA	22071000800	614812	0	0.237	0.	29.9596374	-90.0198758
LA	22071000901	943207	0	0.364	0.	29.9669179	-90.0049754
LA	22071000902	851301	0	0.329	0.	29.9743449	-90.0109417
LA	22071000903	702714	0	0.271	0.	29.9686378	-90.0132915
LA	22071000904	562719	0	0.217	0.	29.9636785	-90.0152401
LA	22071001100	1632133	712281	0.63	0.275	29.9671228	-90.0302709
LA	22071001200	732101	367648	0.283	0.142	29.9622293	-90.0464417
LA	22071001301	582519	0	0.225	0.	29.9692394	-90.041253
LA	22071001302	296707	0	0.115	0.	29.9697381	-90.0344719
LA	22071001401	815754	0	0.315	0.	29.9805154	-90.0374698
LA	22071001402	637786	0	0.246	0.	29.9747063	-90.0368131
LA	22071001500	814106	0	0.314	0.	29.9759416	-90.0457403
LA	22071001600	143237	0	0.055	0.	29.9817483	-90.0322142
LA	22071001701	2398046	190246	0.926	0.073	30.0221099	-90.0403812
LA	22071001702	1850090	65900	0.714	0.025	30.0085155	-90.035541
LA	22071001720	3296944	233905	1.273	0.09	30.0215659	-90.0257248
LA	22071001723	2042912	6907	0.789	0.003	30.0203438	-89.979535
LA	22071001724	3762914	3409392	1.453	1.316	30.0411792	-90.0257225
LA	22071001736	1994906	0	0.77	0.	30.0296814	-89.9811442
LA	22071001737	1056156	598929	0.408	0.231	30.0514962	-89.9778064
LA	22071001739	897850	69797	0.347	0.027	30.0435533	-89.9720493
LA	22071001740	2315115	88598	0.894	0.034	30.055464	-89.9528991
LA	22071001741	1649655	130343	0.637	0.05	30.0407038	-89.934992
LA	22071001743	906560	187329	0.35	0.072	30.0304833	-90.0044103
LA	22071001744	1316509	0	0.508	0.	30.0364871	-89.986661
LA	22071001745	1349507	793799	0.521	0.306	30.0586044	-89.9655535
LA	22071001746	1713442	1118615	0.662	0.432	30.0686983	-89.9502625
LA	22071001747	7119930	344001	2.749	0.133	30.0414373	-89.9549478
LA	22071001748	2067053	0	0.798	0.	30.0254915	-89.9554344
LA	22071001749	928587	36529	0.359	0.014	30.040644	-89.9231248
LA	22071001750	1437944	166340	0.555	0.064	30.0384832	-89.9176831
LA	22071001751	42200749	4725188	16.294	1.824	30.0292981	-89.910611
LA	22071001752	1225436	0	0.473	0.	30.0177331	-89.9951069
LA	22071001753	1348820	0	0.521	0.	30.016741	-90.0071003
LA	22071001754	865485	0	0.334	0.	30.0442165	-89.9871234
LA	22071001755	1317929	1573439	0.509	0.608	30.0432213	-89.9985737
LA	22071001756	671616	0	0.259	0.	30.0258441	-89.9964119
LA	22071001757	643875	68915	0.249	0.027	30.0235121	-90.0116258
LA	22071001758	169948955	95735784	65.618	36.964	30.0986674	-89.7948284
LA	22071001800	455782	64665	0.176	0.025	29.9642977	-90.0534698
LA	22071001900	398501	0	0.154	0.	29.9714928	-90.0533552
LA	22071002000	406537	0	0.157	0.	29.9759685	-90.0528325
LA	22071002100	315069	0	0.122	0.	29.9804164	-90.0545553
LA	22071002200	352578	0	0.136	0.	29.9814518	-90.0492401
LA	22071002300	1832201	5283	0.707	0.002	29.9884215	-90.0565313
LA	22071002401	714149	0	0.276	0.	29.9951852	-90.0553504
LA	22071002402	849627	0	0.328	0.	29.9986298	-90.0498982
LA	22071002501	967211	0	0.373	0.	30.0192833	-90.0574592
LA	22071002502	948301	0	0.366	0.	30.0198679	-90.0505262
LA	22071002503	800919	0	0.309	0.	30.0072881	-90.0568664
LA	22071002504	785450	0	0.303	0.	30.0081072	-90.0498773
LA	22071002600	325493	0	0.126	0.	29.9656124	-90.0592504
LA	22071002700	365252	0	0.141	0.	29.9707488	-90.0607774
LA	22071002800	452855	0	0.175	0.	29.9790288	-90.0669986
LA	22071002900	403726	0	0.156	0.	29.9757581	-90.0609919
LA	22071003000	370030	0	0.143	0.	29.9810103	-90.0614724
LA	22071003100	373869	0	0.144	0.	29.9848278	-90.065369
LA	22071003301	1368331	50436	0.528	0.019	30.0161593	-90.0784853
LA	22071003302	1682319	80725	0.65	0.031	30.0053074	-90.0783468
LA	22071003303	750503	26468	0.29	0.01	30.0197094	-90.0661384
LA	22071003304	850429	31605	0.328	0.012	30.0121346	-90.0656071
LA	22071003307	669363	0	0.258	0.	29.9973702	-90.0711219
LA	22071003308	1736113	54582	0.67	0.021	29.9990171	-90.0638751
LA	22071003400	373145	0	0.144	0.	29.9706591	-90.0667026
LA	22071003500	303237	0	0.117	0.	29.9750828	-90.0707892
LA	22071003600	385316	0	0.149	0.	29.9781089	-90.0736169
LA	22071003701	931390	25309	0.36	0.01	29.988235	-90.0794214
LA	22071003702	1302982	0	0.503	0.	29.9831708	-90.0778163
LA	22071003800	375389	129972	0.145	0.05	29.9606478	-90.06011
LA	22071003900	587302	0	0.227	0.	29.9641212	-90.0691611
LA	22071004000	499488	0	0.193	0.	29.971154	-90.0745675
LA	22071004100	460574	21448	0.178	0.008	29.978085	-90.0846362
LA	22071004401	437252	0	0.169	0.	29.9687044	-90.0778452
LA	22071004402	263255	0	0.102	0.	29.9657292	-90.077659
LA	22071004500	568903	9760	0.22	0.004	29.973442	-90.0860488
LA	22071004600	702695	27900	0.271	0.011	29.9804859	-90.0948782
LA	22071004800	162332	0	0.063	0.	29.9596622	-90.0737231
LA	22071004900	1029281	0	0.397	0.	29.9624646	-90.082563
LA	22071005000	705630	0	0.272	0.	29.9715457	-90.0926123
LA	22071005400	853712	4211	0.33	0.002	29.9787095	-90.1017704
LA	22071005500	1729533	0	0.668	0.	29.9888874	-90.1096633
LA	22071005601	1261644	0	0.487	0.	30.0126714	-90.1112773
LA	22071005602	1266511	0	0.489	0.	30.0118695	-90.1033644
LA	22071005603	746386	0	0.288	0.	30.0005325	-90.1123909
LA	22071005604	936542	0	0.362	0.	29.9990389	-90.1048688
LA	22071006000	797264	0	0.308	0.	29.9566071	-90.0869352
LA	22071006300	387115	0	0.149	0.	29.9659339	-90.092132
LA	22071006400	554400	0	0.214	0.	29.9699885	-90.0996263
LA	22071006500	804222	0	0.311	0.	29.9756483	-90.1076691
LA	22071006900	819693	0	0.316	0.	29.9518368	-90.0915967
LA	22071007000	1009292	0	0.39	0.	29.9594217	-90.1015664
LA	22071007101	687212	0	0.265	0.	29.9656434	-90.1007457
LA	22071007200	976881	0	0.377	0.	29.9612721	-90.1104159
LA	22071007501	856753	0	0.331	0.	29.9693457	-90.1238303
LA	22071007502	733661	0	0.283	0.	29.9652971	-90.120395
LA	22071007604	2335785	3133	0.902	0.001	29.9862413	-90.1193754
LA	22071007605	655168	0	0.253	0.	29.9716732	-90.1130753
LA	22071007607	999669	0	0.386	0.	30.0068954	-90.1189779
LA	22071007608	835344	391801	0.323	0.151	30.0255526	-90.1159879
LA	22071007700	1530768	359288	0.591	0.139	29.9352848	-90.0655435
LA	22071007800	315477	0	0.122	0.	29.9351417	-90.0726211
LA	22071008200	297522	0	0.115	0.	29.9325344	-90.0765412
LA	22071008300	322973	0	0.125	0.	29.9291241	-90.0782319
LA	22071008400	244908	0	0.095	0.	29.9358591	-90.0813286
LA	22071008500	289698	0	0.112	0.	29.9393806	-90.0845744
LA	22071008600	328187	0	0.127	0.	29.9448046	-90.0896527
LA	22071008800	290638	0	0.112	0.	29.9246654	-90.0799355
LA	22071009000	561773	0	0.217	0.	29.9281006	-90.0848784
LA	22071009100	370214	0	0.143	0.	29.9323881	-90.087455
LA	22071009200	319147	0	0.123	0.	29.935876	-90.0896133
LA	22071009400	528802	0	0.204	0.	29.947177	-90.0963617
LA	22071009600	344557	0	0.133	0.	29.9202599	-90.0898146
LA	22071009700	297348	0	0.115	0.	29.9192628	-90.0973878
LA	22071009900	786993	0	0.304	0.	29.9243571	-90.0951618
LA	22071010000	418593	0	0.162	0.	29.9312759	-90.0941975
LA	22071010100	492234	0	0.19	0.	29.9304344	-90.0994409
LA	22071010200	455269	0	0.176	0.	29.9375306	-90.0993869
LA	22071010300	600501	0	0.232	0.	29.9447481	-90.1007517
LA	22071010600	322792	0	0.125	0.	29.9184809	-90.1119725
LA	22071010700	447631	0	0.173	0.	29.9232967	-90.1053233
LA	22071010800	397837	0	0.154	0.	29.9238878	-90.1116458
LA	22071010900	801377	0	0.309	0.	29.9302064	-90.1071342
LA	22071011100	507702	0	0.196	0.	29.9370301	-90.1070068
LA	22071011200	395247	0	0.153	0.	29.9434346	-90.1062102
LA	22071011400	468064	0	0.181	0.	29.9193262	-90.1200776
LA	22071011500	456695	0	0.176	0.	29.9234192	-90.1243798
LA	22071011600	362832	0	0.14	0.	29.9240052	-90.1173371
LA	22071011700	1048701	0	0.405	0.	29.9316446	-90.1171294
LA	22071011900	462134	0	0.178	0.	29.9400915	-90.1135507
LA	22071012000	1706383	418346	0.659	0.162	29.9253569	-90.1306577
LA	22071012101	594660	0	0.23	0.	29.9461952	-90.1179983
LA	22071012102	774028	0	0.299	0.	29.9389904	-90.1222335
LA	22071012200	650979	0	0.251	0.	29.9483797	-90.1123181
LA	22071012300	468750	0	0.181	0.	29.9506709	-90.1055572
LA	22071012400	428948	0	0.166	0.	29.9547364	-90.1099778
LA	22071012500	632244	648622	0.244	0.25	29.9325934	-90.134523
LA	22071012600	467513	0	0.181	0.	29.9428255	-90.1291918
LA	22071012700	524572	0	0.203	0.	29.9480824	-90.1243768
LA	22071012800	579016	0	0.224	0.	29.9552764	-90.1176072
LA	22071012900	625290	362854	0.241	0.14	29.9487306	-90.1355243
LA	22071013000	368610	0	0.142	0.	29.9525392	-90.1280225
LA	22071013100	355679	0	0.137	0.	29.9554095	-90.1324567
LA	22071013200	930277	46420	0.359	0.018	29.9582153	-90.1252417
LA	22071013301	2819667	1562663	1.089	0.603	30.0270126	-90.098177
LA	22071013302	3797159	2300249	1.466	0.888	30.0322133	-90.0601514
LA	22071013400	2618982	406589	1.011	0.157	29.9490375	-90.0714075
LA	22071013501	340534	0	0.131	0.	29.9587785	-90.0680149
LA	22071013502	529571	349586	0.204	0.135	29.955115	-90.0626078
LA	22071013600	296774	0	0.115	0.	29.9655765	-90.0357242
LA	22071013701	1956678	0	0.755	0.	29.9948453	-90.0401537
LA	22071013702	3075124	300284	1.187	0.116	29.9946431	-90.0286734
LA	22071013800	890838	24039	0.344	0.009	29.9961591	-90.0800463
LA	22071013900	516381	0	0.199	0.	29.9400546	-90.0760667
LA	22071014000	565101	0	0.218	0.	29.944669	-90.0831021
LA	22071014101	250788	0	0.097	0.	29.9283162	-90.0727872
LA	22071014102	365689	295396	0.141	0.114	29.9246981	-90.0689372
LA	22071014200	1051112	785089	0.406	0.303	29.9153246	-90.0930433
LA	22071014300	474315	0	0.183	0.	29.9398424	-90.0925005
LA	22071014400	1777409	1007284	0.686	0.389	29.9141804	-90.1088309
LA	22071014500	206718	0	0.08	0.	29.9606291	-90.0950061
LA	22071980000	4961157	712738	1.916	0.275	30.0014023	-90.0938133
LA	22071980100	31183156	11853446	12.04	4.577	30.0073168	-89.9136473
LA	22071990000	0	323407738	0.	124.868	30.121442	-89.9729098
LA	22073000100	4173648	92152	1.611	0.036	32.5211095	-92.1223719
LA	22073000200	5567820	597911	2.15	0.231	32.5431972	-92.1155388
LA	22073000401	10837332	672189	4.184	0.26	32.5458122	-92.0459472
LA	22073000402	2177607	158856	0.841	0.061	32.530116	-92.0739713
LA	22073000500	4389186	309647	1.695	0.12	32.5261966	-92.0491046
LA	22073000600	5282682	0	2.04	0.	32.5100455	-92.0658661
LA	22073000700	2583427	0	0.997	0.	32.5096875	-92.0900006
LA	22073000900	1450269	0	0.56	0.	32.499817	-92.0964459
LA	22073001100	2635287	0	1.017	0.	32.4760567	-92.0906335
LA	22073001400	3480411	516522	1.344	0.199	32.4762564	-92.1131948
LA	22073001500	1406133	35190	0.543	0.014	32.4630636	-92.1112819
LA	22073001700	5380174	86029	2.077	0.033	32.5317718	-92.0961456
LA	22073005100	47269637	4263978	18.251	1.646	32.6028629	-92.1407701
LA	22073005201	46563677	225907	17.978	0.087	32.5793693	-92.2201758
LA	22073005203	5646892	29944	2.18	0.012	32.5413832	-92.1540452
LA	22073005204	33344896	404602	12.875	0.156	32.5651877	-92.1732113
LA	22073005303	8833203	13084	3.411	0.005	32.5305699	-92.228682
LA	22073005304	8809591	10218	3.401	0.004	32.5199954	-92.2054898
LA	22073005305	4354907	5776	1.681	0.002	32.5195067	-92.178759
LA	22073005306	3526457	6193	1.362	0.002	32.5292134	-92.168261
LA	22073005400	2191739	105239	0.846	0.041	32.5225224	-92.1470451
LA	22073005500	4609454	223967	1.78	0.086	32.50738	-92.145009
LA	22073005800	9607799	0	3.71	0.	32.4982022	-92.1677413
LA	22073005900	8353081	0	3.225	0.	32.4647604	-92.1700566
LA	22073010101	67258761	2546381	25.969	0.983	32.6153924	-91.9638024
LA	22073010103	9758294	113129	3.768	0.044	32.5327537	-91.9975178
LA	22073010104	67973143	137721	26.245	0.053	32.530737	-91.964138
LA	22073010202	96928005	10013270	37.424	3.866	32.639046	-92.0185437
LA	22073010203	2296877	30173	0.887	0.012	32.5641466	-92.0714649
LA	22073010204	5962402	376592	2.302	0.145	32.5605319	-92.0464454
LA	22073010301	9332624	504769	3.603	0.195	32.5537738	-92.1020266
LA	22073010302	78596050	5454971	30.346	2.106	32.6477404	-92.0943744
LA	22073010401	93651399	24726	36.159	0.01	32.5541947	-92.322099
LA	22073010402	138492538	211529	53.472	0.082	32.4909385	-92.3497399
LA	22073010502	271367688	6485605	104.776	2.504	32.3457865	-92.2049823
LA	22073010503	73188626	66893	28.258	0.026	32.3932696	-92.3430503
LA	22073010505	45910884	8529355	17.726	3.293	32.47399	-92.2364588
LA	22073010506	46393687	4347746	17.913	1.679	32.4290335	-92.2281509
LA	22073010604	155843950	4205551	60.172	1.624	32.3201703	-92.0525527
LA	22073010605	23589950	0	9.108	0.	32.4391695	-92.0656381
LA	22073010606	92464495	1180964	35.701	0.456	32.4533589	-92.0024902
LA	22073010700	2481744	35440	0.958	0.014	32.475743	-92.1011987
LA	22073010800	5604446	124511	2.164	0.048	32.5128449	-92.104029
LA	22073010900	5578866	0	2.154	0.	32.4895304	-92.0855279
LA	22073011000	20119418	1187229	7.768	0.458	32.4350254	-92.1190566
LA	22073011100	27770244	1987860	10.722	0.768	32.4490835	-92.1411064
LA	22073980000	7758557	5892	2.996	0.002	32.5109615	-92.035562
LA	22075050100	977278900	1363911158	377.33	526.609	29.3917371	-89.4805545
LA	22075050201	23288732	4483140	8.992	1.731	29.8516249	-89.9857592
LA	22075050202	8847271	1080232	3.416	0.417	29.8640816	-90.0200165
LA	22075050300	31967990	3835660	12.343	1.481	29.8273882	-90.0249872
LA	22075050400	523144415	432134287	201.987	166.848	29.4324037	-89.8480798
LA	22075050500	9485339	4903771	3.662	1.893	29.4886792	-89.7027673
LA	22075050600	132233093	105444566	51.055	40.712	29.3325654	-89.6073238
LA	22075050700	13149855	5931877	5.077	2.29	29.3584455	-89.5398461
LA	22075050800	302335971	359009232	116.733	138.614	29.1746857	-89.3970498
LA	22075990000	0	2346646362	0.	906.045	29.4496605	-89.1349413
LA	22077951900	149637135	11310327	57.775	4.367	30.6965779	-91.4758124
LA	22077952000	665793289	55379579	257.064	21.382	30.818804	-91.6864044
LA	22077952100	260994821	3065724	100.771	1.184	30.6319428	-91.5178825
LA	22077952201	60868444	2411992	23.501	0.931	30.648235	-91.3912363
LA	22077952202	34713223	12437115	13.403	4.802	30.6295534	-91.4506625
LA	22077952300	5490134	0	2.12	0.	30.6948535	-91.4564911
LA	22077952400	264803184	2111943	102.241	0.815	30.5319785	-91.583865
LA	22079010101	88923273	5915225	34.333	2.284	31.4043747	-92.2429834
LA	22079010102	153201686	3073044	59.152	1.187	31.3550998	-92.1755168
LA	22079010300	25760037	79779	9.946	0.031	31.4048486	-92.4308534
LA	22079010400	76967812	4972964	29.717	1.92	31.391197	-92.5382516
LA	22079010501	101645577	2097200	39.246	0.81	31.3377254	-92.6428001
LA	22079010502	26788468	2205045	10.343	0.851	31.3468238	-92.5250198
LA	22079010600	547480594	23992444	211.383	9.264	31.3232915	-92.8010025
LA	22079010701	125578740	7405929	48.486	2.859	31.2567948	-92.6089682
LA	22079010702	61604539	41344	23.786	0.016	31.3075058	-92.6431297
LA	22079011000	1991895	0	0.769	0.	31.3084493	-92.4710252
LA	22079011300	17620550	8879	6.803	0.003	31.3724994	-92.4343038
LA	22079011501	9138849	0	3.529	0.	31.3497832	-92.3886221
LA	22079011502	7637619	0	2.949	0.	31.334268	-92.4008869
LA	22079011600	4749131	24590	1.834	0.009	31.3405851	-92.4202293
LA	22079011700	9144128	1450590	3.531	0.56	31.3418395	-92.4414183
LA	22079012000	1724794	0	0.666	0.	31.2910518	-92.4475492
LA	22079012100	2125810	0	0.821	0.	31.2926013	-92.4582209
LA	22079012200	2927152	0	1.13	0.	31.2977554	-92.4674361
LA	22079012301	8706817	0	3.362	0.	31.263347	-92.5025898
LA	22079012302	3620476	0	1.398	0.	31.2874169	-92.4853468
LA	22079012400	7436220	139540	2.871	0.054	31.2577869	-92.4845763
LA	22079012500	13521458	0	5.221	0.	31.2495187	-92.4646838
LA	22079012600	3903322	0	1.507	0.	31.278042	-92.4602773
LA	22079012700	21514362	167817	8.307	0.065	31.238603	-92.408121
LA	22079012800	3334771	0	1.288	0.	31.2759621	-92.4410374
LA	22079012900	2021032	98118	0.78	0.038	31.2939437	-92.4294377
LA	22079013000	16375848	1867751	6.323	0.721	31.2606778	-92.3950867
LA	22079013100	11021403	1011448	4.255	0.391	31.3043321	-92.4050393
LA	22079013201	109760676	5905	42.379	0.002	31.3120286	-92.2856232
LA	22079013202	132260017	10330559	51.066	3.989	31.2273633	-92.2983146
LA	22079013300	436370124	3871181	168.483	1.495	31.0785484	-92.3268595
LA	22079013400	356030840	5247237	137.464	2.026	31.1567489	-92.5423326
LA	22079013501	276529467	22384372	106.769	8.643	30.9852955	-92.4759394
LA	22079013502	240513283	76223	92.863	0.029	31.0324691	-92.6309085
LA	22079013600	375314329	2231	144.91	0.001	31.022711	-92.7542466
LA	22079013700	117754680	111641	45.465	0.043	31.4190234	-92.3358102
LA	22079013800	15587424	0	6.018	0.	31.3127623	-92.5079255
LA	22079013900	5822268	312553	2.248	0.121	31.3096988	-92.4495017
LA	22079980000	7018653	0	2.71	0.	31.3250309	-92.545207
LA	22081960100	904029876	27486957	349.048	10.613	32.1012125	-93.3490504
LA	22081960300	103423212	6772748	39.932	2.615	32.0115509	-93.3237631
LA	22083970100	22533666	287645	8.7	0.111	32.4522193	-91.4984774
LA	22083970200	213251814	9365591	82.337	3.616	32.4954173	-91.537264
LA	22083970300	317704106	729608	122.666	0.282	32.4896715	-91.6779085
LA	22083970400	352846145	8128295	136.235	3.138	32.4528653	-91.8826688
LA	22083970500	55801360	346622	21.545	0.134	32.483521	-91.7502362
LA	22083970600	476894305	3913457	184.13	1.511	32.2844665	-91.8589053
LA	22085000100	481235645	916219	185.806	0.354	31.7672601	-93.6106955
LA	22085000201	39923041	22091682	15.414	8.53	31.5496481	-93.6930604
LA	22085000202	165758569	181034524	64.	69.898	31.6767131	-93.7704514
LA	22085000300	27930956	1511232	10.784	0.583	31.6524599	-93.6275672
LA	22085000400	546090920	7791161	210.847	3.008	31.6316367	-93.4849396
LA	22085000500	69134189	0	26.693	0.	31.546427	-93.433687
LA	22085000600	646410566	4896868	249.581	1.891	31.4321858	-93.4197703
LA	22085000701	188940665	108429608	72.95	41.865	31.2998267	-93.5829846
LA	22085000702	79123127	48642231	30.55	18.781	31.4574052	-93.6756121
LA	22087030103	14973801	1706967	5.781	0.659	29.874257	-89.8840565
LA	22087030104	21665049	523499	8.365	0.202	29.8647578	-89.8236447
LA	22087030105	848574796	2408969991	327.637	930.109	29.8590873	-89.4567229
LA	22087030203	3611708	842684	1.394	0.325	29.9316156	-89.9536529
LA	22087030204	60251149	30079889	23.263	11.614	29.9605941	-89.8982004
LA	22087030206	1814032	45705	0.7	0.018	29.9452084	-89.9394776
LA	22087030207	1832237	30975	0.707	0.012	29.9476697	-89.9497755
LA	22087030208	4837570	133289	1.868	0.051	29.9344063	-89.9094833
LA	22087030209	4346736	1109623	1.678	0.428	29.9274593	-89.9192099
LA	22087030300	1291088	184466	0.498	0.071	29.9589153	-90.0037488
LA	22087030400	4887267	1625648	1.887	0.628	29.9424326	-89.991057
LA	22087030500	1361496	0	0.526	0.	29.961403	-89.9917982
LA	22087030601	2141481	10228	0.827	0.004	29.9633556	-89.9814565
LA	22087030602	2296301	0	0.887	0.	29.9493742	-89.9823943
LA	22087030603	704673	0	0.272	0.	29.9557106	-89.9693609
LA	22087030700	923288	0	0.356	0.	29.9406369	-89.9669433
LA	22087030800	2250611	0	0.869	0.	29.9504348	-89.962128
LA	22087990000	0	2158927814	0.	833.567	30.0672365	-89.0944055
LA	22089060100	40773127	109705042	15.743	42.357	30.0567017	-90.3713055
LA	22089062100	15025919	2102086	5.802	0.812	29.9841727	-90.2968695
LA	22089062200	12739459	2166121	4.919	0.836	29.9556398	-90.3507206
LA	22089062301	11153326	28649	4.306	0.011	29.9720924	-90.3541556
LA	22089062302	4092978	1464185	1.58	0.565	29.9578705	-90.3822839
LA	22089062400	82879008	5914932	32.	2.284	30.0052933	-90.3456037
LA	22089062500	3465001	441140	1.338	0.17	30.0062771	-90.4193672
LA	22089062700	73003056	6887131	28.187	2.659	29.9794743	-90.4604594
LA	22089062800	38440253	552594	14.842	0.213	29.8772093	-90.3772486
LA	22089062900	11468246	1526671	4.428	0.589	29.921467	-90.3523335
LA	22089063000	9069800	2392275	3.502	0.924	29.9434922	-90.2955648
LA	22089063100	63219119	6666298	24.409	2.574	29.8900545	-90.288587
LA	22089063200	354018601	168787958	136.687	65.169	29.8198543	-90.3564158
LA	22091951100	530860864	566228	204.967	0.219	30.9067303	-90.7046811
LA	22091951201	370976635	1925278	143.235	0.743	30.732646	-90.7503644
LA	22091951202	156241404	304852	60.325	0.118	30.7396151	-90.6126391
LA	22093040100	67659440	2657258	26.123	1.026	30.1099428	-90.7031342
LA	22093040200	5672777	529683	2.19	0.205	30.0515808	-90.7041764
LA	22093040300	35617271	1783201	13.752	0.688	30.0588082	-90.7301039
LA	22093040400	170002653	15369097	65.638	5.934	30.0760566	-90.8084162
LA	22093040500	221745308	13750174	85.616	5.309	29.9901021	-90.8648097
LA	22093040600	50767774	3909321	19.602	1.509	29.9921985	-90.7290657
LA	22093040700	64592691	775249	24.939	0.299	29.9353946	-90.7033431
LA	22095070100	257046968	425791140	99.246	164.399	30.1978447	-90.4203837
LA	22095070200	5143816	31959	1.986	0.012	30.0843329	-90.4684405
LA	22095070300	4016096	47892	1.551	0.018	30.0888288	-90.4841117
LA	22095070400	3954470	188999	1.527	0.073	30.0901879	-90.4959943
LA	22095070500	24201923	668959	9.344	0.258	30.0960748	-90.5347377
LA	22095070600	46539503	4360692	17.969	1.684	30.0859863	-90.6477147
LA	22095070700	26117502	2031068	10.084	0.784	30.072899	-90.5809458
LA	22095070800	5020310	961915	1.938	0.371	30.0564273	-90.5340642
LA	22095070900	6673406	936078	2.577	0.361	30.063421	-90.510647
LA	22095071000	8990712	1664328	3.471	0.643	30.0490278	-90.4705872
LA	22095071100	167780018	69757044	64.78	26.933	29.9811759	-90.6001668
LA	22097960100	392275316	8553123	151.458	3.302	30.7838028	-91.8771131
LA	22097960200	444377903	4743622	171.575	1.832	30.7240909	-92.0900391
LA	22097960300	168946353	6696793	65.231	2.586	30.6201788	-91.915476
LA	22097960400	386743879	13127177	149.323	5.068	30.5542339	-91.7978667
LA	22097960500	199192289	3057870	76.909	1.181	30.4774823	-91.9095339
LA	22097960601	77794021	100999	30.036	0.039	30.5984809	-92.1526183
LA	22097960602	67660867	853896	26.124	0.33	30.5879926	-92.0199697
LA	22097960701	80575496	2356	31.11	0.001	30.5483965	-92.1824123
LA	22097960702	90987859	0	35.131	0.	30.475929	-92.1943445
LA	22097960800	117000552	1073544	45.174	0.414	30.5089776	-92.3535145
LA	22097960901	2592179	0	1.001	0.	30.4993656	-92.4044734
LA	22097960902	3892490	0	1.503	0.	30.4874745	-92.4014942
LA	22097961000	2500327	0	0.965	0.	30.4993658	-92.427724
LA	22097961100	3267787	0	1.262	0.	30.487809	-92.4254272
LA	22097961200	72889113	0	28.143	0.	30.4674105	-92.1260413
LA	22097961301	2471280	0	0.954	0.	30.5421837	-92.0983901
LA	22097961302	3095743	0	1.195	0.	30.5475972	-92.08315
LA	22097961401	2380471	0	0.919	0.	30.5445576	-92.0718729
LA	22097961402	1241576	0	0.479	0.	30.5319512	-92.0763308
LA	22097961501	1103373	0	0.426	0.	30.5232586	-92.0751634
LA	22097961502	5665679	0	2.188	0.	30.5074493	-92.080415
LA	22097961601	2608765	0	1.007	0.	30.5293126	-92.0940179
LA	22097961602	1914859	0	0.739	0.	30.5186823	-92.098417
LA	22097961701	64648484	152772	24.961	0.059	30.4667225	-92.0496313
LA	22097961702	43938214	401780	16.965	0.155	30.5123431	-92.0293922
LA	22097961801	97072366	153113	37.48	0.059	30.3866911	-92.084788
LA	22097961802	32353700	0	12.492	0.	30.344347	-92.1140244
LA	22097961900	24033070	96506	9.279	0.037	30.4018882	-92.0267323
LA	22099020101	292330528	54533887	112.869	21.056	30.3477925	-91.7100312
LA	22099020102	518364806	37890480	200.142	14.63	30.1550728	-91.5741465
LA	22099020201	83392649	451779	32.198	0.174	30.3543211	-91.9110905
LA	22099020202	46014731	199064	17.766	0.077	30.3973238	-91.8487912
LA	22099020301	45152661	685795	17.434	0.265	30.3166826	-91.9161081
LA	22099020303	41974414	159012	16.206	0.061	30.269006	-91.8450021
LA	22099020304	28191562	11156211	10.885	4.307	30.3002458	-91.7833424
LA	22099020401	56670351	742031	21.881	0.286	30.1749782	-91.858013
LA	22099020402	41623785	2330790	16.071	0.9	30.2330247	-91.7868927
LA	22099020502	12452274	277296	4.808	0.107	30.2801632	-91.8920786
LA	22099020503	13300588	183734	5.135	0.071	30.273124	-91.9534573
LA	22099020504	65635037	881081	25.342	0.34	30.2216761	-91.9224647
LA	22099020601	69212369	0	26.723	0.	30.1175468	-91.9001814
LA	22099020602	19923282	27310	7.692	0.011	30.1256833	-91.8600259
LA	22099020800	99993853	1159640	38.608	0.448	30.1379312	-91.7830175
LA	22099020900	17591975	1677373	6.792	0.648	30.0736676	-91.8522002
LA	22099021000	458213966	92939174	176.917	35.884	29.8486881	-91.268425
LA	22101040100	75892715	81764578	29.302	31.569	29.6526223	-91.1687812
LA	22101040200	8614432	3018478	3.326	1.165	29.7185597	-91.1964174
LA	22101040300	4765102	866561	1.84	0.335	29.6903342	-91.1876105
LA	22101040400	1869472	658157	0.722	0.254	29.7078232	-91.2140202
LA	22101040500	19315490	2902402	7.458	1.121	29.6931471	-91.2383402
LA	22101040600	17798058	797020	6.872	0.308	29.6628961	-91.2840106
LA	22101040700	3376100	331195	1.304	0.128	29.6975769	-91.3055807
LA	22101040800	295427900	112841455	114.065	43.568	29.5637348	-91.3942652
LA	22101040900	412150356	758241077	159.132	292.759	29.5608138	-91.4619429
LA	22101041000	288968066	65873132	111.571	25.434	29.8621628	-91.5010273
LA	22101041100	268060403	234408832	103.499	90.506	29.7519909	-91.6741929
LA	22101041200	4301061	205102	1.661	0.079	29.8322845	-91.5488637
LA	22101041300	9317245	108971	3.597	0.042	29.8180413	-91.524482
LA	22101041400	30516055	1769127	11.782	0.683	29.843416	-91.4687934
LA	22101041500	2851813	276844	1.101	0.107	29.7823621	-91.4905999
LA	22101041600	3354466	37968	1.295	0.015	29.7828541	-91.5089481
LA	22101990000	0	189391417	0.	73.124	29.3628101	-91.4881338
LA	22103040103	107814758	1616344	41.628	0.624	30.6238063	-90.0640206
LA	22103040105	155351582	916324	59.982	0.354	30.4637701	-89.9309447
LA	22103040106	269764802	12801482	104.157	4.943	30.4900192	-89.7850627
LA	22103040107	102090786	1937415	39.417	0.748	30.5579656	-90.0005514
LA	22103040108	134399341	3562323	51.892	1.375	30.5990383	-89.9256543
LA	22103040203	95085784	693205	36.713	0.268	30.6293283	-90.2156792
LA	22103040204	46106553	1478468	17.802	0.571	30.5283665	-90.1680263
LA	22103040205	54609145	636483	21.085	0.246	30.549688	-90.1033212
LA	22103040206	89730497	694039	34.645	0.268	30.6364683	-90.1482593
LA	22103040304	11170298	959789	4.313	0.371	30.4072364	-90.1016818
LA	22103040306	4924941	27388	1.902	0.011	30.3906947	-90.097021
LA	22103040307	16495308	3858731	6.369	1.49	30.3820881	-90.1350197
LA	22103040308	63822978	570679	24.642	0.22	30.5005031	-90.2175513
LA	22103040309	63991815	5152074	24.707	1.989	30.4215565	-90.2071539
LA	22103040401	28402134	295055	10.966	0.114	30.4656073	-90.1592019
LA	22103040402	7038200	152702	2.717	0.059	30.4796791	-90.1336144
LA	22103040501	7317006	41311	2.825	0.016	30.4876437	-90.1014712
LA	22103040502	19852327	71046	7.665	0.027	30.50889	-90.0582673
LA	22103040601	14926569	1232156	5.763	0.476	30.4317178	-90.1295857
LA	22103040602	4782542	257182	1.847	0.099	30.462821	-90.1062973
LA	22103040606	6851627	136995	2.645	0.053	30.4526743	-90.0515297
LA	22103040607	11753896	501954	4.538	0.194	30.4443292	-90.0966286
LA	22103040608	9165287	81912	3.539	0.032	30.4743413	-90.0694454
LA	22103040609	5003849	8874	1.932	0.003	30.4380622	-90.0747293
LA	22103040705	11695064	93242	4.515	0.036	30.335079	-89.7523121
LA	22103040706	93623983	4538022	36.148	1.752	30.3509797	-89.6955652
LA	22103040708	127875284	52388046	49.373	20.227	30.2024436	-89.6404829
LA	22103040709	4341912	134605	1.676	0.052	30.2948211	-89.7348505
LA	22103040710	7289169	97959	2.814	0.038	30.276316	-89.7345404
LA	22103040711	5250472	22544	2.027	0.009	30.3351311	-89.8299523
LA	22103040712	197983663	478267	76.442	0.185	30.382118	-89.9159406
LA	22103040713	25549434	605911	9.865	0.234	30.3472476	-89.7810806
LA	22103040714	27005641	60984	10.427	0.024	30.3897942	-89.8045735
LA	22103040801	4753757	109072	1.835	0.042	30.2509469	-89.7785383
LA	22103040804	3540805	926339	1.367	0.358	30.2367099	-89.7813084
LA	22103040805	3086804	2632406	1.192	1.016	30.2135248	-89.7956358
LA	22103040806	9798793	609409	3.783	0.235	30.2526812	-89.7427983
LA	22103040807	42843990	12436482	16.542	4.802	30.2159517	-89.7423784
LA	22103040900	5791598	60351	2.236	0.023	30.2676794	-89.771383
LA	22103041002	2947917	79661	1.138	0.031	30.278375	-89.7642453
LA	22103041003	3894274	32946	1.504	0.013	30.293996	-89.7554958
LA	22103041004	3974053	3370	1.534	0.001	30.3002207	-89.7647613
LA	22103041101	10962796	206933	4.233	0.08	30.2854755	-89.8427102
LA	22103041103	10522836	263798	4.063	0.102	30.2981444	-89.8002408
LA	22103041104	20448527	5728488	7.895	2.212	30.2449667	-89.8283444
LA	22103041105	9055372	232645	3.496	0.09	30.2854667	-89.8138106
LA	22103041106	6256929	1001854	2.416	0.387	30.2617318	-89.8317766
LA	22103041202	77436469	14417379	29.898	5.567	30.2737442	-89.932221
LA	22103041207	11348404	111634	4.382	0.043	30.4119831	-90.0593575
LA	22103041208	4406712	31402	1.701	0.012	30.386063	-90.069415
LA	22103041209	4634775	18021	1.789	0.007	30.3781118	-90.0642503
LA	22103041210	8528979	10919	3.293	0.004	30.3925137	-90.038238
LA	22103041211	6811351	17457	2.63	0.007	30.368463	-90.0434305
LA	22103041212	29532514	3000642	11.403	1.159	30.3469663	-90.0121553
LA	22103041213	48541837	522648	18.742	0.202	30.3538276	-89.954139
LA	22103041214	19361225	84344	7.475	0.033	30.3215115	-89.8766803
LA	22103041301	4878509	61519	1.884	0.024	30.3657274	-90.0696812
LA	22103041302	4840579	4016081	1.869	1.551	30.3579483	-90.0771277
LA	22103990000	0	505661234	0.	195.237	30.2524189	-90.0447721
LA	22105953200	171296907	194903	66.138	0.075	30.9335177	-90.4069368
LA	22105953300	148396801	1589714	57.296	0.614	30.9171178	-90.5263302
LA	22105953401	56527886	738833	21.826	0.285	30.7752486	-90.5424187
LA	22105953402	17076028	1119673	6.593	0.432	30.7455258	-90.5092032
LA	22105953501	214591854	999722	82.854	0.386	30.8282325	-90.3974874
LA	22105953502	209880444	444328	81.035	0.172	30.7310956	-90.3482015
LA	22105953601	12800933	207161	4.942	0.08	30.7139851	-90.5169544
LA	22105953602	57670481	1182031	22.267	0.456	30.6754069	-90.520839
LA	22105953701	129446157	1074314	49.979	0.415	30.6783308	-90.4390519
LA	22105953702	242153926	1283869	93.496	0.496	30.5923637	-90.3266485
LA	22105953800	70527186	714097	27.231	0.276	30.6131644	-90.5207158
LA	22105953901	20681421	236523	7.985	0.091	30.5464763	-90.4974579
LA	22105953902	30514466	39688	11.782	0.015	30.5617971	-90.5406807
LA	22105954001	16818915	11037	6.494	0.004	30.5556941	-90.4703793
LA	22105954003	35398061	301459	13.667	0.116	30.5304583	-90.4007732
LA	22105954004	26412882	294073	10.198	0.114	30.5536645	-90.4427493
LA	22105954103	22933292	91876	8.855	0.035	30.4945944	-90.5378175
LA	22105954104	5273258	26196	2.036	0.01	30.5112489	-90.4880973
LA	22105954105	19192272	67600	7.41	0.026	30.467726	-90.5191758
LA	22105954106	18582177	218576	7.175	0.084	30.4560285	-90.497222
LA	22105954200	3601090	0	1.39	0.	30.5102022	-90.4731526
LA	22105954300	5508838	5231	2.127	0.002	30.4923643	-90.477483
LA	22105954400	4212733	0	1.627	0.	30.5037541	-90.4546094
LA	22105954503	11201302	0	4.325	0.	30.4698431	-90.4676061
LA	22105954504	5584866	0	2.156	0.	30.4554479	-90.4499569
LA	22105954505	19473585	136879	7.519	0.053	30.4689521	-90.4303404
LA	22105954506	3334898	0	1.288	0.	30.5013133	-90.4375506
LA	22105954601	51975600	196970	20.068	0.076	30.4742635	-90.3779578
LA	22105954602	131665602	5746972	50.836	2.219	30.4308442	-90.3021887
LA	22105954700	98375618	39343050	37.983	15.19	30.3735281	-90.4565582
LA	22105954800	188015275	80425663	72.593	31.053	30.3628461	-90.3585938
LA	22107000100	361309586	55348295	139.502	21.37	32.0827734	-91.1945553
LA	22107000200	986316051	11826506	380.819	4.566	32.0006136	-91.4027223
LA	22107000300	214920052	32257419	82.981	12.455	31.8699718	-91.3070398
LA	22109000103	28894415	161094	11.156	0.062	29.7286724	-90.8353979
LA	22109000104	15881331	0	6.132	0.	29.7458279	-90.8463686
LA	22109000105	5826463	0	2.25	0.	29.7007131	-90.7955706
LA	22109000106	11399084	0	4.401	0.	29.7032333	-90.7793934
LA	22109000201	22415611	0	8.655	0.	29.6552015	-90.7846512
LA	22109000203	6828534	0	2.637	0.	29.6474494	-90.7496609
LA	22109000204	10743460	0	4.148	0.	29.66784	-90.7416047
LA	22109000300	3889066	0	1.502	0.	29.612233	-90.7481136
LA	22109000401	3001664	0	1.159	0.	29.6175454	-90.7388688
LA	22109000402	1817878	0	0.702	0.	29.6307291	-90.7449215
LA	22109000501	1596342	0	0.616	0.	29.6044028	-90.7326299
LA	22109000502	18543307	85135	7.16	0.033	29.6383965	-90.7185096
LA	22109000601	13705216	572410	5.292	0.221	29.6170972	-90.6911344
LA	22109000602	6045858	302377	2.334	0.117	29.5927165	-90.6686353
LA	22109000701	1647181	73118	0.636	0.028	29.5922104	-90.7043926
LA	22109000702	8360468	0	3.228	0.	29.5753388	-90.6679042
LA	22109000800	6227968	188524	2.405	0.073	29.5792021	-90.6946356
LA	22109000901	4005888	258170	1.547	0.1	29.5697881	-90.7314865
LA	22109000902	1508280	43746	0.582	0.017	29.5946981	-90.7203765
LA	22109001001	26557928	870619	10.254	0.336	29.5758334	-90.6232417
LA	22109001002	25358786	22667	9.791	0.009	29.5290578	-90.5849846
LA	22109001100	300162721	248037343	115.893	95.768	29.3165594	-90.5063618
LA	22109001201	35367647	14697216	13.656	5.675	29.4976839	-90.6097819
LA	22109001202	239768896	651911113	92.575	251.704	29.1741152	-90.5177917
LA	22109001301	19829873	1352147	7.656	0.522	29.4907155	-90.66094
LA	22109001302	37320357	2123139	14.409	0.82	29.4306635	-90.6894875
LA	22109001303	366125924	214101030	141.362	82.665	29.218148	-90.8072022
LA	22109001400	964252752	456692838	372.3	176.33	29.3245324	-91.016803
LA	22109001501	7165929	0	2.767	0.	29.5724041	-90.7767733
LA	22109001502	611259291	44806217	236.009	17.3	29.5237556	-91.0459592
LA	22109001600	268474499	17376430	103.659	6.709	29.6315657	-90.9708792
LA	22109001701	80094373	89201	30.925	0.034	29.6651593	-90.8383267
LA	22109001702	26660529	0	10.294	0.	29.6028107	-90.7795436
LA	22109001703	4658179	0	1.799	0.	29.5861593	-90.7448541
LA	22109990000	0	553824717	0.	213.833	29.0915017	-90.9042619
LA	22111960100	843610785	9182735	325.72	3.545	32.9150317	-92.2788387
LA	22111960200	458396070	2155550	176.988	0.832	32.9143406	-92.6048252
LA	22111960300	241712529	27370735	93.326	10.568	32.7820417	-92.5681403
LA	22111960400	21081536	0	8.14	0.	32.7794554	-92.3956078
LA	22111960500	424726547	31773730	163.988	12.268	32.7625996	-92.2463334
LA	22111960600	281666693	3132578	108.752	1.209	32.6461492	-92.3538868
LA	22113950101	36792605	27415	14.206	0.011	30.1009003	-92.1366304
LA	22113950102	53441991	0	20.634	0.	30.0634397	-92.1242328
LA	22113950103	184482468	258963	71.229	0.1	30.085699	-92.2671188
LA	22113950201	408071681	1497165	157.557	0.578	29.9608711	-92.405448
LA	22113950202	242306642	7564559	93.555	2.921	30.0096784	-92.5847737
LA	22113950400	27667970	17069	10.683	0.007	30.0064883	-92.2852635
LA	22113950500	246436007	1661026	95.149	0.641	29.9389966	-92.2111299
LA	22113950600	35884150	518880	13.855	0.2	30.0163564	-92.1181212
LA	22113950700	5690366	168985	2.197	0.065	29.9630958	-92.143655
LA	22113950800	4283111	0	1.654	0.	29.9687337	-92.1231451
LA	22113950901	41394949	488420	15.983	0.189	29.9420875	-92.117828
LA	22113950903	18531372	270946	7.155	0.105	29.9907807	-92.0966908
LA	22113950904	83290462	70617	32.159	0.027	30.0150426	-92.0346931
LA	22113951001	30343680	4675	11.716	0.002	29.9603856	-92.0266146
LA	22113951002	185675026	6314137	71.69	2.438	29.8631152	-92.0529556
LA	22113951100	1431314766	614269386	552.634	237.171	29.682732	-92.323884
LA	22113990000	0	299039608	0.	115.46	29.531634	-92.3301015
LA	22115950100	830340971	1369388	320.596	0.529	31.2330338	-93.0304239
LA	22115950200	444300495	4677162	171.545	1.806	31.2922255	-93.350297
LA	22115950301	280743041	16816100	108.395	6.493	31.1480576	-93.4313344
LA	22115950302	379361945	3626596	146.472	1.4	30.9691567	-93.4614064
LA	22115950400	14214441	63531	5.488	0.025	31.1538517	-93.2744493
LA	22115950501	9546493	47829	3.686	0.018	31.131012	-93.2781885
LA	22115950502	18522001	89169	7.151	0.034	31.1003394	-93.3035086
LA	22115950600	94139067	5045044	36.347	1.948	31.1367402	-93.2470929
LA	22115950701	403904897	511276	155.949	0.197	31.0823093	-93.0537099
LA	22115950702	2551884	6723	0.985	0.003	31.0431846	-93.2274727
LA	22115950703	17815264	17262	6.879	0.007	31.0996085	-93.2020875
LA	22115950704	4053181	0	1.565	0.	31.0643017	-93.2275105
LA	22115950801	436858072	704984	168.672	0.272	30.9982813	-93.0160666
LA	22115950802	287326238	363996	110.937	0.141	30.9136546	-93.0648592
LA	22115950901	122921948	858618	47.46	0.332	31.0210037	-93.3087694
LA	22115950902	89605600	923323	34.597	0.356	30.9034683	-93.3248791
LA	22117950101	164047119	4078495	63.339	1.575	30.8959922	-89.8078318
LA	22117950102	312700991	383144	120.735	0.148	30.9083978	-89.9212241
LA	22117950201	139979702	157999	54.046	0.061	30.9032541	-90.0992373
LA	22117950202	105180853	66979	40.611	0.026	30.9593984	-90.0191494
LA	22117950300	106896677	1234554	41.273	0.477	30.9164596	-90.1655161
LA	22117950400	261831242	1358293	101.094	0.524	30.9159361	-90.2698208
LA	22117950501	193265385	1843576	74.62	0.712	30.7482685	-90.1866569
LA	22117950502	123469965	1989645	47.672	0.768	30.7945869	-90.0813363
LA	22117950600	242823992	1609039	93.755	0.621	30.7334091	-89.9596368
LA	22117950700	17802739	24431	6.874	0.009	30.8019968	-89.8797162
LA	22117950800	16301529	880533	6.294	0.34	30.7878353	-89.8356828
LA	22117950900	4486855	77121	1.732	0.03	30.7753782	-89.8616597
LA	22117951000	45565023	2436602	17.593	0.941	30.7131483	-89.8642386
LA	22119031100	337191696	1556773	130.19	0.601	32.9060541	-93.3090607
LA	22119031200	86170620	11587826	33.271	4.474	32.9677142	-93.4588161
LA	22119031300	17908416	215914	6.914	0.083	33.0031412	-93.4550948
LA	22119031400	191393547	1237012	73.897	0.478	32.8441183	-93.3808592
LA	22119031501	102240604	14995177	39.475	5.79	32.4781158	-93.39457
LA	22119031502	243741096	2613522	94.109	1.009	32.628465	-93.3916651
LA	22119031600	188320434	2976447	72.711	1.149	32.7003701	-93.2845605
LA	22119031700	9975535	512658	3.852	0.198	32.6108125	-93.3041735
LA	22119031800	4559267	46183	1.76	0.018	32.6279494	-93.2929396
LA	22119031900	3159789	0	1.22	0.	32.6123015	-93.2791994
LA	22119032000	17139778	340352	6.618	0.131	32.6123376	-93.264104
LA	22119032101	89045240	18790664	34.381	7.255	32.5141404	-93.3114864
LA	22119032102	245842158	1074606	94.92	0.415	32.5227604	-93.2274609
LA	22121020100	4086096	1273258	1.578	0.492	30.4519808	-91.2065215
LA	22121020200	36243271	5521784	13.994	2.132	30.4860039	-91.2308859
LA	22121020301	113474465	9987414	43.813	3.856	30.5586583	-91.3164873
LA	22121020302	225309117	1008678	86.992	0.389	30.462681	-91.3566536
LA	22121020401	35243715	11131411	13.608	4.298	30.3380313	-91.2530325
LA	22121020402	83818021	682154	32.362	0.263	30.3833745	-91.2754011
LA	22123000100	281513083	1003425	108.693	0.387	32.9318206	-91.3885825
LA	22123000200	279865911	307171	108.057	0.119	32.8034042	-91.4617236
LA	22123000300	370203177	1075893	142.936	0.415	32.6664929	-91.5094948
LA	22125951703	84833089	16389568	32.754	6.328	30.9233832	-91.6433884
LA	22125951704	249984189	2040237	96.519	0.788	30.9579677	-91.2976165
LA	22125951705	367277774	20335799	141.807	7.852	30.8703135	-91.4746611
LA	22125951801	76608786	1097436	29.579	0.424	30.8486533	-91.3741559
LA	22125951802	80159860	653993	30.95	0.253	30.8354012	-91.303978
LA	22125951803	116601086	10331580	45.02	3.989	30.7576824	-91.3163367
LA	22125980000	69119476	7903308	26.687	3.051	30.9672547	-91.600026
LA	22127960100	1268434243	396966	489.745	0.153	31.9812345	-92.4836511
LA	22127960201	627757409	15952349	242.379	6.159	31.9756995	-92.8036494
LA	22127960202	542327804	1069498	209.394	0.413	31.7890832	-92.7613798
LA	22127960300	9539842	30791	3.683	0.012	31.931165	-92.6454676
LA	22127960400	12438370	0	4.802	0.	31.9120602	-92.628375
