USPS	GEOID	ALAND	AWATER	ALAND_SQMI	AWATER_SQMI	INTPTLAT	INTPTLONG
ME	23001010100	814411	147593	0.314	0.057	44.0940246	-70.2268339
ME	23001010200	43957849	12199894	16.972	4.71	44.1582621	-70.2522312
ME	23001010300	1179939	1250	0.456	0.	44.0997019	-70.234261
ME	23001010400	2347030	38252	0.906	0.015	44.0852185	-70.2442931
ME	23001010500	729968	84888	0.282	0.033	44.0847855	-70.2228323
ME	23001010600	60556969	941989	23.381	0.364	44.030417	-70.2323963
ME	23001010700	29323586	457784	11.322	0.177	44.0696191	-70.2896961
ME	23001010800	14778788	2705204	5.706	1.044	44.1007244	-70.2578317
ME	23001020100	659243	126865	0.255	0.049	44.0946118	-70.2183518
ME	23001020200	1003897	237788	0.388	0.092	44.1063256	-70.2162485
ME	23001020301	836178	10199	0.323	0.004	44.104716	-70.198362
ME	23001020302	521716	0	0.201	0.	44.0995004	-70.2031463
ME	23001020303	265266	0	0.102	0.	44.0981912	-70.2101092
ME	23001020401	184238	0	0.071	0.	44.0935219	-70.2098553
ME	23001020402	1679539	215708	0.648	0.083	44.0891966	-70.207949
ME	23001020500	2454967	170953	0.948	0.066	44.0832891	-70.1969243
ME	23001020600	28098943	833583	10.849	0.322	44.0568207	-70.1586973
ME	23001020700	6152018	20674	2.375	0.008	44.1054804	-70.1839666
ME	23001020801	19733212	732251	7.619	0.283	44.1137696	-70.1530873
ME	23001020802	15362332	104168	5.931	0.04	44.0810177	-70.1466893
ME	23001020900	11485509	1145403	4.435	0.442	44.1387836	-70.1936111
ME	23001030100	37726010	2060887	14.566	0.796	44.0221792	-70.1173875
ME	23001030200	21418031	504379	8.27	0.195	44.0366878	-70.0587993
ME	23001040000	99144955	1976572	38.28	0.763	43.9560209	-70.1324175
ME	23001041000	109380787	12835647	42.232	4.956	44.0481059	-70.3935627
ME	23001041500	105076511	893121	40.57	0.345	44.1431469	-70.3638767
ME	23001042000	153480780	8961148	59.259	3.46	44.2671028	-70.2465284
ME	23001043000	97435658	4596036	37.62	1.775	44.4116381	-70.2161865
ME	23001044000	50966671	1924400	19.678	0.743	44.4453367	-70.1380761
ME	23001045000	103737920	8699246	40.053	3.359	44.2953505	-70.133074
ME	23001046000	83595024	7536182	32.276	2.91	44.1897541	-70.1450885
ME	23001046500	107907473	5379641	41.663	2.077	44.1168308	-70.0625824
ME	23003950100	1659434048	87720419	640.711	33.869	47.0117051	-68.2401306
ME	23003950200	177241912	5001473	68.433	1.931	47.2095893	-68.0648078
ME	23003950300	143889187	1831281	55.556	0.707	47.2932982	-68.2518091
ME	23003950400	151373450	15438701	58.446	5.961	47.2552694	-68.3704143
ME	23003950600	140181812	2639014	54.125	1.019	47.2353421	-68.5657433
ME	23003950700	7705911873	132536285	2975.269	51.173	46.8948656	-69.1319507
ME	23003950900	578670245	17525781	223.426	6.767	46.6432179	-68.4290433
ME	23003951000	368113631	2778891	142.129	1.073	46.842677	-68.1810418
ME	23003951100	279824141	3316378	108.041	1.28	46.6712536	-68.1504791
ME	23003951200	41095387	63855	15.867	0.025	46.8981891	-68.044159
ME	23003951300	84651694	1157278	32.684	0.447	46.9001403	-67.969715
ME	23003951400	79612947	861646	30.739	0.333	46.8109671	-67.9926346
ME	23003951600	104880051	775089	40.494	0.299	46.90692	-67.8630059
ME	23003951700	299639160	4269052	115.691	1.648	46.736721	-67.8485955
ME	23003951800	82254678	2424312	31.759	0.936	46.7418472	-67.9807686
ME	23003951900	51887524	48017	20.034	0.019	46.6648852	-67.9624152
ME	23003952000	62123182	2251868	23.986	0.869	46.6379614	-68.0064743
ME	23003952100	243357830	410889	93.961	0.159	46.5357947	-67.8988472
ME	23003952300	1837748356	29654017	709.559	11.449	46.3906244	-68.1511301
ME	23003952400	45833985	0	17.697	0.	46.1408704	-67.810905
ME	23003952500	49251605	39040	19.016	0.015	46.1410353	-67.8845411
ME	23003952600	502752159	8762375	194.114	3.383	46.1160552	-68.0143474
ME	23003952700	692625193	17101769	267.424	6.603	46.0489948	-68.3069619
ME	23003952900	1895808759	68470897	731.976	26.437	45.8248605	-68.1024043
ME	23005000100	675423	202464	0.261	0.078	43.6707847	-70.2521357
ME	23005000200	462985	269077	0.179	0.104	43.6661624	-70.2423254
ME	23005000300	1681711	1213018	0.649	0.468	43.6518305	-70.2573242
ME	23005000500	839831	696718	0.324	0.269	43.6668402	-70.2598604
ME	23005000600	654031	0	0.253	0.	43.6604949	-70.2626027
ME	23005001000	479016	0	0.185	0.	43.656518	-70.2706812
ME	23005001100	346644	0	0.134	0.	43.650059	-70.2623378
ME	23005001200	169387	0	0.065	0.	43.6486156	-70.2669837
ME	23005001300	1272078	0	0.491	0.	43.6499381	-70.2748148
ME	23005001500	1393392	314971	0.538	0.122	43.6642042	-70.2762835
ME	23005001700	1945180	10827	0.751	0.004	43.6639364	-70.2960208
ME	23005001800	2185760	890305	0.844	0.344	43.6793999	-70.2757362
ME	23005001900	1695746	0	0.655	0.	43.6743053	-70.2961666
ME	23005002001	3436371	18533	1.327	0.007	43.679071	-70.3185726
ME	23005002002	8326022	990801	3.215	0.383	43.653008	-70.3135329
ME	23005002101	5087863	9146	1.964	0.004	43.7066677	-70.286108
ME	23005002102	9556664	79672	3.69	0.031	43.6978633	-70.3119677
ME	23005002200	4637366	0	1.79	0.	43.694065	-70.2788657
ME	23005002300	2422992	966189	0.936	0.373	43.6895355	-70.2561668
ME	23005002400	12234568	76809998	4.724	29.657	43.6769364	-70.1547563
ME	23005002501	10664858	16072257	4.118	6.206	43.712517	-70.218258
ME	23005002503	38283390	1087640	14.781	0.42	43.7723041	-70.3202748
ME	23005002504	27198147	813487	10.501	0.314	43.7377368	-70.2613216
ME	23005002600	14344038	132111	5.538	0.051	43.7179635	-70.3454962
ME	23005002700	12719361	128617	4.911	0.05	43.7091145	-70.3652304
ME	23005002800	4387300	68063	1.694	0.026	43.6750256	-70.340223
ME	23005002901	10464924	10243	4.041	0.004	43.6548736	-70.3738519
ME	23005002902	2603812	104809	1.005	0.04	43.6740675	-70.3744116
ME	23005003001	4598546	106375	1.776	0.041	43.6286015	-70.3063234
ME	23005003002	9366750	462771	3.617	0.179	43.6402825	-70.3281945
ME	23005003100	2844102	991646	1.098	0.383	43.6333139	-70.2700517
ME	23005003200	1590279	708916	0.614	0.274	43.6426026	-70.2533742
ME	23005003300	6263983	0	2.419	0.	43.6171647	-70.2897952
ME	23005003400	4270468	38501	1.649	0.015	43.6200415	-70.2614033
ME	23005003500	2259748	2791891	0.872	1.078	43.6462496	-70.2323563
ME	23005003701	10185278	6126184	3.933	2.365	43.6113135	-70.2244363
ME	23005003702	28282438	10073626	10.92	3.889	43.5728545	-70.2429698
ME	23005004001	27487620	314011	10.613	0.121	43.6588055	-70.4142033
ME	23005004002	34552689	62704	13.341	0.024	43.6716228	-70.4471513
ME	23005004100	68982104	1348669	26.634	0.521	43.7312844	-70.4848656
ME	23005004201	33783391	120172	13.044	0.046	43.7955855	-70.2810905
ME	23005004202	34675805	53499115	13.388	20.656	43.7353201	-70.0810075
ME	23005004401	19080030	259067	7.367	0.1	43.8126029	-70.1865456
ME	23005004402	15637719	24453319	6.038	9.441	43.7681061	-70.1352038
ME	23005004501	39698049	192622	15.328	0.074	43.8747725	-70.1267043
ME	23005004502	50282923	30180321	19.414	11.653	43.8233011	-70.0886482
ME	23005004600	54973599	494215	21.225	0.191	43.8456062	-70.2412507
ME	23005004701	30933087	6475908	11.943	2.5	43.8819454	-70.3789073
ME	23005004702	81195877	517602	31.35	0.2	43.8774071	-70.3168171
ME	23005004802	41299133	2159533	15.946	0.834	43.7960531	-70.3804724
ME	23005004803	48160956	1005246	18.595	0.388	43.7607182	-70.4082386
ME	23005004804	10916733	352179	4.215	0.136	43.8162568	-70.4264106
ME	23005004805	20259447	5733239	7.822	2.214	43.8544197	-70.4340517
ME	23005011100	36734013	7427643	14.183	2.868	43.8954369	-69.9075912
ME	23005011203	18807308	9149283	7.262	3.533	43.8620237	-69.985887
ME	23005011204	8560473	333448	3.305	0.129	43.9112127	-69.992534
ME	23005011205	3981811	593140	1.537	0.229	43.9119382	-69.950611
ME	23005011206	3005107	0	1.16	0.	43.9057043	-69.9713653
ME	23005011300	50059320	2066620	19.328	0.798	43.9110615	-70.0261365
ME	23005011500	181247259	1809945	69.98	0.699	43.9428465	-70.256461
ME	23005012001	39436496	4235927	15.227	1.636	43.9685512	-70.4332346
ME	23005012002	46540356	25706517	17.969	9.925	43.9012088	-70.4740555
ME	23005013001	41569045	4875143	16.05	1.882	44.0034535	-70.5028565
ME	23005013002	39455929	12543241	15.234	4.843	43.9340884	-70.5299254
ME	23005014001	41881542	7401741	16.171	2.858	43.9887424	-70.5901492
ME	23005014002	40569670	6617043	15.664	2.555	43.958199	-70.6339452
ME	23005015000	85973030	9342633	33.194	3.607	44.1026868	-70.6523883
ME	23005016001	118791399	12713392	45.866	4.909	44.0403166	-70.7476829
ME	23005016002	28488258	6387574	10.999	2.466	44.0747057	-70.6931871
ME	23005016500	176344693	44519686	68.087	17.189	43.8565084	-70.6976867
ME	23005017002	46277178	51955405	17.868	20.06	43.8289973	-70.5296547
ME	23005017003	49928952	1185660	19.278	0.458	43.7226672	-70.5902265
ME	23005017004	60233240	3258907	23.256	1.258	43.7821969	-70.6231287
ME	23005017101	31405800	68601732	12.126	26.487	43.7835338	-70.0023495
ME	23005017102	31021228	84854236	11.977	32.762	43.7336746	-69.9713969
ME	23005017303	19217595	5078	7.42	0.002	43.5845917	-70.3016684
ME	23005017305	22000947	0	8.495	0.	43.5978106	-70.3576814
ME	23005017306	52590258	6296	20.305	0.002	43.6100835	-70.4156373
ME	23005017307	10214223	1042770	3.944	0.403	43.5563358	-70.3688575
ME	23005017308	19644953	11569444	7.585	4.467	43.5520678	-70.3209777
ME	23005990000	0	359922949	0.	138.967	43.6054826	-70.0778348
ME	23007970101	647450915	1117690	249.982	0.432	44.9872832	-70.2853784
ME	23007970102	1531940601	28756814	591.486	11.103	45.2624087	-70.5980908
ME	23007970601	402346699	60710483	155.347	23.44	44.9580187	-70.6971922
ME	23007970602	781309072	11702863	301.665	4.519	44.785649	-70.535355
ME	23007971000	442493613	7228780	170.848	2.791	44.7652098	-70.1912212
ME	23007971100	213312790	5228152	82.361	2.019	44.5769325	-70.0664251
ME	23007971201	57411002	112531	22.167	0.043	44.6396938	-70.1101069
ME	23007971202	86788918	270324	33.509	0.104	44.710856	-70.1491484
ME	23007971300	106862181	4046802	41.26	1.562	44.627562	-70.2488445
ME	23007971400	125310913	2110192	48.383	0.815	44.5168965	-70.2021867
ME	23009965100	1942866121	155118012	750.145	59.891	44.9539498	-68.1650816
ME	23009965200	166014983	22940595	64.099	8.857	44.7008917	-68.5579582
ME	23009965300	133508934	12912929	51.548	4.986	44.642021	-68.7596645
ME	23009965400	137978742	21634185	53.274	8.353	44.5660637	-68.6949284
ME	23009965503	41103798	6821051	15.87	2.634	44.5429412	-68.4087965
ME	23009965504	166322755	33727060	64.218	13.022	44.6009673	-68.4953401
ME	23009965700	173840927	46720480	67.12	18.039	44.5400544	-68.177871
ME	23009965800	157050748	137330267	60.638	53.024	44.4314885	-68.0768429
ME	23009965900	109404419	54057373	42.241	20.872	44.39747	-68.2638076
ME	23009966000	95549629	46577759	36.892	17.984	44.3336389	-68.3304054
ME	23009966100	43212695	56720800	16.685	21.9	44.2536356	-68.2617589
ME	23009966200	92286588	273460042	35.632	105.584	44.1549606	-68.4284702
ME	23009966300	257597216	99025681	99.459	38.234	44.4437411	-68.5459749
ME	23009966400	123406900	48984352	47.648	18.913	44.4538243	-68.7367228
ME	23009966500	196952610	122564471	76.044	47.322	44.3253142	-68.6648997
ME	23009966600	102420827	315888706	39.545	121.965	44.2178434	-68.7016057
ME	23009966700	171124909	68006290	66.072	26.257	44.4890093	-68.3371659
ME	23009990000	0	440208946	0.	169.966	44.20154	-68.2031026
ME	23011010100	57038771	4945376	22.023	1.909	44.3546247	-69.6923027
ME	23011010200	36513537	681956	14.098	0.263	44.3614854	-69.7921168
ME	23011010300	10208634	76520	3.942	0.03	44.3238561	-69.807516
ME	23011010400	5347930	143991	2.065	0.056	44.3092616	-69.7967858
ME	23011010500	33709140	1647062	13.015	0.636	44.2983512	-69.7073145
ME	23011010601	88857974	3518084	34.308	1.358	44.1795084	-69.7039223
ME	23011010602	50614520	1130922	19.542	0.437	44.2664086	-69.7302019
ME	23011010700	15187228	569567	5.864	0.22	44.2872407	-69.8180401
ME	23011010801	55398102	3171649	21.389	1.225	44.3424267	-69.8619349
ME	23011010803	29109539	792902	11.239	0.306	44.2605484	-69.8278048
ME	23011010804	63793577	6327969	24.631	2.443	44.224584	-69.8755116
ME	23011010900	4278727	209235	1.652	0.081	44.2248698	-69.7984101
ME	23011011000	36335015	2089603	14.029	0.807	44.1739702	-69.7958758
ME	23011012000	96914817	5794918	37.419	2.237	44.172142	-69.9345002
ME	23011013000	88093615	13028775	34.013	5.03	44.2335047	-70.0147235
ME	23011014001	41660086	5085743	16.085	1.964	44.3172728	-69.9990608
ME	23011014002	39030847	12376180	15.07	4.778	44.3042722	-69.9330321
ME	23011014500	125419298	22559337	48.425	8.71	44.4102096	-70.0711294
ME	23011015000	75535369	4643576	29.164	1.793	44.3843883	-69.9501998
ME	23011015500	226917381	33756906	87.613	13.034	44.5105698	-69.9469868
ME	23011016000	111990980	38057461	43.24	14.694	44.5230922	-69.8375746
ME	23011017000	109418585	8445459	42.247	3.261	44.4382487	-69.7556992
ME	23011018000	114608329	9210791	44.251	3.556	44.4293349	-69.6482941
ME	23011019000	89732632	2271316	34.646	0.877	44.3154846	-69.571186
ME	23011020000	129234495	18025738	49.898	6.96	44.4144727	-69.5352715
ME	23011020500	127544282	1672314	49.245	0.646	44.5405088	-69.4349195
ME	23011021000	113631600	2377932	43.873	0.918	44.6654738	-69.540766
ME	23011022000	73595431	1690227	28.415	0.653	44.5908175	-69.5179441
ME	23011023001	12582878	1174327	4.858	0.453	44.5604083	-69.59317
ME	23011023002	82791373	3608394	31.966	1.393	44.5211462	-69.5682911
ME	23011024101	7125229	19832	2.751	0.008	44.5737528	-69.6289394
ME	23011024102	3982755	780218	1.538	0.301	44.5480033	-69.6353292
ME	23011024201	2524695	0	0.975	0.	44.5470373	-69.6508267
ME	23011024202	21416184	427981	8.269	0.165	44.5322783	-69.6714077
ME	23011025001	49524662	5714196	19.122	2.206	44.5792761	-69.7332337
ME	23011025002	17074582	761369	6.593	0.294	44.5370599	-69.7108911
ME	23013970200	47243115	6245485	18.241	2.411	44.2289797	-69.0895427
ME	23013970301	141593066	6832599	54.669	2.638	44.2917754	-69.2166511
ME	23013970302	181793952	9043319	70.191	3.492	44.2436163	-69.3504233
ME	23013970401	120361146	5899882	46.472	2.278	44.1280105	-69.2438847
ME	23013970402	28309720	1389283	10.93	0.536	44.107714	-69.1714252
ME	23013970500	56048967	5970640	21.641	2.305	44.1806036	-69.1221093
ME	23013970600	4975457	413261	1.921	0.16	44.094786	-69.123898
ME	23013970700	28303805	1531846	10.928	0.591	44.1340877	-69.1326291
ME	23013970800	52601332	17562033	20.309	6.781	44.054488	-69.1119457
ME	23013970900	64815188	62920519	25.025	24.294	43.9586952	-69.2330556
ME	23013971000	86372060	39655663	33.348	15.311	43.9786046	-69.332584
ME	23013971100	133305397	222698283	51.47	85.984	44.0698391	-68.7979758
ME	23013990000	0	1636914910	0.	632.016	43.9538894	-68.9327255
ME	23015975100	316159749	19620847	122.07	7.576	44.2332768	-69.5415044
ME	23015975200	185178607	19073693	71.498	7.364	44.1220852	-69.3833529
ME	23015975300	81232406	16725943	31.364	6.458	44.0813717	-69.4777489
ME	23015975400	176188143	17220481	68.027	6.649	44.0522769	-69.5675223
ME	23015975500	165484383	29078072	63.894	11.227	44.0174466	-69.7172185
ME	23015975600	136947834	80131694	52.876	30.939	43.9800698	-69.4303812
ME	23015975700	33944715	20369614	13.106	7.865	43.8931543	-69.5665979
ME	23015975800	56863190	35504434	21.955	13.708	43.8754486	-69.6206883
ME	23015976200	28689966	18276825	11.077	7.057	43.8354841	-69.6221629
ME	23015990000	0	375297821	0.	144.903	43.802969	-69.465252
ME	23017965100	1987113029	131546073	767.229	50.79	44.8407524	-70.9332071
ME	23017965400	305785441	5697273	118.064	2.2	44.6542104	-70.6349399
ME	23017965500	86283936	3231355	33.314	1.248	44.5079476	-70.6100356
ME	23017965600	91264945	126362	35.238	0.049	44.5599203	-70.6252639
ME	23017965700	182310006	4656673	70.39	1.798	44.5331415	-70.345881
ME	23017965800	349178886	7068973	134.819	2.729	44.429182	-70.3822083
ME	23017965900	224150700	4719119	86.545	1.822	44.4444489	-70.7497897
ME	23017966001	226288962	6703418	87.371	2.588	44.3744278	-70.6339982
ME	23017966002	401799873	4538184	155.136	1.752	44.290309	-70.8885388
ME	23017966100	62795626	412979	24.246	0.159	44.3192775	-70.5226467
ME	23017966200	105603387	511305	40.774	0.197	44.2480012	-70.4908157
ME	23017966300	155202173	1000333	59.924	0.386	44.2600454	-70.3903841
ME	23017966401	141391164	17277221	54.591	6.671	44.0988277	-70.5411745
ME	23017966402	62292549	2077042	24.051	0.802	44.1579931	-70.4567373
ME	23017966500	116656726	5931190	45.041	2.29	44.2258668	-70.6100214
ME	23017966600	316564164	21550567	122.226	8.321	44.1812626	-70.8111251
ME	23017966700	151108875	19504774	58.343	7.531	44.0432475	-70.934046
ME	23017966800	234615429	12436585	90.586	4.802	43.9356278	-70.8537111
ME	23017966900	178888512	6895544	69.069	2.662	43.8489972	-70.8307642
ME	23019000200	1731924	92429	0.669	0.036	44.8040229	-68.7634099
ME	23019000300	7834824	537652	3.025	0.208	44.8230721	-68.7499373
ME	23019000400	1366570	0	0.528	0.	44.8129708	-68.7759028
ME	23019000500	2196060	0	0.848	0.	44.8054834	-68.7871785
ME	23019000600	761432	0	0.294	0.	44.7959512	-68.7785103
ME	23019000700	17551772	234868	6.777	0.091	44.8042161	-68.8245606
ME	23019000900	17652915	0	6.816	0.	44.8380903	-68.8285284
ME	23019002000	98259702	2332383	37.938	0.901	44.732873	-68.8828788
ME	23019003000	64726301	6067965	24.991	2.343	44.6887779	-68.7628054
ME	23019004100	1532458	510959	0.592	0.197	44.7769475	-68.7791185
ME	23019004200	16447473	0	6.35	0.	44.7657836	-68.7491181
ME	23019004300	21486976	646250	8.296	0.25	44.7995071	-68.7137337
ME	23019005000	7834727	494435	3.025	0.191	44.8474416	-68.7141887
ME	23019006100	5425663	1291512	2.095	0.499	44.8741747	-68.6710207
ME	23019006200	38153426	2094790	14.731	0.809	44.8816804	-68.7386424
ME	23019006300	3526632	258772	1.362	0.1	44.9015339	-68.6670504
ME	23019007100	14412398	719316	5.565	0.278	44.9364683	-68.6657292
ME	23019007200	86108334	10742712	33.247	4.148	44.9541709	-68.7396886
ME	23019008001	246437105	3368935	95.15	1.301	44.8944804	-68.5467521
ME	23019009000	235277066	10699335	90.841	4.131	44.7599578	-68.5794009
ME	23019010000	92908878	2425604	35.872	0.937	44.8201098	-68.9173278
ME	23019011000	94925667	946581	36.651	0.365	44.8004538	-69.0031168
ME	23019012000	80308198	62580	31.007	0.024	44.7047554	-69.0129288
ME	23019012500	170982219	3785077	66.017	1.461	44.730159	-69.1774057
ME	23019013000	76432046	19329401	29.511	7.463	44.8624499	-69.2634541
ME	23019013500	154626688	4646970	59.702	1.794	44.8397377	-69.1316477
ME	23019014000	100264377	1987000	38.712	0.767	44.9469823	-69.2588606
ME	23019015000	91015174	5142597	35.141	1.986	45.0405785	-69.2815193
ME	23019015500	197440678	760331	76.232	0.294	44.9957525	-69.1356372
ME	23019018000	77855805	28583	30.06	0.011	44.8768163	-68.9966512
ME	23019020500	204150519	6182681	78.823	2.387	45.0561807	-68.8945544
ME	23019021500	397405278	712745	153.439	0.275	45.1287205	-68.7470145
ME	23019022500	172784697	795810	66.713	0.307	45.1189851	-68.5868953
ME	23019024500	862941795	20507915	333.184	7.918	45.2315142	-68.3418864
ME	23019025500	847696474	43167425	327.297	16.667	45.451131	-68.1402755
ME	23019026500	336230164	6059046	129.819	2.339	45.5175127	-68.4942601
ME	23019027000	175672620	17652083	67.828	6.816	45.354924	-68.4395081
ME	23019028000	71832198	13622926	27.735	5.26	45.28411	-68.5822307
ME	23019028500	243159410	7079548	93.884	2.733	45.3158949	-68.7395643
ME	23019029000	3032898570	177317584	1171.009	68.463	45.9212508	-68.6649482
ME	23019030000	28391899	2888978	10.962	1.115	45.6431715	-68.713477
ME	23019031000	18376965	2463872	7.095	0.951	45.6536396	-68.5973397
ME	23019031100	39635861	3308	15.303	0.001	44.8557696	-68.7900101
ME	23019031200	209330458	33017	80.823	0.013	45.0364784	-69.0212103
ME	23019031300	113737462	5130856	43.914	1.981	44.92248	-68.8778473
ME	23019940000	18933233	31196897	7.31	12.045	44.9672416	-68.6686161
ME	23021960301	294275045	17369392	113.62	6.706	45.4511785	-69.6858105
ME	23021960302	7800650637	951869397	3011.848	367.519	45.9935053	-69.2470263
ME	23021960400	670079509	43864707	258.719	16.936	45.3184462	-69.4684204
ME	23021960500	424086096	7110137	163.741	2.745	45.1401794	-69.5305076
ME	23021960600	189826359	5503915	73.292	2.125	45.1683628	-69.3254664
ME	23021960700	175617645	8732270	67.806	3.372	45.1780248	-69.1926964
ME	23021960800	484648735	13115313	187.124	5.064	45.2195149	-68.9994259
ME	23021960900	219361841	32952171	84.696	12.723	45.3823058	-68.939908
ME	23023970100	78811668	2938301	30.429	1.134	44.1168327	-69.8296069
ME	23023970200	207684452	16384830	80.187	6.326	44.0479069	-69.9163722
ME	23023970301	63385480	1319405	24.473	0.509	43.9699453	-69.9716828
ME	23023970302	19956368	7522167	7.705	2.904	43.9421427	-69.9268488
ME	23023970400	159017313	50668974	61.397	19.563	43.9083815	-69.760084
ME	23023970500	17034001	9115072	6.577	3.519	43.9469906	-69.8458334
ME	23023970600	6587690	1497283	2.544	0.578	43.8879822	-69.8267225
ME	23023970700	105324833	49753209	40.666	19.21	43.7863159	-69.8427537
ME	23023990000	0	161372006	0.	62.306	43.7084463	-69.7721513
ME	23025965301	210643140	4257641	81.33	1.644	45.6476859	-70.2144554
ME	23025965302	7333356734	344156101	2831.425	132.879	45.7285825	-70.0777561
ME	23025965600	314750591	6115505	121.526	2.361	44.9841029	-69.6329409
ME	23025965700	229773204	7169162	88.716	2.768	44.9623567	-69.4069757
ME	23025965800	156476015	3719038	60.416	1.436	44.8252604	-69.33948
ME	23025965900	96129050	15124543	37.116	5.84	44.8798231	-69.5205004
ME	23025966000	124785169	1381755	48.18	0.533	44.769837	-69.4337529
ME	23025966100	212095275	3042587	81.89	1.175	44.8665823	-69.6744599
ME	23025966200	190472219	3898109	73.542	1.505	44.9761087	-69.7734027
ME	23025966300	414783021	14054519	160.149	5.426	45.0045553	-70.0176044
ME	23025966400	123004484	2068100	47.492	0.798	44.8362855	-69.9663907
ME	23025966500	134378091	7613725	51.884	2.94	44.8263541	-69.7997127
ME	23025966601	10552210	0	4.074	0.	44.7810002	-69.7314336
ME	23025966602	46288925	174198	17.872	0.067	44.7949204	-69.648182
ME	23025966701	61477653	3468467	23.737	1.339	44.757146	-69.6488664
ME	23025966702	34087964	547180	13.161	0.211	44.7312035	-69.7188572
ME	23025966801	17789499	1475570	6.869	0.57	44.6293062	-69.6074894
ME	23025966802	121350368	754722	46.854	0.291	44.6561672	-69.6979588
ME	23025966900	129371045	3255606	49.95	1.257	44.7329386	-69.8201399
ME	23025967000	202247282	15666024	78.088	6.049	44.6936848	-69.8908172
ME	23027041000	92022659	3970578	35.53	1.533	44.6507514	-68.908918
ME	23027042000	235657316	71170388	90.988	27.479	44.5112059	-68.8861781
ME	23027043000	88190500	11177819	34.051	4.316	44.425874	-69.0264178
ME	23027044000	195359188	186697749	75.429	72.084	44.319806	-68.9875786
ME	23027045000	428842357	14398066	165.577	5.559	44.4155258	-69.2269083
ME	23027046001	160787548	9600290	62.08	3.707	44.4296203	-69.4060684
ME	23027046002	358614462	13717203	138.462	5.296	44.635462	-69.3185546
ME	23027047000	331168712	7256304	127.865	2.802	44.5583926	-69.0815377
ME	23029955100	3523501504	319857892	1360.432	123.498	45.2698541	-67.8656371
ME	23029955300	353470020	48433184	136.476	18.7	45.0962057	-67.5297835
ME	23029955400	96487700	12304543	37.254	4.751	45.182325	-67.4416805
ME	23029955500	88895276	14931664	34.323	5.765	45.1429518	-67.2175289
ME	23029955600	150351411	48373465	58.051	18.677	45.012255	-67.1081422
ME	23029955700	9414047	22573428	3.635	8.716	44.9109392	-67.0091635
ME	23029955800	294946975	162478345	113.88	62.733	44.772648	-67.1097221
ME	23029955900	927195802	105890758	357.992	40.885	44.9454808	-67.374499
ME	23029956100	145911162	89655662	56.337	34.616	44.655762	-67.3789714
ME	23029956200	118573091	4555682	45.781	1.759	44.7297602	-67.4900109
ME	23029956300	316959535	206872530	122.379	79.874	44.5959738	-67.6041293
ME	23029956400	322201749	154920176	124.403	59.815	44.5864867	-67.7546612
ME	23029956500	289519095	88897418	111.784	34.323	44.5296862	-67.9322466
ME	23029990000	0	519903749	0.	200.736	44.5268066	-67.4388941
ME	23031005100	65708260	603652	25.37	0.233	43.550411	-70.4663413
ME	23031005200	18868371	26950	7.285	0.01	43.5325673	-70.4308194
ME	23031005301	1798360	336848	0.694	0.13	43.497972	-70.4449068
ME	23031005302	3980925	150082	1.537	0.058	43.5077329	-70.4717948
ME	23031005400	9577918	6318795	3.698	2.44	43.480822	-70.3925365
ME	23031006103	5179394	0	2.	0.	43.5176096	-70.4063581
ME	23031006104	10353711	892256	3.998	0.345	43.5291353	-70.3829667
ME	23031006105	2379489	900057	0.919	0.348	43.5049413	-70.386258
ME	23031006106	1342508	17025	0.518	0.007	43.5140136	-70.3823831
ME	23031020001	47060649	950102	18.17	0.367	43.6171482	-70.5325933
ME	23031020002	57910753	868866	22.359	0.335	43.6684122	-70.5388594
ME	23031021000	82982197	2474050	32.04	0.955	43.6310191	-70.614369
ME	23031022000	108875693	3230945	42.037	1.247	43.7457983	-70.6997996
ME	23031022500	209948914	3162569	81.062	1.221	43.7333572	-70.8940422
ME	23031023000	70307836	2843569	27.146	1.098	43.6884813	-70.781883
ME	23031023501	124177121	10375547	47.945	4.006	43.5183812	-70.8992254
ME	23031023502	157508253	7680292	60.814	2.965	43.6210722	-70.8788338
ME	23031024001	57748568	2155207	22.297	0.832	43.6121	-70.7742098
ME	23031024002	85556554	2581080	33.034	0.997	43.592537	-70.7099565
ME	23031024501	101010905	3856821	39.001	1.489	43.5192004	-70.6592194
ME	23031024502	46365146	1285936	17.902	0.497	43.5505681	-70.5738328
ME	23031025100	31111838	608703	12.012	0.235	43.4863594	-70.5147228
ME	23031025203	883328	0	0.341	0.	43.4882437	-70.4658444
ME	23031025204	995599	89846	0.384	0.035	43.497198	-70.4603973
ME	23031025205	1104072	0	0.426	0.	43.4831901	-70.4606941
ME	23031025206	2335192	195080	0.902	0.075	43.4830307	-70.4493149
ME	23031025300	32730645	409389	12.637	0.158	43.4463554	-70.4277079
ME	23031025400	8759435	11843093	3.382	4.573	43.4472972	-70.375619
ME	23031026000	61781119	67050	23.854	0.026	43.4398088	-70.5280318
ME	23031027000	53260465	7836495	20.564	3.026	43.4040811	-70.4422073
ME	23031028001	50727240	379953	19.586	0.147	43.419096	-70.5836716
ME	23031028003	15542411	0	6.001	0.	43.3930411	-70.5521558
ME	23031028004	24674723	1834232	9.527	0.708	43.3575154	-70.5163151
ME	23031029000	70614155	1682138	27.264	0.649	43.4785681	-70.7270912
ME	23031030101	26487993	329640	10.227	0.127	43.4641185	-70.8142874
ME	23031030102	1976260	131824	0.763	0.051	43.4582476	-70.7880806
ME	23031030201	16066472	287164	6.203	0.111	43.4333641	-70.8126339
ME	23031030203	14869191	342978	5.741	0.132	43.4118925	-70.7739739
ME	23031030204	6493666	6861	2.507	0.003	43.4422425	-70.7465558
ME	23031030205	6059850	16464	2.34	0.006	43.4300921	-70.7442118
ME	23031030300	51822898	1382651	20.009	0.534	43.3843142	-70.7183998
ME	23031031000	142463000	2127169	55.005	0.821	43.3999085	-70.9127855
ME	23031032001	39532895	490527	15.264	0.189	43.3032436	-70.8726203
ME	23031032002	57638010	387098	22.254	0.149	43.2949302	-70.8059096
ME	23031033000	98458128	367786	38.015	0.142	43.3522826	-70.7794452
ME	23031034002	108504816	192590	41.894	0.074	43.3314321	-70.6455859
ME	23031034003	19799931	886491	7.645	0.342	43.3387391	-70.5765971
ME	23031034004	12611180	0	4.869	0.	43.2967107	-70.6023081
ME	23031034005	8410047	1758166	3.247	0.679	43.2997697	-70.5790692
ME	23031034006	10572994	1368215	4.082	0.528	43.2557612	-70.6107157
ME	23031035001	66384405	379288	25.631	0.146	43.2493327	-70.7314621
ME	23031035002	16842085	930053	6.503	0.359	43.2000764	-70.8001158
ME	23031036002	111437153	5101362	43.026	1.97	43.1929451	-70.6817732
ME	23031036003	17356165	7008951	6.701	2.706	43.1186773	-70.6641826
ME	23031036004	12875512	3243780	4.971	1.252	43.1610123	-70.6340658
ME	23031037000	51236468	3998055	19.783	1.544	43.1465512	-70.7743648
ME	23031038001	25801271	46742001	9.962	18.047	43.0048522	-70.6043548
ME	23031038002	20324374	968090	7.847	0.374	43.1211585	-70.7291895
ME	23031990100	0	567248605	0.	219.016	43.1483531	-70.4998364
