USPS	GEOID	ALAND	AWATER	ALAND_SQMI	AWATER_SQMI	INTPTLAT	INTPTLONG
MN	27001770100	1186720012	61747525	458.195	23.841	46.778212	-93.3467402
MN	27001770200	1196057880	26976352	461.801	10.416	46.8419986	-93.5700053
MN	27001770300	87328760	8363039	33.718	3.229	46.536448	-93.7605851
MN	27001770401	244066728	23555945	94.235	9.095	46.6897902	-93.2308043
MN	27001770402	947629336	22811843	365.882	8.808	46.4335729	-93.22073
MN	27001790501	762141300	36264103	294.264	14.002	46.3061509	-93.3658892
MN	27001790503	111569459	30880379	43.077	11.923	46.424789	-93.7522285
MN	27001790504	181810144	238770826	70.197	92.19	46.3824251	-93.6280049
MN	27003050107	35269578	533018	13.618	0.206	45.3948266	-93.4389659
MN	27003050108	26837272	736298	10.362	0.284	45.3988005	-93.3276147
MN	27003050109	65555327	3495265	25.311	1.35	45.379976	-93.2077627
MN	27003050110	24694218	97163	9.534	0.038	45.3251979	-93.243543
MN	27003050111	25212858	4467852	9.735	1.725	45.3214275	-93.1682364
MN	27003050114	28450208	921136	10.985	0.356	45.3525978	-93.3652565
MN	27003050115	59370679	2435053	22.923	0.94	45.3423137	-93.3068685
MN	27003050116	87189713	3982016	33.664	1.537	45.3431162	-93.4495531
MN	27003050208	5687594	392862	2.196	0.152	45.21584	-93.3102689
MN	27003050210	116158992	7347393	44.849	2.837	45.2549138	-93.1076781
MN	27003050215	18272717	161118	7.055	0.062	45.2314582	-93.2395354
MN	27003050216	36891204	981529	14.244	0.379	45.2463761	-93.175969
MN	27003050217	25044961	259929	9.67	0.1	45.2818591	-93.3089943
MN	27003050218	17214116	322439	6.646	0.124	45.2767827	-93.3770723
MN	27003050219	8037119	1384682	3.103	0.535	45.2464944	-93.3612935
MN	27003050220	13956127	30571	5.388	0.012	45.240557	-93.3302206
MN	27003050222	4835210	1106	1.867	0.	45.2287768	-93.2831303
MN	27003050223	14171641	392271	5.472	0.151	45.2645106	-93.4931566
MN	27003050224	17738259	112355	6.849	0.043	45.2785717	-93.4709855
MN	27003050226	3498868	227204	1.351	0.088	45.240501	-93.398568
MN	27003050227	4753644	354722	1.835	0.137	45.232998	-93.410004
MN	27003050228	16285236	986012	6.288	0.381	45.2403053	-93.4604605
MN	27003050229	10439944	86914	4.031	0.034	45.183334	-93.1306938
MN	27003050230	22266839	3055235	8.597	1.18	45.1703246	-93.038304
MN	27003050232	5504434	779522	2.125	0.301	45.1674612	-93.0551677
MN	27003050233	13116710	902716	5.064	0.349	45.2030894	-93.0914622
MN	27003050234	17065933	2559971	6.589	0.988	45.2832553	-93.1841022
MN	27003050235	16904789	45875	6.527	0.018	45.2799997	-93.2390116
MN	27003050236	11550740	116141	4.46	0.045	45.1393262	-93.0745203
MN	27003050237	15706318	8763972	6.064	3.384	45.1466629	-93.0954501
MN	27003050238	4906452	67406	1.894	0.026	45.2509937	-93.3050079
MN	27003050239	8045407	20578	3.106	0.008	45.2476048	-93.2750365
MN	27003050240	4379326	58714	1.691	0.023	45.2534097	-93.4163144
MN	27003050241	13909784	414022	5.371	0.16	45.2832641	-93.4115211
MN	27003050401	4724982	182405	1.824	0.07	45.2151598	-93.4015208
MN	27003050402	2550554	567494	0.985	0.219	45.2037461	-93.4076652
MN	27003050501	2071940	228837	0.8	0.088	45.1957414	-93.3845187
MN	27003050504	1984573	70696	0.766	0.027	45.1943977	-93.3721385
MN	27003050505	5937231	266427	2.292	0.103	45.2207644	-93.3755991
MN	27003050602	1942922	0	0.75	0.	45.182854	-93.3281991
MN	27003050605	5112997	840801	1.974	0.325	45.1674858	-93.3389775
MN	27003050606	2317890	334764	0.895	0.129	45.144424	-93.3043519
MN	27003050607	3282588	5279	1.267	0.002	45.174472	-93.3298376
MN	27003050608	3276535	58281	1.265	0.023	45.1685657	-93.3049161
MN	27003050609	5266213	346927	2.033	0.134	45.1992755	-93.3484988
MN	27003050611	2253917	1161	0.87	0.	45.1814927	-93.351107
MN	27003050612	1585459	0	0.612	0.	45.190778	-93.3611531
MN	27003050702	2342611	1356	0.904	0.001	45.1811469	-93.2793756
MN	27003050704	4217491	4331	1.628	0.002	45.1730932	-93.2888765
MN	27003050706	2168989	0	0.837	0.	45.1533126	-93.2718728
MN	27003050707	5130540	9884	1.981	0.004	45.204478	-93.3125462
MN	27003050709	3127910	216005	1.208	0.083	45.1348158	-93.289546
MN	27003050710	5510365	2710	2.128	0.001	45.1426072	-93.2838782
MN	27003050711	6413638	59361	2.476	0.023	45.2044408	-93.2736291
MN	27003050712	4584160	19016	1.77	0.007	45.1910336	-93.3129659
MN	27003050807	2563545	28532	0.99	0.011	45.1711669	-93.2503313
MN	27003050808	1112981	0	0.43	0.	45.163527	-93.2597809
MN	27003050810	2658379	19634	1.026	0.008	45.1428972	-93.2514365
MN	27003050811	3776413	149327	1.458	0.058	45.1325165	-93.2525077
MN	27003050816	17685596	251257	6.828	0.097	45.1620426	-93.1551443
MN	27003050818	8543880	338854	3.299	0.131	45.2038325	-93.196503
MN	27003050819	9405506	678707	3.631	0.262	45.176095	-93.1842713
MN	27003050820	2527471	69560	0.976	0.027	45.1880875	-93.2228027
MN	27003050821	4587980	593135	1.771	0.229	45.1725971	-93.2227025
MN	27003050822	1950400	46974	0.753	0.018	45.2016847	-93.2262668
MN	27003050823	3901431	6977	1.506	0.003	45.2044451	-93.2521906
MN	27003050824	3030783	93003	1.17	0.036	45.1850155	-93.2448393
MN	27003050825	2050665	79799	0.792	0.031	45.1939787	-93.2542067
MN	27003050826	2383204	88101	0.92	0.034	45.1582549	-93.2420752
MN	27003050827	1555833	125642	0.601	0.049	45.1545332	-93.2574472
MN	27003050828	3256621	84995	1.257	0.033	45.128185	-93.1754463
MN	27003050829	13411398	234982	5.178	0.091	45.1448127	-93.2105141
MN	27003050901	2119401	14443	0.818	0.006	45.1406321	-93.1726636
MN	27003050902	4527483	510751	1.748	0.197	45.143748	-93.147517
MN	27003051001	2807771	241212	1.084	0.093	45.117175	-93.2355425
MN	27003051002	2219409	0	0.857	0.	45.1161606	-93.2560351
MN	27003051101	5843587	613475	2.256	0.237	45.1060995	-93.2728065
MN	27003051102	3741109	713	1.444	0.	45.0967016	-93.2537258
MN	27003051103	3029821	803	1.17	0.	45.0965121	-93.2367201
MN	27003051201	2374127	262469	0.917	0.101	45.0755825	-93.273065
MN	27003051202	2540058	276316	0.981	0.107	45.0764137	-93.2547924
MN	27003051203	3750114	190985	1.448	0.074	45.0732681	-93.235695
MN	27003051206	5044996	511317	1.948	0.197	45.054828	-93.2719382
MN	27003051302	2196280	111800	0.848	0.043	45.0549485	-93.239614
MN	27003051304	848697	0	0.328	0.	45.0556714	-93.2608695
MN	27003051305	1360237	64235	0.525	0.025	45.056299	-93.2532031
MN	27003051400	2112203	0	0.816	0.	45.0414089	-93.2602834
MN	27003051501	1112944	44793	0.43	0.017	45.0431749	-93.2437181
MN	27003051502	1504583	62077	0.581	0.024	45.0419136	-93.233357
MN	27003051600	86644571	6936824	33.454	2.678	45.3739457	-93.0602925
MN	27005450100	674909434	20901833	260.584	8.07	46.8840424	-95.278335
MN	27005450200	445298593	57864831	171.931	22.342	46.8326773	-95.5326426
MN	27005450300	245083790	34428523	94.627	13.293	46.8395322	-95.7211123
MN	27005450400	127272552	13818440	49.14	5.335	46.8984992	-95.8726267
MN	27005450500	14347445	552554	5.54	0.213	46.8320244	-95.8394599
MN	27005450600	6169918	6313451	2.382	2.438	46.7892768	-95.8386128
MN	27005450700	85997042	27920560	33.204	10.78	46.7385735	-95.837981
MN	27005450800	223791152	19852599	86.406	7.665	46.8555468	-95.983121
MN	27005450900	418333501	46572304	161.519	17.982	46.9212346	-96.1215524
MN	27005940000	1164725878	108765066	449.703	41.994	47.0502969	-95.6578997
MN	27007450101	88852516	2139214	34.306	0.826	47.5352761	-95.0020397
MN	27007450102	351361140	13395925	135.661	5.172	47.477313	-94.9969705
MN	27007450201	33526916	4530434	12.945	1.749	47.5747749	-94.8492111
MN	27007450202	59677841	18451908	23.042	7.124	47.5425983	-94.8563698
MN	27007450300	642176895	68013696	247.946	26.26	47.6186497	-94.7723677
MN	27007450400	686863726	48648745	265.2	18.783	47.7276377	-94.8398749
MN	27007450500	2832156941	187480051	1093.502	72.386	48.3461613	-95.3146018
MN	27007450600	3868607	5492185	1.494	2.121	47.4794273	-94.8755638
MN	27007450703	12781402	48097	4.935	0.019	47.5133401	-94.9334162
MN	27007450704	17547092	7508646	6.775	2.899	47.4669862	-94.8899444
MN	27007450705	20154110	1485677	7.782	0.574	47.4762208	-94.8108898
MN	27007450706	5532307	8731	2.136	0.003	47.4558403	-94.8511868
MN	27007940001	1472278364	974249898	568.45	376.16	48.0638425	-95.1856593
MN	27007940002	260217049	94302773	100.47	36.411	47.4909818	-94.5535594
MN	27009020100	363184004	150982	140.226	0.058	45.6951973	-93.8354921
MN	27009020202	317811484	639226	122.708	0.247	45.7299915	-94.0373072
MN	27009020203	118443041	4155597	45.731	1.604	45.7809656	-94.2081945
MN	27009020205	52588855	5449948	20.305	2.104	45.6909483	-94.1742921
MN	27009020206	18858424	629563	7.281	0.243	45.632842	-94.1642779
MN	27009020300	159488052	456260	61.579	0.176	45.5992765	-94.0181761
MN	27009021102	6399409	247088	2.471	0.095	45.5862451	-94.1508413
MN	27009021103	2679297	359415	1.034	0.139	45.6047589	-94.1816776
MN	27009021104	7051459	0	2.723	0.	45.607234	-94.1549565
MN	27009021201	10995878	198748	4.246	0.077	45.5701228	-94.1226286
MN	27011950100	737992362	39913300	284.94	15.411	45.3769553	-96.2855643
MN	27011950200	527455622	33140090	203.652	12.795	45.4933906	-96.5858961
MN	27011950300	27290466	1892445	10.537	0.731	45.298491	-96.4294149
MN	27013170100	111771091	15030983	43.155	5.803	44.1804946	-93.835493
MN	27013170200	96736439	2089332	37.35	0.807	44.1841135	-93.94137
MN	27013170300	8328782	313655	3.216	0.121	44.1887973	-93.9921827
MN	27013170400	4893304	36697	1.889	0.014	44.167944	-93.9730568
MN	27013170500	4471526	2440	1.726	0.001	44.1579935	-93.9579435
MN	27013170600	806748	0	0.311	0.	44.1677046	-93.9945459
MN	27013170700	1373267	94387	0.53	0.036	44.1625919	-94.008276
MN	27013170800	13253568	267632	5.117	0.103	44.1411302	-94.019938
MN	27013170900	346714714	5119276	133.867	1.977	44.1449065	-94.2588628
MN	27013171000	115299611	7308686	44.517	2.822	44.0846976	-94.1950556
MN	27013171101	1862922	0	0.719	0.	44.1504116	-94.0014226
MN	27013171202	5084845	30548	1.963	0.012	44.1420504	-93.9800606
MN	27013171300	296383852	2623129	114.434	1.013	44.0700922	-93.9327726
MN	27013171400	448082236	9140707	173.006	3.529	43.9242666	-93.9184266
MN	27013171500	478614908	3903127	184.794	1.507	43.9405423	-94.2112746
MN	27013171600	3208984	0	1.239	0.	44.1376309	-93.9942937
MN	27015960101	2264610	58582	0.874	0.023	44.3169221	-94.4575145
MN	27015960102	3247113	246898	1.254	0.095	44.2954666	-94.4306662
MN	27015960200	6260559	0	2.417	0.	44.2973466	-94.4618889
MN	27015960300	1993519	0	0.77	0.	44.31708	-94.4729871
MN	27015960400	506924599	1978196	195.725	0.764	44.3549267	-94.7355952
MN	27015960500	47244453	1011658	18.241	0.391	44.287012	-94.7124344
MN	27015960600	265709246	185041	102.591	0.071	44.1878066	-95.0102758
MN	27015960700	749121844	15053578	289.238	5.812	44.1849091	-94.6400298
MN	27017070100	22518034	1575104	8.694	0.608	46.7427777	-92.454805
MN	27017070200	10082555	40680	3.893	0.016	46.6934074	-92.439202
MN	27017070300	104448047	1748285	40.328	0.675	46.718039	-92.3622508
MN	27017070401	31346446	0	12.103	0.	46.6810755	-92.477965
MN	27017070402	536151387	6531311	207.009	2.522	46.530587	-92.4361679
MN	27017070501	50571878	2153335	19.526	0.831	46.4669985	-92.7737514
MN	27017070502	276893754	6012738	106.909	2.322	46.5230051	-92.6475391
MN	27017070600	985105493	10301452	380.351	3.977	46.6000988	-92.8829926
MN	27017940000	213356363	7810546	82.377	3.016	46.7120167	-92.5845103
MN	27019090101	59292311	5127926	22.893	1.98	44.9326468	-93.8394872
MN	27019090102	27082960	1667157	10.457	0.644	44.9639091	-93.8273175
MN	27019090200	184905858	2403523	71.393	0.928	44.8886498	-93.953032
MN	27019090302	22887043	798713	8.837	0.308	44.8213196	-93.8000913
MN	27019090303	3194206	363242	1.233	0.14	44.8474681	-93.7899206
MN	27019090304	47412539	16250330	18.306	6.274	44.8631576	-93.8433354
MN	27019090401	68255548	8105051	26.354	3.129	44.8535615	-93.7264155
MN	27019090402	20699537	3963274	7.992	1.53	44.8562195	-93.6565211
MN	27019090501	6128728	2765572	2.366	1.068	44.8852854	-93.5921222
MN	27019090502	3388574	77875	1.308	0.03	44.876838	-93.582669
MN	27019090503	5530943	841496	2.136	0.325	44.8662049	-93.5606205
MN	27019090601	3514561	512908	1.357	0.198	44.8670638	-93.5311799
MN	27019090602	3081327	561159	1.19	0.217	44.8859765	-93.5320713
MN	27019090702	16196070	1029404	6.253	0.397	44.8220961	-93.5463485
MN	27019090703	11794613	408630	4.554	0.158	44.8548198	-93.5728928
MN	27019090704	2506850	129589	0.968	0.05	44.8485548	-93.5293685
MN	27019090801	5674094	161933	2.191	0.063	44.8161785	-93.6161251
MN	27019090802	8645217	535905	3.338	0.207	44.843772	-93.6312668
MN	27019090901	4542902	0	1.754	0.	44.8126365	-93.5833781
MN	27019090902	6938777	656365	2.679	0.253	44.8307529	-93.5874959
MN	27019091001	4771685	203520	1.842	0.079	44.7962516	-93.5786316
MN	27019091002	12548195	295623	4.845	0.114	44.798862	-93.626404
MN	27019091100	161399398	4432333	62.317	1.711	44.7377617	-93.7046945
MN	27019091201	90181858	2943016	34.819	1.136	44.7589316	-93.9403722
MN	27019091202	135967855	2836521	52.497	1.095	44.7427854	-93.8222885
MN	27021940001	394656910	214025675	152.378	82.636	47.099673	-94.5371905
MN	27021940002	828237489	341520446	319.784	131.862	47.3178259	-94.336341
MN	27021960100	1026758432	59325851	396.434	22.906	47.09617	-93.9148072
MN	27021960200	775231461	211403940	299.319	81.624	46.99493	-94.170725
MN	27021960301	108139169	43622275	41.753	16.843	46.959238	-94.371593
MN	27021960302	152737473	33891034	58.972	13.085	46.8999754	-94.3519257
MN	27021960600	334995294	38517020	129.342	14.872	46.8417963	-94.5239009
MN	27021960700	869877856	16475926	335.862	6.361	46.6549875	-94.5823046
MN	27021960801	90227987	38283032	34.837	14.781	46.371807	-94.3757989
MN	27021960803	256645634	5559705	99.091	2.147	46.4164053	-94.6767016
MN	27021960804	398059432	13967596	153.692	5.393	46.4433323	-94.4833619
MN	27023950300	261108116	1848501	100.814	0.714	44.8974318	-95.5669269
MN	27023950400	358060774	135272	138.248	0.052	44.9828492	-95.3669615
MN	27023950500	838851727	13844538	323.882	5.345	45.087028	-95.6443677
MN	27023950601	12023220	712567	4.642	0.275	44.9147873	-95.7024509
MN	27023950602	35318039	697472	13.636	0.269	44.9692062	-95.7530441
MN	27025110100	181482716	20179162	70.071	7.791	45.621227	-93.0447974
MN	27025110201	55111665	1195658	21.279	0.462	45.7020278	-92.9232111
MN	27025110202	200710451	2047110	77.495	0.79	45.5758168	-92.9276265
MN	27025110301	48169281	1067850	18.598	0.412	45.5325909	-92.9583911
MN	27025110302	44032136	57445	17.001	0.022	45.490296	-92.9629034
MN	27025110402	88237490	4758306	34.069	1.837	45.4230438	-92.9703205
MN	27025110403	34382108	2250981	13.275	0.869	45.3238115	-92.944782
MN	27025110404	39374020	1351931	15.202	0.522	45.3535096	-92.9890132
MN	27025110501	13359545	6991009	5.158	2.699	45.4045125	-92.8372958
MN	27025110503	20140291	10309450	7.776	3.981	45.3677593	-92.842249
MN	27025110504	11797306	7322285	4.555	2.827	45.338607	-92.9129895
MN	27025110600	171777153	10161660	66.324	3.923	45.3903577	-92.78688
MN	27025110700	166010705	3490753	64.097	1.348	45.466222	-92.7434923
MN	27027020300	2045012	0	0.79	0.	46.8716074	-96.7664701
MN	27027020400	1926292	0	0.744	0.	46.8639026	-96.759082
MN	27027020500	4611406	0	1.78	0.	46.8439367	-96.7761755
MN	27027020600	4364171	0	1.685	0.	46.8538673	-96.748176
MN	27027020700	1838444	0	0.71	0.	46.8831601	-96.7657005
MN	27027030106	17891017	0	6.908	0.	46.9188555	-96.759586
MN	27027030107	618343949	3230	238.744	0.001	47.0421465	-96.6586133
MN	27027030108	2435032	18637	0.94	0.007	46.8409047	-96.7592956
MN	27027030109	3827615	0	1.478	0.	46.8397077	-96.7313711
MN	27027030110	333235316	0	128.663	0.	46.7152758	-96.6838276
MN	27027030111	166089807	295129	64.128	0.114	46.8274322	-96.6010482
MN	27027030112	16518851	7222	6.378	0.003	46.8779633	-96.6851664
MN	27027030201	877687734	6292681	338.877	2.43	46.9859484	-96.353445
MN	27027030202	648046688	12686493	250.212	4.898	46.7392252	-96.3540991
MN	27027030300	4403787	0	1.7	0.	46.8824324	-96.741381
MN	27027030400	3727976	0	1.439	0.	46.868082	-96.7277206
MN	27029000100	174180013	2869816	67.251	1.108	47.5581793	-95.4580235
MN	27029000200	1158474935	49566411	447.29	19.138	47.3406362	-95.3601918
MN	27029000300	1254751792	28192481	484.462	10.885	47.7980659	-95.4096687
MN	27031480101	1216128458	416965333	469.55	160.991	47.9597901	-90.0163777
MN	27031480102	2397485099	277229033	925.674	107.039	47.8714209	-90.7094947
MN	27031480200	148540317	8474067	57.352	3.272	47.798937	-90.4463588
MN	27031990000	0	4185238007	0.	1615.929	47.538569	-90.2901889
MN	27033270100	369305514	2570985	142.59	0.993	44.0244624	-94.9680644
MN	27033270200	558140819	2264164	215.499	0.874	44.1006698	-95.2854152
MN	27033270300	540771547	12510980	208.793	4.831	43.9423068	-95.2858141
MN	27033270400	189304439	4903803	73.091	1.893	43.8935637	-94.992687
MN	27035950100	527035142	46394399	203.489	17.913	46.6924199	-93.9287168
MN	27035950204	94416297	15893182	36.454	6.136	46.6822164	-94.0621357
MN	27035950401	69707333	12382756	26.914	4.781	46.5939818	-94.2279475
MN	27035950402	38742948	33971085	14.959	13.116	46.5617541	-94.1482628
MN	27035950501	48734836	29948039	18.817	11.563	46.4921827	-94.2782889
MN	27035950502	138058110	36012998	53.305	13.905	46.5229395	-94.1260258
MN	27035950701	81652794	10290400	31.526	3.973	46.5267557	-93.8822589
MN	27035950702	85854988	14950309	33.149	5.772	46.5049417	-94.0187174
MN	27035950801	136083599	32066901	52.542	12.381	46.4133398	-93.8597687
MN	27035950802	220120385	16301015	84.989	6.294	46.3915553	-94.0338318
MN	27035950901	45867937	18473059	17.71	7.132	46.4271039	-94.2169499
MN	27035950902	25475502	13055252	9.836	5.041	46.4445723	-94.3084929
MN	27035951000	15894784	3477875	6.137	1.343	46.3767565	-94.1733994
MN	27035951100	15222523	0	5.877	0.	46.3346576	-94.1852925
MN	27035951200	7926236	802648	3.06	0.31	46.3720676	-94.2230653
MN	27035951301	26198242	5459724	10.115	2.108	46.3648505	-94.2851763
MN	27035951303	14068251	994456	5.432	0.384	46.326711	-94.2240936
MN	27035951304	20363920	1926749	7.863	0.744	46.3305717	-94.2896036
MN	27035951400	406404976	12802114	156.914	4.943	46.236492	-94.2094113
MN	27035951600	334196342	34180029	129.034	13.197	46.2360156	-93.9256964
MN	27035951700	233713128	70329727	90.237	27.154	46.7152115	-94.2383734
MN	27037060101	1405286	25033	0.543	0.01	44.9150824	-93.0768068
MN	27037060102	1289760	0	0.498	0.	44.9167654	-93.0964721
MN	27037060103	2257503	86884	0.872	0.034	44.8993733	-93.1035078
MN	27037060104	3997687	79989	1.544	0.031	44.8962723	-93.0899441
MN	27037060105	3761700	76909	1.452	0.03	44.8999796	-93.075236
MN	27037060201	1894518	26773	0.731	0.01	44.906952	-93.0615115
MN	27037060202	2676881	262583	1.034	0.101	44.9054572	-93.0507853
MN	27037060301	3344671	226208	1.291	0.087	44.8901223	-93.0332561
MN	27037060302	1668680	26055	0.644	0.01	44.8870396	-93.0578786
MN	27037060401	1120372	0	0.433	0.	44.8791032	-93.0397815
MN	27037060402	2937303	618721	1.134	0.239	44.871104	-93.0262596
MN	27037060502	4732142	512933	1.827	0.198	44.8561169	-93.0288005
MN	27037060503	3408555	548585	1.316	0.212	44.8412143	-93.0258687
MN	27037060505	15788204	1133071	6.096	0.437	44.8545546	-93.092637
MN	27037060506	6448185	425001	2.49	0.164	44.859432	-93.0570989
MN	27037060507	4340696	184357	1.676	0.071	44.8370571	-93.0533787
MN	27037060508	30755551	1058766	11.875	0.409	44.8039357	-93.0684171
MN	27037060509	11477200	2697557	4.431	1.042	44.8258381	-93.0147419
MN	27037060603	7193175	864693	2.777	0.334	44.9009162	-93.1216643
MN	27037060604	4613279	340988	1.781	0.132	44.8897427	-93.1444899
MN	27037060605	10031710	1921532	3.873	0.742	44.8730429	-93.1560209
MN	27037060606	3785306	309720	1.462	0.12	44.8729856	-93.1170202
MN	27037060709	3752455	209321	1.449	0.081	44.7590705	-93.3168753
MN	27037060710	10213320	361502	3.943	0.14	44.777997	-93.3059622
MN	27037060711	3573178	30615	1.38	0.012	44.7582405	-93.2810093
MN	27037060713	2839920	54332	1.096	0.021	44.7607027	-93.2665016
MN	27037060714	4308101	193918	1.663	0.075	44.7768957	-93.2365973
MN	27037060716	3782700	292715	1.461	0.113	44.8242789	-93.1831132
MN	27037060717	11752836	552732	4.538	0.213	44.8465754	-93.1305462
MN	27037060721	1896583	27938	0.732	0.011	44.8098213	-93.2166673
MN	27037060725	10624863	1557742	4.102	0.601	44.8533988	-93.1863948
MN	27037060726	4772674	182884	1.843	0.071	44.8528715	-93.1643978
MN	27037060727	2291651	267500	0.885	0.103	44.8225723	-93.1531042
MN	27037060728	4629090	142773	1.787	0.055	44.8265361	-93.1300039
MN	27037060729	4607569	300273	1.779	0.116	44.8152168	-93.1628158
MN	27037060731	8854610	1311293	3.419	0.506	44.7827351	-93.1413627
MN	27037060732	4929647	326616	1.903	0.126	44.7963538	-93.1124393
MN	27037060733	3443726	262674	1.33	0.101	44.7969404	-93.1825974
MN	27037060734	5231113	275155	2.02	0.106	44.7801404	-93.1950032
MN	27037060735	3521679	102112	1.36	0.039	44.8012565	-93.204409
MN	27037060737	2137218	41749	0.825	0.016	44.772053	-93.2718722
MN	27037060738	2128928	26050	0.822	0.01	44.7720043	-93.2541621
MN	27037060739	8155429	444648	3.149	0.172	44.7319114	-93.3202845
MN	27037060742	3523937	1458656	1.361	0.563	44.7265211	-93.2666654
MN	27037060743	788808	753	0.305	0.	44.7973601	-93.2256341
MN	27037060744	2064522	86310	0.797	0.033	44.7876283	-93.2188668
MN	27037060745	3833185	56237	1.48	0.022	44.7432234	-93.2881434
MN	27037060746	1993430	508	0.77	0.	44.7243915	-93.293773
MN	27037060747	1964600	26691	0.759	0.01	44.7965041	-93.2371155
MN	27037060748	11545791	1918559	4.458	0.741	44.7998779	-93.2675744
MN	27037060749	732207	18727	0.283	0.007	44.8226345	-93.1992649
MN	27037060750	1913037	21607	0.739	0.008	44.8126041	-93.2022803
MN	27037060751	2389015	98106	0.922	0.038	44.8089327	-93.1384494
MN	27037060752	2528651	73857	0.976	0.029	44.810879	-93.118487
MN	27037060753	1326406	30068	0.512	0.012	44.7381918	-93.271193
MN	27037060754	3290994	446007	1.271	0.172	44.7425516	-93.2526221
MN	27037060805	1505821	74325	0.581	0.029	44.7686333	-93.2119363
MN	27037060806	5328793	54168	2.057	0.021	44.7579782	-93.231782
MN	27037060811	4251870	120058	1.642	0.046	44.7406643	-93.2347278
MN	27037060812	3595431	277171	1.388	0.107	44.7246681	-93.2316029
MN	27037060813	7840919	1757398	3.027	0.679	44.7034713	-93.2991255
MN	27037060814	4935536	246859	1.906	0.095	44.7061645	-93.272278
MN	27037060815	6789796	237581	2.622	0.092	44.6829511	-93.2732265
MN	27037060816	7239749	34090	2.795	0.013	44.7021003	-93.249169
MN	27037060819	4316663	216914	1.667	0.084	44.7054047	-93.2311426
MN	27037060822	2895775	276918	1.118	0.107	44.768323	-93.1971085
MN	27037060823	4216468	115926	1.628	0.045	44.744623	-93.197177
MN	27037060824	2825982	22956	1.091	0.009	44.7472714	-93.2121442
MN	27037060828	1924083	33742	0.743	0.013	44.724066	-93.2085288
MN	27037060829	3241042	36878	1.251	0.014	44.7258092	-93.1860771
MN	27037060830	2877115	34152	1.111	0.013	44.7046573	-93.2073369
MN	27037060831	4938012	155955	1.907	0.06	44.7088658	-93.177898
MN	27037060832	4943459	209628	1.909	0.081	44.6945403	-93.1774698
MN	27037060833	6865837	14811	2.651	0.006	44.6883933	-93.2098083
MN	27037060834	12078128	1433001	4.663	0.553	44.667097	-93.2769185
MN	27037060835	12708217	207830	4.907	0.08	44.6400942	-93.2864525
MN	27037060836	9730383	3398	3.757	0.001	44.6419253	-93.2353864
MN	27037060837	7844980	2331	3.029	0.001	44.6661443	-93.2288807
MN	27037060838	2605082	26342	1.006	0.01	44.7385659	-93.1621501
MN	27037060839	2644635	24986	1.021	0.01	44.7259513	-93.1657263
MN	27037060840	4851977	401027	1.873	0.155	44.7659404	-93.1720808
MN	27037060841	3807612	293404	1.47	0.113	44.747867	-93.174241
MN	27037060902	14084890	238781	5.438	0.092	44.6506264	-93.1891594
MN	27037060904	8816822	94219	3.404	0.036	44.614202	-93.1452065
MN	27037060905	20193580	137334	7.797	0.053	44.637893	-93.1006244
MN	27037060906	6467524	17978	2.497	0.007	44.6775859	-93.1931841
MN	27037060907	13820580	261115	5.336	0.101	44.6766981	-93.156336
MN	27037061001	194453449	11120371	75.079	4.294	44.6942077	-93.0026045
MN	27037061003	69373761	4707103	26.785	1.817	44.7572082	-93.0528224
MN	27037061005	1284298	2056	0.496	0.001	44.7373522	-93.1449537
MN	27037061007	3024655	100372	1.168	0.039	44.7242245	-93.1444077
MN	27037061008	1486544	6345	0.574	0.002	44.7404243	-93.1271601
MN	27037061009	5618282	33425	2.169	0.013	44.7464442	-93.1058815
MN	27037061010	2909876	177128	1.124	0.068	44.7556775	-93.1398018
MN	27037061011	2429313	76737	0.938	0.03	44.7459176	-93.135437
MN	27037061102	7252950	811101	2.8	0.313	44.7480253	-92.8813431
MN	27037061105	1693863	0	0.654	0.	44.7307445	-92.859919
MN	27037061106	2200949	0	0.85	0.	44.7348362	-92.8865319
MN	27037061109	9670125	1161270	3.734	0.448	44.7328847	-92.8303022
MN	27037061110	15488166	6239	5.98	0.002	44.6905555	-92.8432715
MN	27037061111	4964344	88717	1.917	0.034	44.7241784	-92.8832548
MN	27037061112	15734531	17707	6.075	0.007	44.6945396	-92.8625847
MN	27037061401	114228992	4931298	44.104	1.904	44.6586911	-92.8026504
MN	27037061402	212161824	3588573	81.916	1.386	44.5716298	-92.9238254
MN	27037061501	168830427	1939174	65.186	0.749	44.5872188	-93.1674265
MN	27037061502	149751885	4540912	57.82	1.753	44.509223	-93.169251
MN	27039950100	241576005	402294	93.273	0.155	44.1272104	-92.7704575
MN	27039950200	205688381	51078	79.417	0.02	44.0270786	-92.8653914
MN	27039950300	296996079	158774	114.671	0.061	44.0783411	-92.9726202
MN	27039950400	373330759	191417	144.144	0.074	43.9139771	-92.8289998
MN	27039950500	20440088	1275	7.892	0.	44.0268679	-92.7421904
MN	27041450100	417497781	58385295	161.197	22.543	46.067295	-95.4445116
MN	27041450200	412896136	49909299	159.42	19.27	45.8540046	-95.6802019
MN	27041450500	224706031	10690136	86.759	4.127	45.9622261	-95.2396968
MN	27041450601	9102231	2959828	3.514	1.143	45.8963188	-95.3369677
MN	27041450602	10489867	1858098	4.05	0.717	45.874901	-95.3256835
MN	27041450702	7114888	3028810	2.747	1.169	45.9035899	-95.3858573
MN	27041450703	15741292	719075	6.078	0.278	45.856551	-95.364134
MN	27041450704	11126276	882687	4.296	0.341	45.8676138	-95.3942566
MN	27041450800	216694994	13187144	83.666	5.092	45.802664	-95.2520388
MN	27041450900	197068416	36028915	76.089	13.911	45.811985	-95.5069989
MN	27041451000	127068295	38097272	49.061	14.709	45.9615411	-95.4384365
MN	27043460100	451584130	10782920	174.358	4.163	43.7719595	-93.849407
MN	27043460200	280027198	7434419	108.119	2.87	43.7872056	-94.107142
MN	27043460300	437060347	1990316	168.75	0.768	43.601373	-94.1378598
MN	27043460400	18446811	476912	7.122	0.184	43.640771	-94.0941444
MN	27043460500	573949492	3267965	221.603	1.262	43.5943188	-93.8381239
MN	27043460600	84245202	458156	32.527	0.177	43.7214594	-93.7007513
MN	27045960100	238993333	903290	92.276	0.349	43.7961142	-91.9120968
MN	27045960200	456402559	0	176.218	0.	43.7718391	-92.2463631
MN	27045960300	181402643	85610	70.04	0.033	43.6711353	-92.3920648
MN	27045960400	476264307	13563	183.887	0.005	43.645104	-92.087052
MN	27045960500	444318449	72332	171.552	0.028	43.5367794	-92.1495714
MN	27045960600	433461890	981022	167.361	0.379	43.6689715	-91.833899
MN	27047180100	388318925	7186234	149.931	2.775	43.7539127	-93.1792931
MN	27047180200	433776920	9149030	167.482	3.532	43.7711939	-93.493969
MN	27047180300	392078980	8254809	151.383	3.187	43.5943961	-93.5198222
MN	27047180400	3944002	1200403	1.523	0.463	43.6618908	-93.3817117
MN	27047180500	9544617	633378	3.685	0.245	43.6808932	-93.3677762
MN	27047180600	14484337	3988278	5.592	1.54	43.6521321	-93.3357938
MN	27047180700	224032891	7787568	86.5	3.007	43.5611661	-93.3119458
MN	27047180800	2771151	2334	1.07	0.001	43.6461311	-93.3867802
MN	27047180900	2915688	0	1.126	0.	43.6384226	-93.3777738
MN	27047181000	359888932	1103192	138.954	0.426	43.5794458	-93.1789722
MN	27049080101	4343376	30519	1.677	0.012	44.54739	-92.5495354
MN	27049080102	8590466	445	3.317	0.	44.5408282	-92.5329025
MN	27049080201	22599952	1673480	8.726	0.646	44.546747	-92.5027442
MN	27049080202	107634473	22928182	41.558	8.853	44.5981012	-92.6392868
MN	27049080300	275951518	27834603	106.545	10.747	44.4697639	-92.4366508
MN	27049080400	417521471	2873827	161.206	1.11	44.4815462	-92.6764437
MN	27049080500	340815261	3000675	131.59	1.159	44.4363492	-92.8955198
MN	27049080600	28798386	333664	11.119	0.129	44.5116734	-92.8933945
MN	27049080700	376121195	86511	145.221	0.033	44.2831759	-92.9182923
MN	27049080800	181756974	175838	70.177	0.068	44.2283577	-92.6803823
MN	27049080900	195745138	175246	75.578	0.068	44.3227998	-92.682884
MN	27051070100	515722664	44460684	199.122	17.166	46.0281329	-95.9672996
MN	27051070200	903072715	27244506	348.678	10.519	45.8747818	-96.0237702
MN	27053000101	2001537	0	0.773	0.	45.0454917	-93.3086485
MN	27053000102	2329304	160200	0.899	0.062	45.0430125	-93.289513
MN	27053000300	1016694	0	0.393	0.	45.0297772	-93.3135562
MN	27053000601	3785112	0	1.461	0.	45.0265683	-93.2503049
MN	27053000603	1298100	0	0.501	0.	45.0282496	-93.23163
MN	27053001100	651500	0	0.252	0.	45.0168105	-93.2422653
MN	27053001700	851236	111062	0.329	0.043	45.0087925	-93.2668994
MN	27053002200	453961	0	0.175	0.	45.0025363	-93.290277
MN	27053002400	766875	104883	0.296	0.04	45.0027673	-93.2691087
MN	27053002700	653720	0	0.252	0.	44.9951695	-93.3133431
MN	27053003200	646049	1933	0.249	0.001	44.9870203	-93.3140001
MN	27053003300	616347	0	0.238	0.	44.9879981	-93.3032245
MN	27053003801	543327	75618	0.21	0.029	44.9845732	-93.2444106
MN	27053003802	304569	4513	0.118	0.002	44.9838887	-93.2394459
MN	27053005901	458497	0	0.177	0.	44.9675673	-93.2600315
MN	27053005902	486608	0	0.188	0.	44.9630404	-93.2644337
MN	27053006800	480128	0	0.185	0.	44.9600129	-93.2829297
MN	27053007700	680287	0	0.263	0.	44.950155	-93.2874611
MN	27053007801	271660	0	0.105	0.	44.952875	-93.2749236
MN	27053008100	628139	0	0.243	0.	44.9448465	-93.2932275
MN	27053008200	628213	0	0.243	0.	44.9448417	-93.2830363
MN	27053008300	470682	0	0.182	0.	44.9448508	-93.2741004
MN	27053008400	466901	0	0.18	0.	44.9448631	-93.2664462
MN	27053008500	936189	44329	0.361	0.017	44.9429041	-93.2572053
MN	27053009500	641075	0	0.248	0.	44.934165	-93.2650375
MN	27053009600	836093	0	0.323	0.	44.9332465	-93.2587179
MN	27053010600	1014231	0	0.392	0.	44.9151125	-93.3136735
MN	27053010700	874057	0	0.337	0.	44.9209836	-93.2929753
MN	27053011000	1458151	0	0.563	0.	44.9214885	-93.2549185
MN	27053011703	1737541	50178	0.671	0.019	44.9097702	-93.2543538
MN	27053011704	1209063	0	0.467	0.	44.8975075	-93.2570066
MN	27053011800	2326538	764276	0.898	0.295	44.9105663	-93.234796
MN	27053011998	1494682	13765	0.577	0.005	44.9099064	-93.2145531
MN	27053012001	2536347	88162	0.979	0.034	44.8970126	-93.3054316
MN	27053012003	2379029	206554	0.919	0.08	44.8961089	-93.2768378
MN	27053012101	1092789	4108	0.422	0.002	44.8999037	-93.229813
MN	27053012102	1415246	0	0.546	0.	44.8999909	-93.2151834
MN	27053020101	1868497	0	0.721	0.	45.0300335	-93.21765
MN	27053020102	2494179	2644	0.963	0.001	45.0183985	-93.2124784
MN	27053020201	3451093	95670	1.332	0.037	45.0759531	-93.3097496
MN	27053020202	2566273	91830	0.991	0.035	45.0791479	-93.2918873
MN	27053020301	2235748	41595	0.863	0.016	45.0806715	-93.3284336
MN	27053020302	1208095	24351	0.466	0.009	45.0808139	-93.3444002
MN	27053020303	1950719	3460	0.753	0.001	45.070216	-93.3392615
MN	27053020304	1923789	0	0.743	0.	45.0682415	-93.3206116
MN	27053020400	3837236	574088	1.482	0.222	45.0527908	-93.3280775
MN	27053020500	1992919	54288	0.769	0.021	45.0566236	-93.2983324
MN	27053020600	1562360	94143	0.603	0.036	45.0647394	-93.2916975
MN	27053020700	3852113	170450	1.487	0.066	45.0609712	-93.3513459
MN	27053020801	1369367	0	0.529	0.	45.058863	-93.3697202
MN	27053020804	1757005	0	0.678	0.	45.0478275	-93.365259
MN	27053020902	1515351	25483	0.585	0.01	45.0273048	-93.3619585
MN	27053020903	1971596	11731	0.761	0.005	45.0391293	-93.3594938
MN	27053021001	2987848	2888	1.154	0.001	45.0164262	-93.3644786
MN	27053021002	1346088	0	0.52	0.	45.0109061	-93.359767
MN	27053021100	1106190	15941	0.427	0.006	45.0362518	-93.3459613
MN	27053021200	2627788	455574	1.015	0.176	45.030911	-93.3279867
MN	27053021300	1859190	0	0.718	0.	45.0264182	-93.339455
MN	27053021400	1645689	30867	0.635	0.012	45.0125951	-93.3273279
MN	27053021501	1826550	54469	0.705	0.021	45.0626903	-93.3899161
MN	27053021502	1983492	5954	0.766	0.002	45.0519544	-93.387455
MN	27053021503	3891818	6854	1.503	0.003	45.0419547	-93.3854072
MN	27053021504	2891574	77218	1.116	0.03	45.0278261	-93.3849074
MN	27053021505	2692242	15342	1.039	0.006	45.0183526	-93.3926437
MN	27053021601	4184079	816	1.615	0.	44.9940079	-93.3931529
MN	27053021602	6296127	73590	2.431	0.028	44.9953916	-93.3661745
MN	27053021700	5844545	455367	2.257	0.176	45.001046	-93.3344168
MN	27053021800	3853676	233386	1.488	0.09	44.9793014	-93.3329089
MN	27053021900	6243494	121509	2.411	0.047	44.9763507	-93.3724792
MN	27053022000	1731908	3442	0.669	0.001	44.9645588	-93.3467257
MN	27053022101	1368876	9332	0.529	0.004	44.9646507	-93.3649201
MN	27053022102	1339601	41491	0.517	0.016	44.9637767	-93.3765552
MN	27053022200	3818523	221874	1.474	0.086	44.9614613	-93.3907788
MN	27053022301	1402023	101732	0.541	0.039	44.9439811	-93.393769
MN	27053022302	1449908	1216	0.56	0.	44.9431218	-93.3864193
MN	27053022400	1572636	0	0.607	0.	44.9533964	-93.3685488
MN	27053022700	1752756	0	0.677	0.	44.9512454	-93.3526011
MN	27053022801	1734405	38219	0.67	0.015	44.9567715	-93.3371769
MN	27053022802	1387162	0	0.536	0.	44.9478006	-93.3394817
MN	27053022901	2469763	25130	0.954	0.01	44.9360812	-93.3373115
MN	27053022902	834815	6186	0.322	0.002	44.924341	-93.344975
MN	27053023000	3475381	86864	1.342	0.034	44.930036	-93.3618636
MN	27053023100	952802	10697	0.368	0.004	44.9251864	-93.3350254
MN	27053023201	2445313	22934	0.944	0.009	44.9377718	-93.4124363
MN	27053023202	1298931	23996	0.502	0.009	44.9298505	-93.392017
MN	27053023300	3027770	23340	1.169	0.009	44.9252637	-93.4164509
MN	27053023401	2137560	5545	0.825	0.002	44.9125314	-93.4096872
MN	27053023402	1615858	0	0.624	0.	44.9237574	-93.3841893
MN	27053023501	2926054	100648	1.13	0.039	44.9152752	-93.3690947
MN	27053023502	6068370	252083	2.343	0.097	44.9056976	-93.3841171
MN	27053023600	2651997	69292	1.024	0.027	44.9123154	-93.3407063
MN	27053023700	4549668	100928	1.757	0.039	44.8963304	-93.3658107
MN	27053023801	3210651	109587	1.24	0.042	44.8971829	-93.339778
MN	27053023802	1443515	0	0.557	0.	44.8971316	-93.3241647
MN	27053023901	3402893	29369	1.314	0.011	44.881548	-93.3663328
MN	27053023902	4332476	197252	1.673	0.076	44.8756256	-93.3872217
MN	27053023903	3615694	86228	1.396	0.033	44.8727609	-93.3672171
MN	27053024003	2630839	109935	1.016	0.042	44.869841	-93.33444
MN	27053024004	1304474	1115	0.504	0.	44.8702122	-93.3255723
MN	27053024005	1152234	1733	0.445	0.001	44.8814351	-93.3252112
MN	27053024006	1789565	239252	0.691	0.092	44.8848615	-93.3359426
MN	27053024100	1757176	0	0.678	0.	44.8861845	-93.3075872
MN	27053024200	1687680	0	0.652	0.	44.8774179	-93.3079469
MN	27053024300	1896272	6849	0.732	0.003	44.8682182	-93.3105432
MN	27053024400	1657357	92702	0.64	0.036	44.8861104	-93.2839364
MN	27053024500	1875330	197898	0.724	0.076	44.8753835	-93.2864557
MN	27053024600	1906731	0	0.736	0.	44.8664107	-93.2865217
MN	27053024700	2007358	41026	0.775	0.016	44.8826022	-93.2660484
MN	27053024801	1039844	0	0.401	0.	44.8727014	-93.2661759
MN	27053024802	1045749	0	0.404	0.	44.8654821	-93.2662267
MN	27053024903	894068	12074	0.345	0.005	44.8664181	-93.252319
MN	27053024904	1786788	2309	0.69	0.001	44.8807997	-93.2523006
MN	27053025100	7093817	3959294	2.739	1.529	44.8511691	-93.2260805
MN	27053025201	2526945	49419	0.976	0.019	44.853334	-93.2574406
MN	27053025205	3164420	6212	1.222	0.002	44.8389316	-93.2591192
MN	27053025301	4741973	1743706	1.831	0.673	44.8191156	-93.2604911
MN	27053025302	2633204	967	1.017	0.	44.8209346	-93.2797682
MN	27053025401	2822710	0	1.09	0.	44.851279	-93.2758416
MN	27053025403	2015206	75943	0.778	0.029	44.8323978	-93.277188
MN	27053025601	2563987	180677	0.99	0.07	44.8473555	-93.3012452
MN	27053025603	3654002	79264	1.411	0.031	44.8502544	-93.3133536
MN	27053025605	3746286	156574	1.446	0.06	44.850107	-93.3404614
MN	27053025702	5612322	79216	2.167	0.031	44.8296656	-93.315217
MN	27053025703	2723766	89163	1.052	0.034	44.830185	-93.3414586
MN	27053025704	2739197	103114	1.058	0.04	44.817178	-93.3374725
MN	27053025801	2756511	2342	1.064	0.001	44.8137141	-93.2958747
MN	27053025802	2141427	0	0.827	0.	44.8094503	-93.3105637
MN	27053025803	2115152	4922	0.817	0.002	44.8091438	-93.332128
MN	27053025805	5226909	552016	2.018	0.213	44.7988615	-93.3197503
MN	27053025905	5586648	1169168	2.157	0.451	44.8491328	-93.3835192
MN	27053025906	7975611	519224	3.079	0.2	44.8305215	-93.3699118
MN	27053025907	6050134	240893	2.336	0.093	44.8007557	-93.3812157
MN	27053025908	4322029	499569	1.669	0.193	44.841165	-93.359125
MN	27053025909	3657907	47269	1.412	0.018	44.8034845	-93.357971
MN	27053026005	4598018	193273	1.775	0.075	44.8767314	-93.4707148
MN	27053026006	3256346	19369	1.257	0.007	44.8755569	-93.4614253
MN	27053026007	12971945	1030984	5.008	0.398	44.8760774	-93.4229535
MN	27053026013	4608872	19197	1.779	0.007	44.8864306	-93.5007846
MN	27053026014	5298019	327889	2.046	0.127	44.869919	-93.5037958
MN	27053026015	6755043	1012989	2.608	0.391	44.846144	-93.4716695
MN	27053026019	3700192	83115	1.429	0.032	44.8542398	-93.441107
MN	27053026020	4950802	723862	1.912	0.279	44.8492036	-93.4144603
MN	27053026021	5423100	1172181	2.094	0.453	44.8496493	-93.5058947
MN	27053026023	2952190	178539	1.14	0.069	44.8366869	-93.4343483
MN	27053026024	3523499	128500	1.36	0.05	44.8296805	-93.4153561
MN	27053026025	2300531	24028	0.888	0.009	44.8401448	-93.4949745
MN	27053026026	6183742	45536	2.388	0.018	44.8316585	-93.489977
MN	27053026027	4867816	135879	1.879	0.052	44.8149692	-93.4149672
MN	27053026028	13387312	1958983	5.169	0.756	44.8261107	-93.4653192
MN	27053026101	4398735	80033	1.698	0.031	44.9369256	-93.4395914
MN	27053026103	4517460	402837	1.744	0.156	44.9172779	-93.4383808
MN	27053026104	5236162	183359	2.022	0.071	44.9028714	-93.4212097
MN	27053026201	4917276	103428	1.899	0.04	44.9184536	-93.4997713
MN	27053026202	4107973	29676	1.586	0.011	44.9292825	-93.4686454
MN	27053026205	3342673	104325	1.291	0.04	44.9104463	-93.4893437
MN	27053026206	3501478	23773	1.352	0.009	44.9150217	-93.4653677
MN	27053026207	4604794	44669	1.778	0.017	44.9016935	-93.50935
MN	27053026208	5380319	345871	2.077	0.134	44.9003114	-93.4672958
MN	27053026301	7360799	470685	2.842	0.182	44.9598256	-93.4753136
MN	27053026302	5316578	561920	2.053	0.217	44.940897	-93.4877903
MN	27053026403	3294526	13257	1.272	0.005	44.9750676	-93.4341894
MN	27053026404	9155230	257716	3.535	0.1	44.9568046	-93.4383827
MN	27053026405	2800737	37008	1.081	0.014	44.968786	-93.4168055
MN	27053026406	1765805	27380	0.682	0.011	44.947859	-93.4050536
MN	27053026505	3132483	6236	1.209	0.002	45.0130733	-93.4426819
MN	27053026507	7103992	169401	2.743	0.065	44.9867997	-93.4332735
MN	27053026508	6510695	1003782	2.514	0.388	45.0508328	-93.4363308
MN	27053026509	4383768	243284	1.693	0.094	45.0391187	-93.4418386
MN	27053026510	2824147	21758	1.09	0.008	45.0424668	-93.4120418
MN	27053026511	1891893	80867	0.73	0.031	45.0267927	-93.411611
MN	27053026514	9136482	13025	3.528	0.005	45.0089012	-93.4599152
MN	27053026515	2594015	169443	1.002	0.065	45.0239034	-93.4290472
MN	27053026516	4097129	3594558	1.582	1.388	45.0125416	-93.4155278
MN	27053026605	4248395	15381	1.64	0.006	45.0238244	-93.5134426
MN	27053026606	4915588	526378	1.898	0.203	45.0001715	-93.5150355
MN	27053026609	4021473	506195	1.553	0.195	44.9866293	-93.472356
MN	27053026610	4490315	437898	1.734	0.169	44.9976446	-93.4947973
MN	27053026611	3581166	19239	1.383	0.007	45.0174748	-93.4852028
MN	27053026614	3545024	30845	1.369	0.012	45.0350633	-93.4744846
MN	27053026615	5690948	252901	2.197	0.098	45.0516903	-93.4633706
MN	27053026616	10544155	66902	4.071	0.026	45.0484592	-93.5001814
MN	27053026617	2456785	9826	0.949	0.004	45.0273794	-93.4944272
MN	27053026702	1922638	0	0.742	0.	45.1178664	-93.3991999
MN	27053026706	2446267	93358	0.945	0.036	45.1471737	-93.4121515
MN	27053026707	11465680	384559	4.427	0.148	45.1473128	-93.4287633
MN	27053026708	10424237	1544089	4.025	0.596	45.1292997	-93.4713746
MN	27053026711	2762880	37048	1.067	0.014	45.0776697	-93.4531085
MN	27053026712	2921708	379640	1.128	0.147	45.0797986	-93.4385545
MN	27053026713	4150732	1301721	1.603	0.503	45.0812737	-93.4139527
MN	27053026717	8734033	32750	3.372	0.013	45.1334661	-93.5065848
MN	27053026718	4231320	737778	1.634	0.285	45.1117799	-93.4850866
MN	27053026719	5441000	201441	2.101	0.078	45.0973278	-93.5112785
MN	27053026720	4780270	122140	1.846	0.047	45.0938514	-93.4823473
MN	27053026721	2952362	948941	1.14	0.366	45.0923279	-93.4673546
MN	27053026722	3182605	13406	1.229	0.005	45.0754923	-93.5132324
MN	27053026723	5995063	134916	2.315	0.052	45.0734515	-93.4816522
MN	27053026724	8119115	351531	3.135	0.136	45.1014129	-93.4147141
MN	27053026725	2316259	12923	0.894	0.005	45.1126408	-93.448036
MN	27053026726	4439346	117016	1.714	0.045	45.1125311	-93.4254545
MN	27053026807	8284060	81807	3.198	0.032	45.0846912	-93.3890847
MN	27053026809	1926841	0	0.744	0.	45.0717869	-93.3605021
MN	27053026811	3971777	51879	1.534	0.02	45.094696	-93.3316441
MN	27053026812	15098076	45877	5.829	0.018	45.1338367	-93.3845751
MN	27053026814	3586278	31546	1.385	0.012	45.0988606	-93.3102718
MN	27053026815	3972510	373670	1.534	0.144	45.0965732	-93.2901971
MN	27053026816	4188852	42670	1.617	0.016	45.1051368	-93.3739806
MN	27053026818	2868074	0	1.107	0.	45.086263	-93.3692459
MN	27053026819	1152046	0	0.445	0.	45.0858298	-93.3560346
MN	27053026822	4792314	149054	1.85	0.058	45.1157688	-93.3148554
MN	27053026823	3680776	0	1.421	0.	45.1185518	-93.3428517
MN	27053026824	5076992	10876	1.96	0.004	45.1388468	-93.3466363
MN	27053026825	2069451	0	0.799	0.	45.126844	-93.3186379
MN	27053026826	4137952	434238	1.598	0.168	45.1379802	-93.3257872
MN	27053026827	1139674	0	0.44	0.	45.0926224	-93.3475424
MN	27053026828	1590488	2407	0.614	0.001	45.1035926	-93.3508236
MN	27053026903	4328590	507279	1.671	0.196	45.1909946	-93.4093036
MN	27053026906	5931821	648177	2.29	0.25	45.1671543	-93.3671351
MN	27053026907	6973851	286250	2.693	0.111	45.1698781	-93.4089633
MN	27053026908	3876893	0	1.497	0.	45.1591388	-93.3760764
MN	27053026910	60542913	4528603	23.376	1.749	45.1890881	-93.4715751
MN	27053026911	17347328	304616	6.698	0.118	45.2053021	-93.5446146
MN	27053026912	53746699	2084033	20.752	0.805	45.1761548	-93.6062709
MN	27053027001	53504949	2990500	20.658	1.155	45.0940653	-93.6907725
MN	27053027002	86754440	5567666	33.496	2.15	45.0155762	-93.7109633
MN	27053027101	66844522	4083920	25.809	1.577	45.0332743	-93.5887183
MN	27053027102	92725404	719790	35.801	0.278	45.1068966	-93.5779795
MN	27053027202	2217338	238939	0.856	0.092	44.9832481	-93.5700538
MN	27053027203	4405610	6697904	1.701	2.586	44.9330916	-93.6040892
MN	27053027204	19035339	6451927	7.35	2.491	44.9869255	-93.6198139
MN	27053027205	19907529	11165842	7.686	4.311	44.9656845	-93.5654684
MN	27053027300	8020162	4140109	3.097	1.599	44.9717144	-93.505954
MN	27053027400	7513410	5615607	2.901	2.168	44.9369579	-93.5254745
MN	27053027501	4999192	6165467	1.93	2.381	44.915921	-93.5758573
MN	27053027503	8391071	5306436	3.24	2.049	44.9049008	-93.6178043
MN	27053027504	5333847	1321676	2.059	0.51	44.9040411	-93.5447872
MN	27053027601	2668283	1946085	1.03	0.751	44.945884	-93.6590025
MN	27053027602	4741564	3797582	1.831	1.466	44.9196159	-93.6590185
MN	27053027701	47046116	4246121	18.165	1.639	44.9519073	-93.7125183
MN	27053027702	2691947	3824	1.039	0.001	44.9050663	-93.7482881
MN	27053027703	20572689	8542148	7.943	3.298	44.9057864	-93.6979543
MN	27053100200	1505081	22513	0.581	0.009	45.0360622	-93.3059772
MN	27053100400	1827015	114675	0.705	0.044	45.0285888	-93.2950795
MN	27053100500	3028722	240592	1.169	0.093	45.0258747	-93.2709248
MN	27053100700	967533	0	0.374	0.	45.0186662	-93.3133637
MN	27053100800	1084917	0	0.419	0.	45.0186292	-93.3025613
MN	27053100900	1805013	112169	0.697	0.043	45.0175949	-93.2872546
MN	27053101200	1621951	0	0.626	0.	45.0131728	-93.2310967
MN	27053101300	474966	0	0.183	0.	45.009914	-93.3118455
MN	27053101600	1184516	52677	0.457	0.02	45.0089812	-93.2841396
MN	27053101800	1181801	0	0.456	0.	45.0121694	-93.2546962
MN	27053101900	644009	0	0.249	0.	45.0095663	-93.2422522
MN	27053102000	827691	0	0.32	0.	45.0037934	-93.3142214
MN	27053102100	720815	0	0.278	0.	45.0029042	-93.3003574
MN	27053102500	951009	0	0.367	0.	45.00298	-93.2534155
MN	27053102600	2548683	2999	0.984	0.001	45.0031492	-93.2279819
MN	27053102800	861531	0	0.333	0.	44.9961052	-93.3031612
MN	27053103000	845558	176513	0.326	0.068	44.9954229	-93.2676738
MN	27053103100	525555	0	0.203	0.	44.995618	-93.252748
MN	27053103400	957947	5800	0.37	0.002	44.9859764	-93.293543
MN	27053103600	778208	152202	0.3	0.059	44.988783	-93.2596261
MN	27053103700	820085	93489	0.317	0.036	44.9871608	-93.2508516
MN	27053103900	269683	0	0.104	0.	44.982613	-93.2350036
MN	27053104001	1748428	6941	0.675	0.003	44.9818926	-93.2196058
MN	27053104002	3842533	0	1.484	0.	44.995042	-93.2223976
MN	27053104100	1458748	12990	0.563	0.005	44.9803177	-93.3038342
MN	27053104400	788033	0	0.304	0.	44.9747429	-93.2742798
MN	27053104801	292925	0	0.113	0.	44.9688935	-93.2501715
MN	27053104802	1332334	162831	0.514	0.063	44.9695244	-93.241219
MN	27053104901	1329845	167589	0.513	0.065	44.9753223	-93.2327148
MN	27053104902	719993	31107	0.278	0.012	44.9693711	-93.2218205
MN	27053105100	3058251	53841	1.181	0.021	44.9726602	-93.3140888
MN	27053105201	472265	30218	0.182	0.012	44.9699231	-93.2842531
MN	27053105204	409149	0	0.158	0.	44.9690161	-93.2755582
MN	27053105400	547188	0	0.211	0.	44.9711	-93.2631777
MN	27053105500	1516018	10286	0.585	0.004	44.9683867	-93.2953883
MN	27053105600	482386	0	0.186	0.	44.9654171	-93.2831614
MN	27053105700	271479	0	0.105	0.	44.9646599	-93.2739292
MN	27053106000	683668	0	0.264	0.	44.96253	-93.2537369
MN	27053106200	660985	0	0.255	0.	44.9619936	-93.2404315
MN	27053106400	529153	91465	0.204	0.035	44.961981	-93.2258419
MN	27053106500	2669354	1185237	1.031	0.458	44.9569707	-93.3156088
MN	27053106600	602347	0	0.233	0.	44.9561847	-93.2993403
MN	27053106700	747589	0	0.289	0.	44.9571292	-93.2916985
MN	27053106900	507721	0	0.196	0.	44.9590766	-93.2737976
MN	27053107000	479106	0	0.185	0.	44.9546343	-93.2829632
MN	27053107400	856659	0	0.331	0.	44.9508024	-93.2282459
MN	27053107500	1470031	49660	0.568	0.019	44.9564869	-93.2291172
MN	27053107600	1513214	240293	0.584	0.093	44.9475792	-93.2107792
MN	27053108000	683827	0	0.264	0.	44.9444713	-93.3014766
MN	27053108600	671025	0	0.259	0.	44.9433141	-93.245963
MN	27053108700	1116192	0	0.431	0.	44.93996	-93.2373929
MN	27053108800	1304849	0	0.504	0.	44.9423387	-93.2285374
MN	27053108900	795194	0	0.307	0.	44.9405882	-93.2196297
MN	27053109000	807138	128756	0.312	0.05	44.9388096	-93.2082913
MN	27053109100	2372276	1689957	0.916	0.652	44.9357483	-93.3156827
MN	27053109200	485943	0	0.188	0.	44.9383072	-93.2924425
MN	27053109300	867191	0	0.335	0.	44.9377163	-93.28138
MN	27053109400	440842	0	0.17	0.	44.9377499	-93.2710721
MN	27053109700	522127	0	0.202	0.	44.9365569	-93.2491923
MN	27053109800	1450478	0	0.56	0.	44.9260023	-93.3239612
MN	27053109900	2598673	1418644	1.003	0.548	44.9330602	-93.2990328
MN	27053110000	447622	0	0.173	0.	44.9304996	-93.2710511
MN	27053110100	859695	0	0.332	0.	44.9302123	-93.2482858
MN	27053110200	1185377	0	0.458	0.	44.9297317	-93.2345094
MN	27053110400	1006784	0	0.389	0.	44.9300304	-93.2192128
MN	27053110500	2674553	470830	1.033	0.182	44.9225103	-93.2082804
MN	27053110800	1310229	0	0.506	0.	44.9214261	-93.2814329
MN	27053110900	1135203	0	0.438	0.	44.9214985	-93.268557
MN	27053111100	2113228	216827	0.816	0.084	44.9210857	-93.2406928
MN	27053111200	1129921	0	0.436	0.	44.9115973	-93.3239407
MN	27053111300	1776103	0	0.686	0.	44.9072985	-93.3093354
MN	27053111400	1439830	0	0.556	0.	44.9080472	-93.2941751
MN	27053111500	2187487	0	0.845	0.	44.9068451	-93.2815727
MN	27053111600	1335477	0	0.516	0.	44.9097606	-93.2686613
MN	27053122500	1863743	26238	0.72	0.01	44.9430151	-93.3744773
MN	27053122600	1314095	0	0.507	0.	44.9439211	-93.3640444
MN	27053125500	3998744	14576	1.544	0.006	44.8453252	-93.2904665
MN	27053125600	2341122	163855	0.904	0.063	44.9682849	-93.2164738
MN	27053125700	878046	0	0.339	0.	45.0095917	-93.301267
MN	27053125800	959819	0	0.371	0.	44.9537451	-93.2575163
MN	27053125900	1049910	0	0.405	0.	44.9534648	-93.2470011
MN	27053126000	987365	0	0.381	0.	44.9539066	-93.2672888
MN	27053126101	293673	71788	0.113	0.028	44.98178	-93.2635472
MN	27053126102	1637765	98597	0.632	0.038	44.9780582	-93.2610717
MN	27053126201	1460890	0	0.564	0.	44.9839856	-93.282725
MN	27053126202	691365	74635	0.267	0.029	44.9887016	-93.2721967
MN	27053126300	1979097	103991	0.764	0.04	44.996026	-93.2857348
MN	27053980000	15544040	844935	6.002	0.326	44.8720843	-93.2289933
MN	27053980100	3545255	157504	1.369	0.061	44.8950029	-93.1957141
MN	27055020100	17952111	6725482	6.931	2.597	43.8193701	-91.2871483
MN	27055020200	353170977	12401101	136.36	4.788	43.7469418	-91.383521
MN	27055020300	368152015	2038757	142.144	0.787	43.7642995	-91.6064073
MN	27055020500	37698080	54389	14.555	0.021	43.6271726	-91.4997091
MN	27055020900	652993601	22094193	252.122	8.531	43.5795767	-91.4953334
MN	27057070100	707779219	31569629	273.275	12.189	47.3180693	-94.8946321
MN	27057070200	538115768	55218387	207.768	21.32	47.0993315	-95.0142972
MN	27057070300	412601866	34427562	159.306	13.293	47.1142638	-94.7852507
MN	27057070400	187238883	25161463	72.293	9.715	46.9527668	-94.7930128
MN	27057070500	214603653	12994427	82.859	5.017	46.8541691	-95.1252216
MN	27057070600	15086469	757728	5.825	0.293	46.9186758	-95.0637957
MN	27057070700	322934145	30201722	124.686	11.661	46.8754271	-94.8204026
MN	27059130100	330829496	7735851	127.734	2.987	45.6583895	-93.380013
MN	27059130200	108924299	4362733	42.056	1.684	45.6666628	-93.187332
MN	27059130302	35301242	2015411	13.63	0.778	45.5854038	-93.2106795
MN	27059130303	40269281	3201411	15.548	1.236	45.5441452	-93.2332809
MN	27059130304	5091491	274318	1.966	0.106	45.5718263	-93.2067838
MN	27059130400	211920766	4666368	81.823	1.802	45.4849194	-93.1094706
MN	27059130501	161230587	7107285	62.251	2.744	45.4794177	-93.2953746
MN	27059130502	37045518	688243	14.303	0.266	45.4965426	-93.2436073
MN	27059130600	198055233	11152106	76.47	4.306	45.4935966	-93.4457378
MN	27061480101	459888887	3618788	177.564	1.397	47.8244139	-93.6088413
MN	27061480102	1324798936	72516852	511.508	27.999	47.7179931	-94.0506139
MN	27061480301	55793103	12826908	21.542	4.952	47.3143717	-93.6218308
MN	27061480302	267309575	28546755	103.209	11.022	47.334945	-93.7436318
MN	27061480303	84884131	29968232	32.774	11.571	47.3995558	-93.6563149
MN	27061480401	1290310239	95829328	498.192	37.	47.6889161	-93.339538
MN	27061480402	281863790	16894708	108.828	6.523	47.47721	-93.3096885
MN	27061480403	172509607	37470213	66.606	14.467	47.4383858	-93.524593
MN	27061480500	182752244	6784737	70.561	2.62	47.4642212	-93.1446249
MN	27061480600	731376518	18587608	282.386	7.177	47.1593899	-93.2326252
MN	27061480701	340814894	15953452	131.589	6.16	47.0864975	-93.5980123
MN	27061480702	172528129	38880342	66.613	15.012	47.2036407	-93.6806031
MN	27061480801	47511808	7520027	18.344	2.903	47.1673342	-93.4978005
MN	27061480803	17477348	671666	6.748	0.259	47.2044303	-93.4966794
MN	27061480804	9116554	785873	3.52	0.303	47.2123101	-93.5551319
MN	27061480805	6833580	1520786	2.638	0.587	47.228131	-93.5654318
MN	27061480901	1657537	126102	0.64	0.049	47.2425324	-93.5244447
MN	27061480902	128616761	10928387	49.659	4.219	47.2760467	-93.5190774
MN	27061481001	51658139	7843600	19.945	3.028	47.2475543	-93.4057659
MN	27061481002	322426456	24757689	124.49	9.559	47.3461786	-93.2708342
MN	27061940000	958697758	242080323	370.155	93.468	47.5492032	-94.1712244
MN	27063480100	883392642	7457875	341.08	2.88	43.7048164	-95.0041744
MN	27063480200	636358699	25854701	245.699	9.983	43.696189	-95.3459657
MN	27063480300	275552317	8780561	106.391	3.39	43.5824696	-95.1856382
MN	27063480400	25386244	27287	9.802	0.011	43.6208726	-94.9919012
MN	27065480100	621544475	12701290	239.98	4.904	46.0601268	-93.2261285
MN	27065480200	387288753	9769314	149.533	3.772	45.8830392	-93.4217611
MN	27065480300	19352029	818763	7.472	0.316	45.8854201	-93.2931399
MN	27065480400	322777607	7962813	124.625	3.074	45.8051307	-93.2571453
MN	27067770900	1543364	0	0.596	0.	45.1078979	-95.0472108
MN	27067780100	334911999	29145790	129.31	11.253	45.3039984	-94.8681109
MN	27067780200	347412069	37264864	134.137	14.388	45.3216189	-95.1270286
MN	27067780300	71102890	17742376	27.453	6.85	45.2820602	-94.9497692
MN	27067780400	165124311	18159490	63.755	7.011	45.1677411	-94.9456191
MN	27067780500	23638965	4714262	9.127	1.82	45.1439612	-95.0514205
MN	27067780600	294543790	24033910	113.724	9.28	45.1459723	-95.1331965
MN	27067780700	12720839	0	4.912	0.	45.1122206	-95.0810576
MN	27067780800	1114125	0	0.43	0.	45.1201057	-95.0433526
MN	27067781000	7126802	0	2.752	0.	45.1128783	-95.0257519
MN	27067781100	436789713	32776002	168.645	12.655	45.0015318	-94.8657906
MN	27067781200	369137238	4544471	142.525	1.755	44.9808605	-95.128697
MN	27069090100	1568172592	6740315	605.475	2.602	48.769619	-96.6036215
MN	27069090200	1278222959	5678976	493.525	2.193	48.7842779	-96.9774609
MN	27071790100	13041256	0	5.035	0.	48.5729745	-93.3965828
MN	27071790201	19863615	1186928	7.669	0.458	48.5675135	-93.4506645
MN	27071790202	7485312	1062418	2.89	0.41	48.5988647	-93.3882087
MN	27071790300	1937741471	107093626	748.166	41.349	48.2825823	-93.3111737
MN	27071790500	6063018529	23414628	2340.945	9.04	48.1997355	-93.9378651
MN	27073180100	403286930	14045864	155.71	5.423	45.0811124	-96.1150928
MN	27073180200	1055633147	11368586	407.582	4.389	44.9974485	-96.2983605
MN	27073180300	522474959	8233889	201.729	3.179	44.9133628	-95.9522259
MN	27075370101	4534052922	481853867	1750.608	186.045	47.7074835	-91.3990077
MN	27075370102	773413954	29567250	298.617	11.416	47.2751343	-91.7530279
MN	27075370300	136621231	22821205	52.75	8.811	47.2837547	-91.2959453
MN	27075370400	18475385	3524029	7.133	1.361	47.0329964	-91.6692029
MN	27075990100	0	1746138734	0.	674.188	47.1320238	-91.2855597
MN	27077460300	633105727	4892466	244.443	1.889	48.5968771	-94.600709
MN	27077460401	2088223467	7139180	806.268	2.756	48.577715	-94.9435755
MN	27077460402	639576846	1236793756	246.942	477.529	48.9739301	-95.0293359
MN	27079950101	7536711	0	2.91	0.	44.5366426	-93.5550759
MN	27079950102	369438359	7132356	142.641	2.754	44.4760568	-93.7397102
MN	27079950200	69683573	1314908	26.905	0.508	44.4452206	-93.8965689
MN	27079950300	217420286	10112268	83.946	3.904	44.3777794	-93.597693
MN	27079950400	141683797	16924771	54.704	6.535	44.2427297	-93.6392311
MN	27079950500	178779200	16942789	69.027	6.542	44.3096469	-93.7267651
MN	27079950600	177670838	12789615	68.599	4.938	44.3053829	-93.9072501
MN	27081201001	983064943	18698197	379.564	7.219	44.4822042	-96.2712034
MN	27081201002	407204943	11464813	157.223	4.427	44.2607134	-96.2721881
MN	27083360100	381670500	4881281	147.364	1.885	44.5797926	-95.8594542
MN	27083360200	714556374	3045684	275.892	1.176	44.4528612	-95.8371295
MN	27083360300	9169789	0	3.54	0.	44.4443474	-95.8096081
MN	27083360400	15491842	0	5.981	0.	44.4333996	-95.7619366
MN	27083360500	18226361	20222	7.037	0.008	44.4663092	-95.7761654
MN	27083360600	700885323	10724865	270.613	4.141	44.2743061	-95.8446968
MN	27083360700	10314925	122742	3.983	0.047	44.2382404	-95.6118905
MN	27085950100	190482561	6163138	73.546	2.38	44.9276154	-94.1401109
MN	27085950200	315454111	16476435	121.798	6.362	44.9303543	-94.4433983
MN	27085950301	18535878	50815	7.157	0.02	44.8760881	-94.3462404
MN	27085950302	5404187	0	2.087	0.	44.8700029	-94.3828482
MN	27085950401	8013212	1455595	3.094	0.562	44.8941856	-94.3925412
MN	27085950402	5233948	21144	2.021	0.008	44.9002145	-94.3482483
MN	27085950500	372230897	11218149	143.719	4.331	44.7209777	-94.3861478
MN	27085950600	332584827	1009150	128.412	0.39	44.8082124	-94.1215998
MN	27085950700	25065044	38157	9.678	0.015	44.7706226	-94.1443363
MN	27087940100	567828942	6820044	219.24	2.633	47.369686	-95.95156
MN	27087940300	877039143	58031488	338.627	22.406	47.3082596	-95.7162464
MN	27089080100	1892290406	87083962	730.617	33.623	48.3536168	-95.9440702
MN	27089080200	1162344118	7107531	448.784	2.744	48.3626374	-96.4432081
MN	27089080300	1071593757	3777331	413.745	1.458	48.4057325	-96.9221035
MN	27089080400	471155924	43524	181.914	0.017	48.2466428	-96.7870656
MN	27091790100	478642235	5391725	184.805	2.082	43.7970937	-94.5627567
MN	27091790200	458168978	10512798	176.9	4.059	43.7152483	-94.5500499
MN	27091790300	400480908	5948442	154.627	2.297	43.6272045	-94.5624711
MN	27091790400	446793424	17914560	172.508	6.917	43.543594	-94.578166
MN	27091790501	15515246	1452082	5.99	0.561	43.6519021	-94.5128856
MN	27091790502	11330887	3020469	4.375	1.166	43.6162593	-94.4825448
MN	27091790600	33996439	429299	13.126	0.166	43.6612548	-94.4444219
MN	27093560100	262750963	22738770	101.449	8.779	45.1368168	-94.3069741
MN	27093560200	375910057	38719963	145.14	14.95	45.13977	-94.4395832
MN	27093560300	9565444	41051	3.693	0.016	45.1232377	-94.509243
MN	27093560400	26043888	3255182	10.056	1.257	45.1431707	-94.5385527
MN	27093560500	468725096	15668684	180.976	6.05	45.1162907	-94.5904641
MN	27093560600	431633592	14490165	166.655	5.595	45.1156263	-94.7055209
MN	27095170400	258385310	859133	99.763	0.332	45.7637483	-93.5717886
MN	27095170500	95256940	1339977	36.779	0.517	45.7818523	-93.6965909
MN	27095170600	182909914	1589396	70.622	0.614	45.608534	-93.6403354
MN	27095170700	25670925	1253968	9.912	0.484	45.5861134	-93.5808851
MN	27095970100	114065399	49261007	44.041	19.02	46.20705	-93.4884181
MN	27095970200	241112071	109827077	93.094	42.404	46.0742594	-93.7629633
MN	27095970300	564865031	118802245	218.096	45.87	45.9892828	-93.598424
MN	27097780100	295045474	29795502	113.918	11.504	46.200106	-94.5664704
MN	27097780200	602581516	11387576	232.658	4.397	46.09453	-94.484319
MN	27097780300	463122999	9281391	178.813	3.584	45.9904146	-94.2575233
MN	27097780400	542148333	9231698	209.325	3.564	46.1041144	-93.9800416
MN	27097780500	597953079	1159116	230.871	0.448	45.9040004	-93.9839548
MN	27097780600	16206111	1551715	6.257	0.599	45.9668173	-94.3566578
MN	27097780700	7451826	710652	2.877	0.274	45.9818599	-94.3786851
MN	27097780800	389471358	10157887	150.376	3.922	45.854993	-94.5030845
MN	27099000100	23629970	0	9.124	0.	43.6889658	-92.9724064
MN	27099000200	2866598	0	1.107	0.	43.6681322	-92.9984056
MN	27099000300	2267330	10161	0.875	0.004	43.6744537	-92.9841667
MN	27099000410	6321252	243936	2.441	0.094	43.6598427	-92.96582
MN	27099000600	2857823	0	1.103	0.	43.6630491	-92.9492154
MN	27099000800	2122102	0	0.819	0.	43.658247	-92.9809699
MN	27099000900	20055857	0	7.744	0.	43.6558884	-93.0216501
MN	27099001000	314602288	226887	121.469	0.088	43.6418299	-92.8593395
MN	27099001200	375162660	133	144.851	0.	43.7823405	-92.8408387
MN	27099001300	551351764	124892	212.878	0.048	43.5513888	-92.7559793
MN	27099001400	540950628	11114	208.862	0.004	43.7083881	-92.5688052
MN	27101900100	780407574	29870077	301.317	11.533	44.1163165	-95.7941421
MN	27101900200	557818249	3868066	215.375	1.493	43.926375	-95.866755
MN	27101900300	486854121	4694109	187.975	1.812	43.985864	-95.5924985
MN	27103480100	523790594	24833257	202.237	9.588	44.3699184	-94.4175865
MN	27103480200	594691008	21692528	229.611	8.376	44.3345113	-94.1174932
MN	27103480300	10206651	358706	3.941	0.138	44.3394843	-93.9627742
MN	27103480400	11811073	212189	4.56	0.082	44.3094034	-93.9817859
MN	27103480501	10305241	116042	3.979	0.045	44.1720351	-94.0467272
MN	27103480502	8505354	101990	3.284	0.039	44.1936359	-94.0427471
MN	27103480600	2343622	179574	0.905	0.069	44.1746258	-94.0111271
MN	27105105100	751054922	6256195	289.984	2.416	43.7253796	-95.6233171
MN	27105105200	576928921	905015	222.754	0.349	43.7153825	-95.9213873
MN	27105105300	470457730	8937413	181.645	3.451	43.5507804	-95.7436822
MN	27105105400	25161264	56588	9.715	0.022	43.6532161	-95.5803984
MN	27105105500	17038172	6603	6.578	0.003	43.6063887	-95.5827182
MN	27105105600	11502775	3091197	4.441	1.194	43.6096676	-95.6161325
MN	27107960100	1073288284	4953859	414.399	1.913	47.3133175	-96.25346
MN	27107960200	826088245	3452978	318.954	1.333	47.3646957	-96.6814566
MN	27107960300	361136259	1801222	139.435	0.695	47.241541	-96.534716
MN	27109000100	751400	36558	0.29	0.014	44.0225082	-92.4637594
MN	27109000200	3603167	14845	1.391	0.006	44.0169263	-92.4380253
MN	27109000300	1549255	18391	0.598	0.007	44.0137599	-92.455584
MN	27109000400	2707126	0	1.045	0.	44.0143683	-92.4749854
MN	27109000500	1504402	0	0.581	0.	44.0259779	-92.4789178
MN	27109000600	3304114	73447	1.276	0.028	44.035629	-92.4730062
MN	27109000901	17592530	0	6.793	0.	44.0001243	-92.4013232
MN	27109000902	10146569	0	3.918	0.	43.9815569	-92.4210857
MN	27109000903	76321890	139610	29.468	0.054	43.9981799	-92.3590493
MN	27109001000	5028299	0	1.941	0.	43.9934607	-92.4534352
MN	27109001100	4449333	0	1.718	0.	43.9939979	-92.4720169
MN	27109001201	5034336	0	1.944	0.	44.012288	-92.4992982
MN	27109001202	5692166	66536	2.198	0.026	43.9774741	-92.4763882
MN	27109001203	56535139	470463	21.828	0.182	43.9772377	-92.5345792
MN	27109001301	5286423	0	2.041	0.	44.0319916	-92.5143488
MN	27109001302	4453572	0	1.72	0.	44.0279269	-92.5373872
MN	27109001401	7666823	0	2.96	0.	44.049489	-92.5059608
MN	27109001403	15290044	0	5.904	0.	44.0610553	-92.536316
MN	27109001404	11982107	0	4.626	0.	44.0935521	-92.5349927
MN	27109001501	1725383	0	0.666	0.	44.0569521	-92.4862166
MN	27109001502	1215492	0	0.469	0.	44.0472175	-92.4802365
MN	27109001503	1644296	0	0.635	0.	44.0529521	-92.4703402
MN	27109001601	3227066	132	1.246	0.	44.0427354	-92.4527939
MN	27109001602	2664339	0	1.029	0.	44.0505289	-92.4435954
MN	27109001603	63211244	292923	24.406	0.113	44.0792743	-92.3929553
MN	27109001701	2298908	0	0.888	0.	44.0718246	-92.4962563
MN	27109001702	3225348	32673	1.245	0.013	44.0705995	-92.4783035
MN	27109001703	13945851	0	5.385	0.	44.0951161	-92.4833753
MN	27109001800	11559894	0	4.463	0.	44.0353358	-92.6507543
MN	27109001901	159268264	1277	61.494	0.	44.101166	-92.6274948
MN	27109001902	196453950	1932205	75.851	0.746	44.1494277	-92.443559
MN	27109002000	555422368	0	214.45	0.	43.9773494	-92.1988962
MN	27109002100	31153657	0	12.028	0.	43.8546797	-92.4927554
MN	27109002200	366566829	11010	141.532	0.004	43.9204207	-92.5430638
MN	27109002300	40098190	136117	15.482	0.053	44.0390229	-92.3848544
MN	27111960102	445313996	39035573	171.937	15.072	46.6783352	-95.4699923
MN	27111960103	209814907	51802966	81.01	20.001	46.6754885	-95.9796814
MN	27111960300	183551711	11992233	70.87	4.63	46.5796944	-96.1459699
MN	27111960400	192861530	73109844	74.464	28.228	46.5931869	-95.8251661
MN	27111960500	331212495	19349168	127.882	7.471	46.5761185	-95.3870367
MN	27111960600	361631830	33810627	139.627	13.054	46.5032358	-95.421225
MN	27111960700	393654191	78475664	151.991	30.3	46.5038759	-95.9270612
MN	27111960800	469832073	36490101	181.403	14.089	46.3820153	-96.0796479
MN	27111960900	35153129	1483556	13.573	0.573	46.2932089	-96.1099091
MN	27111961000	29474980	3529008	11.38	1.363	46.2406703	-96.0498437
MN	27111961100	27654236	2017735	10.677	0.779	46.3034294	-96.0273473
MN	27111961200	138108598	39836437	53.324	15.381	46.3214801	-95.7908419
MN	27111961300	502443730	26925399	193.995	10.396	46.3403211	-95.3826671
MN	27111961400	220196035	84676499	85.018	32.694	46.4048965	-95.5841195
MN	27111961500	610887409	34076088	235.865	13.157	46.2022919	-95.3714922
MN	27111961600	415859111	63820195	160.564	24.641	46.1877841	-95.7183533
MN	27111961700	538860697	54039507	208.055	20.865	46.204458	-96.0705365
MN	27113090100	962183467	863799	371.501	0.334	48.0779131	-95.8629662
MN	27113090200	10037976	317752	3.876	0.123	48.1350095	-96.1716734
MN	27113090300	601316536	2772244	232.17	1.07	48.0531157	-96.3167828
MN	27113090400	13617287	287115	5.258	0.111	48.1126117	-96.1949705
MN	27113090500	9623836	98057	3.716	0.038	48.0974239	-96.1422025
MN	27115950100	896503800	18119755	346.142	6.996	46.3168756	-92.5362327
MN	27115950200	379782524	4020090	146.635	1.552	46.3368082	-92.9178098
MN	27115950300	406581038	6974324	156.982	2.693	46.2042474	-92.8108014
MN	27115950401	557275747	6368892	215.165	2.459	46.0808387	-92.4810022
MN	27115950402	365309003	5311914	141.047	2.051	46.0388592	-92.7851723
MN	27115950500	420984240	2531111	162.543	0.977	46.0143881	-92.9856418
MN	27115950600	401457044	3395190	155.003	1.311	45.8431484	-92.8665781
MN	27115950700	22710868	4327404	8.769	1.671	45.8516388	-92.9612455
MN	27115950800	204740402	9222253	79.051	3.561	45.8204648	-93.0602115
MN	27117460100	607164971	934332	234.428	0.361	44.1070383	-96.2587419
MN	27117460200	10289033	2053	3.973	0.001	43.996377	-96.3036196
MN	27117460300	9039006	46300	3.49	0.018	43.9966843	-96.3322586
MN	27117460400	373325499	944476	144.142	0.365	43.9325719	-96.3210585
MN	27117460500	204662894	420450	79.021	0.162	43.9311963	-96.1307006
MN	27119020100	13881786	0	5.36	0.	47.9496591	-97.0201585
MN	27119020200	9992823	0	3.858	0.	47.9240634	-96.9957573
MN	27119020300	10733306	0	4.144	0.	47.9026537	-96.9967055
MN	27119020400	1529463266	1817929	590.529	0.702	48.0143229	-96.772924
MN	27119020500	1249678991	166224	482.504	0.064	47.6782734	-96.6838076
MN	27119020600	21329452	34083	8.235	0.013	47.7860742	-96.6070517
MN	27119020700	13669243	0	5.278	0.	47.7592663	-96.6031629
MN	27119020800	647738746	6033331	250.093	2.329	47.6583908	-96.3648586
MN	27119020900	793191225	35078710	306.253	13.544	47.6223368	-96.0051745
MN	27119021000	815185982	26260547	314.745	10.139	47.6948179	-95.6873305
MN	27121970100	606536977	27002249	234.185	10.426	45.6104553	-95.2429442
MN	27121970200	228980883	14547510	88.41	5.617	45.6828956	-95.5033882
MN	27121970300	882858790	45971303	340.874	17.75	45.544108	-95.5673672
MN	27121970400	28709991	22191719	11.085	8.568	45.6285414	-95.4455663
MN	27123030100	2744896	9684	1.06	0.004	44.9809342	-93.1922387
MN	27123030201	1561874	0	0.603	0.	44.9838363	-93.1592497
MN	27123030202	2323597	16518	0.897	0.006	44.9762979	-93.152322
MN	27123030300	2743575	287953	1.059	0.111	44.982764	-93.1355098
MN	27123030400	2092122	4244	0.808	0.002	44.9854861	-93.1166713
MN	27123030500	2522568	11829	0.974	0.005	44.9826596	-93.0972932
MN	27123030601	1519890	2758	0.587	0.001	44.9850436	-93.0811825
MN	27123030602	2031224	644163	0.784	0.249	44.9878211	-93.0619337
MN	27123030702	2405853	8865	0.929	0.003	44.9856263	-93.0127893
MN	27123030703	1283755	12082	0.496	0.005	44.9888158	-93.0341778
MN	27123030704	1337865	5132	0.517	0.002	44.9793298	-93.0367295
MN	27123030800	1575437	53070	0.608	0.02	44.9760452	-93.1154874
MN	27123030900	925367	0	0.357	0.	44.9743764	-93.0819328
MN	27123031000	1038314	0	0.401	0.	44.976163	-93.0708334
MN	27123031100	1370667	972	0.529	0.	44.9779708	-93.0570567
MN	27123031200	1396962	0	0.539	0.	44.9703403	-93.1356392
MN	27123031300	1096387	0	0.423	0.	44.9678313	-93.1152829
MN	27123031400	1653183	13282	0.638	0.005	44.9692738	-93.0989379
MN	27123031500	995161	0	0.384	0.	44.9669115	-93.0756282
MN	27123031600	1131420	0	0.437	0.	44.9704165	-93.0573957
MN	27123031701	868150	0	0.335	0.	44.9658343	-93.0519867
MN	27123031702	1735601	2423	0.67	0.001	44.9709006	-93.0376071
MN	27123031801	1424719	0	0.55	0.	44.9694392	-93.0263522
MN	27123031802	1892481	165247	0.731	0.064	44.9707805	-93.0133617
MN	27123031900	3666498	96418	1.416	0.037	44.9679779	-93.1900647
MN	27123032000	990631	0	0.382	0.	44.9627325	-93.175478
MN	27123032100	982615	0	0.379	0.	44.9636057	-93.1669001
MN	27123032200	721773	0	0.279	0.	44.9618619	-93.1599949
MN	27123032300	1107754	0	0.428	0.	44.9619034	-93.1518195
MN	27123032400	1083394	0	0.418	0.	44.9633349	-93.1368803
MN	27123032500	806486	0	0.311	0.	44.9579934	-93.1365039
MN	27123032600	875625	0	0.338	0.	44.9606179	-93.1213027
MN	27123032700	740026	0	0.286	0.	44.9599665	-93.1113116
MN	27123033000	1604814	0	0.62	0.	44.9601256	-93.0842525
MN	27123033100	848169	8839	0.327	0.003	44.9605764	-93.072553
MN	27123033200	1908036	1324	0.737	0.001	44.9594065	-93.1958497
MN	27123033300	1031347	0	0.398	0.	44.950392	-93.1841263
MN	27123033400	2000367	0	0.772	0.	44.9514608	-93.1609891
MN	27123033500	979543	0	0.378	0.	44.9529619	-93.1366771
MN	27123033600	479880	0	0.185	0.	44.9529435	-93.1206839
MN	27123033700	498133	0	0.192	0.	44.9529693	-93.1108993
MN	27123033800	418529	0	0.162	0.	44.9483983	-93.1396392
MN	27123033900	435639	0	0.168	0.	44.948702	-93.1268681
MN	27123034000	414816	0	0.16	0.	44.9482651	-93.1142307
MN	27123034201	973488	99149	0.376	0.038	44.946717	-93.0910381
MN	27123034203	279204	0	0.108	0.	44.9515961	-93.0898563
MN	27123034204	350700	0	0.135	0.	44.9497388	-93.097779
MN	27123034400	1421346	177153	0.549	0.068	44.9502051	-93.0702256
MN	27123034500	953571	0	0.368	0.	44.955019	-93.0601736
MN	27123034601	1990422	5648	0.769	0.002	44.9522625	-93.0521516
MN	27123034602	1585827	0	0.612	0.	44.9570586	-93.0377582
MN	27123034701	1718220	0	0.663	0.	44.9550088	-93.0242841
MN	27123034702	1557740	642	0.601	0.	44.9562948	-93.0103341
MN	27123034900	1131082	0	0.437	0.	44.9407135	-93.1874748
MN	27123035000	752384	0	0.29	0.	44.9440781	-93.1750778
MN	27123035100	947085	0	0.366	0.	44.9378119	-93.1746526
MN	27123035200	1104140	0	0.426	0.	44.940419	-93.1619072
MN	27123035300	1284611	0	0.496	0.	44.9413506	-93.1517102
MN	27123035500	441006	0	0.17	0.	44.9450589	-93.1209931
MN	27123035700	768673	0	0.297	0.	44.9364604	-93.1373039
MN	27123035800	960204	0	0.371	0.	44.9415151	-93.1192686
MN	27123035900	433338	0	0.167	0.	44.9409432	-93.1103806
MN	27123036000	1419557	408787	0.548	0.158	44.9316885	-93.1116748
MN	27123036100	4787542	866559	1.848	0.335	44.9349205	-93.0611539
MN	27123036300	1290570	5546	0.498	0.002	44.9253263	-93.1834388
MN	27123036400	1296535	0	0.501	0.	44.9270129	-93.1721143
MN	27123036500	1296628	0	0.501	0.	44.9269807	-93.1619328
MN	27123036600	2077631	0	0.802	0.	44.9228611	-93.1518461
MN	27123036700	3003843	195992	1.16	0.076	44.9188205	-93.140319
MN	27123036800	1040535	0	0.402	0.	44.9274047	-93.1322669
MN	27123036900	1390127	82231	0.537	0.032	44.9287554	-93.1232707
MN	27123037000	1581670	306059	0.611	0.118	44.9218828	-93.1080114
MN	27123037100	2307680	210008	0.891	0.081	44.9334865	-93.0921746
MN	27123037200	2020845	0	0.78	0.	44.9238977	-93.0768268
MN	27123037402	2127489	66736	0.821	0.026	44.9443564	-93.0243436
MN	27123037403	5636122	25814	2.176	0.01	44.9262045	-93.0124962
MN	27123037500	3563259	0	1.376	0.	44.912752	-93.171079
MN	27123037601	2882748	211467	1.113	0.082	44.9052684	-93.188124
MN	27123037603	598788	0	0.231	0.	44.9032936	-93.1645071
MN	27123037604	2574282	1065677	0.994	0.411	44.8977038	-93.163984
MN	27123040101	7508445	910515	2.899	0.352	45.1070109	-93.0401804
MN	27123040102	5810969	3545673	2.244	1.369	45.1150726	-93.0093805
MN	27123040200	2298795	4688440	0.888	1.81	45.082446	-92.9930064
MN	27123040301	1685871	478428	0.651	0.185	45.068	-93.0082259
MN	27123040302	3255248	43618	1.257	0.017	45.0595609	-93.0039546
MN	27123040401	2358515	2949	0.911	0.001	45.0532453	-93.0119759
MN	27123040402	6229054	118764	2.405	0.046	45.0401824	-93.0103412
MN	27123040502	2010542	7287	0.776	0.003	45.091841	-93.0129158
MN	27123040503	6470613	476380	2.498	0.184	45.0713817	-93.0385666
MN	27123040504	3252868	531595	1.256	0.205	45.0876038	-93.0401654
MN	27123040601	19671943	4659980	7.595	1.799	45.1048397	-93.1010646
MN	27123040603	5923470	447131	2.287	0.173	45.071706	-93.0816915
MN	27123040605	7119770	2476878	2.749	0.956	45.0552858	-93.0812532
MN	27123040606	5055031	302655	1.952	0.117	45.044645	-93.042546
MN	27123040704	6836036	1731433	2.639	0.669	45.0486962	-93.1244676
MN	27123040705	5433874	178821	2.098	0.069	45.114094	-93.1703087
MN	27123040706	5448814	263089	2.104	0.102	45.1151869	-93.1357136
MN	27123040707	3997581	1936444	1.543	0.748	45.100508	-93.1448631
MN	27123040708	2940007	678592	1.135	0.262	45.0735909	-93.1325218
MN	27123040709	3242565	107945	1.252	0.042	45.0660386	-93.1162382
MN	27123040801	13902707	1193280	5.368	0.461	45.0892757	-93.1644062
MN	27123040804	3309784	1257720	1.278	0.486	45.0454768	-93.159199
MN	27123040805	4767068	487645	1.841	0.188	45.0552887	-93.1726368
MN	27123040901	2940776	63531	1.135	0.025	45.1159792	-93.2014336
MN	27123040902	3243438	58847	1.252	0.023	45.099753	-93.1967363
MN	27123041001	2637530	79056	1.018	0.031	45.1158606	-93.2190857
MN	27123041002	2297937	53991	0.887	0.021	45.0977757	-93.2179434
MN	27123041103	1428073	301744	0.551	0.117	45.0410072	-93.2210698
MN	27123041104	1844345	45874	0.712	0.018	45.0761912	-93.2213008
MN	27123041105	6308550	1287710	2.436	0.497	45.0737661	-93.2050847
MN	27123041106	2411701	41325	0.931	0.016	45.0591323	-93.2170206
MN	27123041107	3534950	115369	1.365	0.045	45.0442044	-93.2008548
MN	27123041200	2665597	43517	1.029	0.017	45.0580812	-93.1966702
MN	27123041301	3810129	61240	1.471	0.024	45.0042436	-93.1809409
MN	27123041302	8967352	316511	3.462	0.122	45.032369	-93.189986
MN	27123041400	3933600	387088	1.519	0.149	45.0226596	-93.1576171
MN	27123041500	4305434	889165	1.662	0.343	45.027873	-93.1266767
MN	27123041601	4223300	128562	1.631	0.05	45.0225549	-93.1155851
MN	27123041602	2629849	335377	1.015	0.129	45.0001275	-93.1097785
MN	27123041700	3230421	20997	1.247	0.008	45.0021219	-93.1404762
MN	27123041800	2621259	4361	1.012	0.002	45.0022457	-93.1553151
MN	27123041900	2248658	4831	0.868	0.002	44.9957049	-93.1726609
MN	27123042001	3534582	14131	1.365	0.005	44.9883259	-93.1812718
MN	27123042002	1085574	2763	0.419	0.001	44.9944072	-93.2031343
MN	27123042101	4982924	498519	1.924	0.192	45.028075	-93.0962801
MN	27123042102	4972817	1023021	1.92	0.395	45.0270758	-93.0739763
MN	27123042201	1857795	200494	0.717	0.077	44.9978705	-93.0974194
MN	27123042202	4021144	412546	1.553	0.159	45.0009278	-93.074236
MN	27123042301	5240544	550711	2.023	0.213	45.0221658	-93.0502438
MN	27123042302	4350553	398504	1.68	0.154	45.0029376	-93.0553924
MN	27123042401	6057761	168373	2.339	0.065	45.0271315	-93.0216854
MN	27123042402	6428127	183698	2.482	0.071	44.9953842	-93.0101155
MN	27123042501	5852567	411526	2.26	0.159	44.9660195	-92.9930636
MN	27123042503	5026568	78611	1.941	0.03	44.9085225	-92.9936988
MN	27123042504	5093555	193541	1.967	0.075	44.936804	-92.9944068
MN	27123042601	2556191	88589	0.987	0.034	45.0195924	-93.0037072
MN	27123042602	1693820	297658	0.654	0.115	45.0188665	-92.9909705
MN	27123042700	3148544	20320	1.216	0.008	45.0051257	-92.9997619
MN	27123042800	1620478	0	0.626	0.	44.9569643	-93.099419
MN	27123042900	1211122	0	0.468	0.	44.9427314	-93.1376753
MN	27123043001	1640861	255593	0.634	0.099	44.9251974	-93.1942765
MN	27123043002	1671319	309697	0.645	0.12	44.9474887	-93.1984478
MN	27123980000	7650555	5063802	2.954	1.955	44.9109151	-93.0202337
MN	27125010100	749773886	57964	289.489	0.022	47.8555722	-95.9955876
MN	27125010200	370155456	169851	142.918	0.066	47.9162262	-96.2991958
MN	27127750100	540440896	810511	208.665	0.313	44.4066289	-95.0044734
MN	27127750200	26331295	696541	10.167	0.269	44.5509747	-95.0793626
MN	27127750300	10611394	432566	4.097	0.167	44.5358442	-95.1537157
MN	27127750400	768721068	3478485	296.805	1.343	44.4635974	-95.2397315
MN	27127750500	654480917	1881712	252.697	0.727	44.3867163	-95.479283
MN	27127750600	274908400	920368	106.143	0.355	44.2442818	-95.2925977
MN	27129790100	382556314	8900433	147.706	3.436	44.7973476	-94.6151999
MN	27129790200	452468200	0	174.699	0.	44.7786113	-94.8828192
MN	27129790300	591201310	395068	228.264	0.153	44.812012	-95.2739754
MN	27129790400	454881508	480061	175.631	0.185	44.6505783	-95.0835406
MN	27129790500	109105377	78768	42.126	0.03	44.7668061	-95.0459688
MN	27129790600	555498567	997564	214.479	0.385	44.5931919	-94.7412529
MN	27131070101	168680763	4590046	65.128	1.772	44.5077994	-93.3886396
MN	27131070102	9602966	77050	3.708	0.03	44.472823	-93.4215584
MN	27131070200	367326299	11959586	141.825	4.618	44.4239631	-93.2716854
MN	27131070300	244411002	27727395	94.368	10.706	44.2455862	-93.4698831
MN	27131070400	423271730	6909645	163.426	2.668	44.276345	-93.2026288
MN	27131070501	3786535	38310	1.462	0.015	44.4597413	-93.1487544
MN	27131070503	3749477	0	1.448	0.	44.4386536	-93.1508488
MN	27131070504	4073988	0	1.573	0.	44.4370094	-93.1721993
MN	27131070601	2768990	0	1.069	0.	44.4639271	-93.1665451
MN	27131070602	15001608	0	5.792	0.	44.4463374	-93.1968996
MN	27131070701	4483346	0	1.731	0.	44.2817701	-93.2507702
MN	27131070702	13805203	33108	5.33	0.013	44.3094184	-93.2504574
MN	27131070801	6051402	0	2.336	0.	44.2673112	-93.2803866
MN	27131070802	3113456	0	1.202	0.	44.2794749	-93.2715028
MN	27131070901	10540944	728398	4.07	0.281	44.3140972	-93.2904468
MN	27131070902	3565976	0	1.377	0.	44.2879862	-93.2934946
MN	27133570100	807436463	329775	311.753	0.127	43.7271278	-96.2709381
MN	27133570200	12903070	10612	4.982	0.004	43.6615099	-96.2272295
MN	27133570300	429222746	357844	165.724	0.138	43.5656685	-96.2169196
MN	27135970100	441370302	1259909	170.414	0.486	48.9308111	-95.5212551
MN	27135970200	1384259034	13598626	534.465	5.25	48.8544072	-96.0990046
MN	27135970300	196579570	163805	75.9	0.063	48.8502699	-95.7547372
MN	27135970400	1375942626	1800353	531.254	0.695	48.7319525	-95.43145
MN	27135970500	931631392	101353	359.705	0.039	48.6372596	-96.0543569
MN	27137000100	15986726	9597	6.173	0.004	46.8510207	-92.0564548
MN	27137000200	27907518	11873792	10.775	4.584	46.8586394	-91.9866982
MN	27137000301	11605806	7640	4.481	0.003	46.7923812	-92.1401829
MN	27137000302	31554152	0	12.183	0.	46.8378719	-92.177293
MN	27137000400	19385184	0	7.485	0.	46.8373114	-92.1213372
MN	27137000500	4779054	12914	1.845	0.005	46.833931	-92.0747469
MN	27137000600	3882510	1613506	1.499	0.623	46.8298508	-92.0339165
MN	27137000700	4158939	1605593	1.606	0.62	46.8181453	-92.0530406
MN	27137000900	2575563	0	0.994	0.	46.8054165	-92.1016333
MN	27137001000	837021	0	0.323	0.	46.8115338	-92.0779335
MN	27137001100	984543	978067	0.38	0.378	46.8055634	-92.0626287
MN	27137001200	380279	0	0.147	0.	46.7995404	-92.0935178
MN	27137001300	492450	0	0.19	0.	46.8028104	-92.0875284
MN	27137001400	635473	747116	0.245	0.288	46.8017127	-92.0710225
MN	27137001600	445469	0	0.172	0.	46.7936314	-92.0992875
MN	27137001700	713001	1885067	0.275	0.728	46.7951623	-92.0863851
MN	27137001800	1267576	0	0.489	0.	46.78864	-92.1111754
MN	27137001900	1488251	700886	0.575	0.271	46.7813122	-92.099031
MN	27137002000	1122627	37870	0.433	0.015	46.7761948	-92.1164759
MN	27137002200	2531157	16284957	0.977	6.288	46.7429316	-92.0645557
MN	27137002300	7549856	0	2.915	0.	46.7777811	-92.1598687
MN	27137002400	804998	0	0.311	0.	46.7724071	-92.1353379
MN	27137002600	2035311	0	0.786	0.	46.7632277	-92.1476929
MN	27137002900	4889872	0	1.888	0.	46.742824	-92.2046992
MN	27137003000	3198172	0	1.235	0.	46.7461788	-92.1803404
MN	27137003300	2351985	0	0.908	0.	46.7342237	-92.1847321
MN	27137003400	1868541	646230	0.721	0.25	46.7246463	-92.1827534
MN	27137003600	5919867	450989	2.286	0.174	46.7141849	-92.2152593
MN	27137003700	2847488	2589	1.099	0.001	46.6880598	-92.2152859
MN	27137003800	21237522	6393483	8.2	2.469	46.6735181	-92.2406084
MN	27137010100	6988556	0	2.698	0.	46.7433405	-92.2269683
MN	27137010200	48610236	0	18.769	0.	46.7214958	-92.2632731
MN	27137010301	36167350	0	13.964	0.	46.8323015	-92.2490646
MN	27137010302	48323857	55153	18.658	0.021	46.785124	-92.2286565
MN	27137010400	79122497	2704682	30.549	1.044	46.9089005	-92.1322246
MN	27137010500	178459954	12757754	68.904	4.926	46.9461649	-91.9069399
MN	27137010601	511711108	28111326	197.573	10.854	47.0579718	-91.9968025
MN	27137010602	151435222	44553495	58.469	17.202	46.9470675	-92.2374444
MN	27137011101	274081137	5885156	105.823	2.272	46.9491773	-92.4427336
MN	27137011102	237359639	13731179	91.645	5.302	46.8369066	-92.3960988
MN	27137011200	1126446550	16485802	434.923	6.365	46.9029143	-92.7426656
MN	27137011300	1271727102	12178846	491.017	4.702	47.1794093	-92.7967848
MN	27137011401	1186549629	53154090	458.129	20.523	47.3846559	-92.0280849
MN	27137011402	1268228490	41140162	489.666	15.884	47.1742713	-92.2508009
MN	27137012100	429055932	10470257	165.659	4.043	47.3959021	-92.9464664
MN	27137012200	23867120	669464	9.215	0.258	47.4506583	-92.9376965
MN	27137012300	1638034	0	0.632	0.	47.4261086	-92.9316948
MN	27137012400	16263465	337682	6.279	0.13	47.4224937	-92.9121955
MN	27137012500	1739114	0	0.671	0.	47.4116799	-92.9433257
MN	27137012600	11575309	667823	4.469	0.258	47.4875295	-92.8794006
MN	27137012700	259518414	5026686	100.201	1.941	47.5107658	-92.7482672
MN	27137012800	132996745	6404065	51.35	2.473	47.524197	-92.6230224
MN	27137013000	3222321	115486	1.244	0.045	47.5342186	-92.5544258
MN	27137013100	1329934	0	0.513	0.	47.5180103	-92.5343792
MN	27137013200	43898636	730431	16.949	0.282	47.5279545	-92.5176021
MN	27137013300	16327984	453744	6.304	0.175	47.4749206	-92.5496104
MN	27137013400	169899934	9087371	65.599	3.509	47.4113724	-92.5636626
MN	27137013500	30161513	1917731	11.645	0.74	47.4907838	-92.4583118
MN	27137013600	85313040	6584374	32.94	2.542	47.499391	-92.382783
MN	27137013800	9573963	557322	3.697	0.215	47.5316394	-92.241012
MN	27137013900	433845915	9436286	167.509	3.643	47.5647726	-92.2083272
MN	27137014000	144812350	4344856	55.912	1.678	47.5716151	-92.1083313
MN	27137014100	274387922	2102330	105.942	0.812	47.6431046	-91.9283361
MN	27137015100	1075597926	21251127	415.291	8.205	47.7118779	-92.9003645
MN	27137015200	761656375	16343768	294.077	6.31	47.7456696	-92.5187711
MN	27137015300	7300716	1686768	2.819	0.651	47.906934	-91.8519716
MN	27137015401	566222291	97158618	218.62	37.513	47.8454134	-91.9737627
MN	27137015402	194751605	50918362	75.194	19.66	47.8153698	-92.2021111
MN	27137015501	1103088969	84774998	425.905	32.732	47.990005	-92.6850131
MN	27137015502	1945527995	322473317	751.173	124.508	48.122817	-92.2042291
MN	27137015503	1815111007	388111976	700.818	149.851	48.3387428	-92.8560228
MN	27137015600	5105229	4478512	1.971	1.729	46.7624445	-92.1154908
MN	27137015700	1874979	0	0.724	0.	46.8182648	-92.0833982
MN	27137015800	6231717	3904523	2.406	1.508	46.729851	-92.1574939
MN	27137990100	0	262162924	0.	101.222	46.8109462	-91.9179755
MN	27139080100	3334641	70724	1.288	0.027	44.7791951	-93.3392301
MN	27139080201	11013000	1520541	4.252	0.587	44.7768328	-93.374753
MN	27139080202	5132114	109563	1.982	0.042	44.7563686	-93.3773134
MN	27139080204	4795680	120879	1.852	0.047	44.7275383	-93.3795896
MN	27139080206	2880626	0	1.112	0.	44.7405826	-93.3550986
MN	27139080207	7731524	292460	2.985	0.113	44.7288733	-93.3491194
MN	27139080208	1446177	0	0.558	0.	44.7585321	-93.3327891
MN	27139080209	4064135	0	1.569	0.	44.7559752	-93.3474634
MN	27139080303	14350400	1618995	5.541	0.625	44.8004417	-93.4229549
MN	27139080304	15601923	703710	6.024	0.272	44.7813872	-93.4335327
MN	27139080305	17862425	946296	6.897	0.365	44.7472785	-93.5014795
MN	27139080306	1875471	0	0.724	0.	44.7683803	-93.4940984
MN	27139080307	11127301	0	4.296	0.	44.7667332	-93.4561752
MN	27139080400	2326598	95039	0.898	0.037	44.7969241	-93.5188957
MN	27139080500	2946926	124638	1.138	0.048	44.7938129	-93.5384765
MN	27139080600	3844447	0	1.484	0.	44.7823111	-93.5385109
MN	27139080700	32363343	714723	12.496	0.276	44.7670441	-93.5696986
MN	27139080801	8268890	58600	3.193	0.023	44.6646298	-93.6402223
MN	27139080802	105048035	2218795	40.559	0.857	44.6800211	-93.5852988
MN	27139080903	27725167	4529194	10.705	1.749	44.7198767	-93.4798959
MN	27139080905	9211814	2709384	3.557	1.046	44.7415817	-93.4160564
MN	27139080906	8118147	1372175	3.134	0.53	44.7194651	-93.406759
MN	27139080907	2547573	532115	0.984	0.205	44.706709	-93.4439409
MN	27139080908	4428784	38427	1.71	0.015	44.6996627	-93.4170762
MN	27139081001	74763563	3226370	28.866	1.246	44.6668232	-93.4500515
MN	27139081002	47061387	440049	18.171	0.17	44.6752207	-93.3476637
MN	27139081101	90675874	3130167	35.01	1.209	44.5897065	-93.4644336
MN	27139081102	42214576	124221	16.299	0.048	44.6133827	-93.3608956
MN	27139081103	50548126	0	19.517	0.	44.5676743	-93.3367896
MN	27139081200	90653756	3329107	35.002	1.285	44.5876514	-93.5952216
MN	27139081301	112820470	2163312	43.56	0.835	44.5853136	-93.8106711
MN	27139081302	105537710	1611485	40.748	0.622	44.6140696	-93.6892038
MN	27141030103	47178510	2874752	18.216	1.11	45.5303043	-93.5832113
MN	27141030104	47409748	1995734	18.305	0.771	45.492637	-93.5582614
MN	27141030105	22955113	2074271	8.863	0.801	45.4509969	-93.6041608
MN	27141030106	82016057	1207679	31.667	0.466	45.4074779	-93.5723363
MN	27141030201	206335743	6205147	79.667	2.396	45.5052574	-93.7476957
MN	27141030202	59452138	2495107	22.955	0.963	45.4119066	-93.714764
MN	27141030301	137927705	4395224	53.254	1.697	45.5157887	-93.9956516
MN	27141030302	114872167	11531005	44.352	4.452	45.4465337	-94.0041793
MN	27141030405	41278703	1653717	15.938	0.639	45.3665185	-93.693002
MN	27141030406	23615598	1188224	9.118	0.459	45.3611948	-93.7903698
MN	27141030407	75156920	1786043	29.018	0.69	45.3910435	-93.8479703
MN	27141030408	85804174	519013	33.129	0.2	45.4596835	-93.8631888
MN	27141030409	20475521	2343940	7.906	0.905	45.3351478	-93.6894498
MN	27141030410	44817493	1672545	17.304	0.646	45.3168884	-93.7343625
MN	27141030503	12313234	2121143	4.754	0.819	45.2980001	-93.5890218
MN	27141030504	25778904	226632	9.953	0.088	45.3489989	-93.6034718
MN	27141030505	47224429	1197563	18.233	0.462	45.3187229	-93.5395429
MN	27141030506	7991074	141966	3.085	0.055	45.318479	-93.5533809
MN	27141031500	18723812	1428833	7.229	0.552	45.5204608	-94.1065134
MN	27143170198	411372535	18562766	158.832	7.167	44.6527936	-94.0181854
MN	27143170200	512850082	4901446	198.013	1.892	44.5651506	-94.5131237
MN	27143170300	340157918	6186830	131.336	2.389	44.545151	-94.2391226
MN	27143170400	260710805	678888	100.661	0.262	44.5331914	-94.0412786
MN	27145000301	1674367	34078	0.646	0.013	45.5456776	-94.1659207
MN	27145000303	440429	0	0.17	0.	45.5538914	-94.1574113
MN	27145000304	3713355	624367	1.434	0.241	45.5300647	-94.1555872
MN	27145000401	12791223	0	4.939	0.	45.5220714	-94.2075832
MN	27145000402	13627078	289	5.261	0.	45.5162208	-94.1761809
MN	27145000501	5237030	0	2.022	0.	45.5539144	-94.2303757
MN	27145000502	16821165	0	6.495	0.	45.526534	-94.2393016
MN	27145000601	2819855	18588	1.089	0.007	45.5541103	-94.1911553
MN	27145000602	1622271	0	0.626	0.	45.558317	-94.1775224
MN	27145000701	3061504	0	1.182	0.	45.5664441	-94.2030939
MN	27145000801	1977208	164409	0.763	0.063	45.5674128	-94.1721919
MN	27145000901	4528348	243447	1.748	0.094	45.5815573	-94.1848553
MN	27145001002	8381691	2905	3.236	0.001	45.5725018	-94.2502728
MN	27145001003	5420962	0	2.093	0.	45.5778715	-94.2178813
MN	27145010101	25893635	864241	9.998	0.334	45.6464056	-94.2481157
MN	27145010103	6488296	449600	2.505	0.174	45.6144741	-94.2103651
MN	27145010104	13887930	0	5.362	0.	45.6020481	-94.2302054
MN	27145010200	226838639	3470372	87.583	1.34	45.6919904	-94.3102544
MN	27145010401	84516034	6023325	32.632	2.326	45.6301216	-94.4366863
MN	27145010402	131987976	3372586	50.961	1.302	45.6231747	-94.5759179
MN	27145010403	224704468	3884060	86.759	1.5	45.7259976	-94.5171985
MN	27145010500	271730878	10377850	104.916	4.007	45.6681128	-94.7470974
MN	27145010600	109752317	2118770	42.376	0.818	45.7282397	-94.8409875
MN	27145010900	568705710	6341852	219.579	2.449	45.5042506	-94.9420716
MN	27145011000	84297062	11560345	32.547	4.463	45.3714651	-94.6891584
MN	27145011101	117992981	21590932	45.557	8.336	45.3889703	-94.5740106
MN	27145011102	310806015	3404283	120.003	1.314	45.5048594	-94.6376023
MN	27145011201	231748754	9158014	89.479	3.536	45.3700988	-94.3777985
MN	27145011202	150275564	7633964	58.022	2.947	45.3808354	-94.1677537
MN	27145011302	94353417	4883909	36.43	1.886	45.456462	-94.4337887
MN	27145011305	107103031	10656286	41.353	4.114	45.5339855	-94.421236
MN	27145011306	90566678	4921222	34.968	1.9	45.4660486	-94.3189178
MN	27145011307	1875175	38066	0.724	0.015	45.5616998	-94.3196638
MN	27145011308	40494946	220703	15.635	0.085	45.5536044	-94.2919118
MN	27145011400	113629810	1713310	43.873	0.662	45.4501725	-94.1937849
MN	27145011500	387143576	7845011	149.477	3.029	45.6801625	-95.008163
MN	27145011600	1123577	165347	0.434	0.064	45.5553761	-94.1542575
MN	27147960100	394399843	3945225	152.279	1.523	44.1494337	-93.1198308
MN	27147960200	23979474	0	9.259	0.	44.0879689	-93.180181
MN	27147960300	7298755	0	2.818	0.	44.1097154	-93.2113678
MN	27147960400	17571036	17353	6.784	0.007	44.0913486	-93.2531212
MN	27147960500	457335637	1374144	176.578	0.531	43.9954943	-93.2773883
MN	27147960600	4333561	202634	1.673	0.078	44.0688682	-93.2342013
MN	27147960700	4121264	0	1.591	0.	44.0696658	-93.2081645
MN	27147960800	203485630	1432999	78.566	0.553	43.8940335	-93.172694
MN	27149480100	1082455951	25851536	417.939	9.981	45.6041847	-96.0421448
MN	27149480200	83759590	1394770	32.34	0.539	45.6223148	-95.9313842
MN	27149480300	293653873	3089798	113.38	1.193	45.4961253	-95.854719
MN	27151960100	556141695	7382118	214.728	2.85	45.2779375	-95.3695094
MN	27151960200	15306113	95507	5.91	0.037	45.3101642	-95.606183
MN	27151960300	814188922	6896627	314.36	2.663	45.2758101	-95.6901243
MN	27151960400	536203643	11862834	207.029	4.58	45.2735891	-95.9852577
MN	27153790100	153714742	4502051	59.35	1.738	46.3047011	-94.7946215
MN	27153790200	386378652	132466	149.182	0.051	46.2892756	-95.0115474
MN	27153790300	410944640	874866	158.667	0.338	46.0996466	-95.0174878
MN	27153790400	521690727	16223978	201.426	6.264	46.1563308	-94.766917
MN	27153790500	318030793	14437458	122.792	5.574	45.9297477	-94.7561971
MN	27153790600	47501654	1089266	18.34	0.421	45.9853904	-94.8712006
MN	27153790700	454621167	32934839	175.53	12.716	45.9008272	-95.0347308
MN	27153790800	154909432	18941547	59.811	7.313	45.8160327	-94.778443
MN	27155460100	722714058	6096313	279.041	2.354	45.8806722	-96.4229596
MN	27155460200	763606915	24928921	294.83	9.625	45.6651873	-96.5213974
MN	27157490100	57678081	4713606	22.27	1.82	44.3576099	-92.0492313
MN	27157490200	452908754	42530713	174.869	16.421	44.2622726	-92.0644244
MN	27157490300	7768541	12476417	2.999	4.817	44.4243981	-92.2375815
MN	27157490400	470940391	4049963	181.831	1.564	44.3101575	-92.4212528
MN	27157490500	343131088	5094890	132.484	1.967	44.2759898	-92.24013
MN	27157490600	21935861	9901	8.469	0.004	44.1662547	-92.1678206
MN	27159480100	529448488	12542648	204.421	4.843	46.7306037	-94.9846574
MN	27159480200	757333688	5382339	292.408	2.078	46.5068658	-94.9488011
MN	27159480300	102350604	84894	39.518	0.033	46.4215192	-95.1051425
MN	27161790100	184278112	11604825	71.15	4.481	44.1528087	-93.6452795
MN	27161790200	368770378	1572971	142.383	0.607	43.9147478	-93.6179003
MN	27161790300	513906280	8581505	198.42	3.313	44.0436421	-93.5569938
MN	27161790400	9177013	2555885	3.543	0.987	44.0928171	-93.4977327
MN	27161790500	20373345	578528	7.866	0.223	44.0689308	-93.5122371
MN	27163070103	10009984	410439	3.865	0.158	45.2817006	-93.0012845
MN	27163070104	2290221	167378	0.884	0.065	45.2686342	-92.9663739
MN	27163070105	16392115	9636622	6.329	3.721	45.2818367	-92.936036
MN	27163070107	16009182	1793476	6.181	0.692	45.2322606	-93.0088167
MN	27163070108	34393644	911922	13.279	0.352	45.2310318	-92.94358
MN	27163070204	28819876	2780828	11.127	1.074	45.135416	-92.9641144
MN	27163070205	90266279	12953152	34.852	5.001	45.2515356	-92.8334093
MN	27163070206	98502622	10902467	38.032	4.209	45.1719826	-92.81328
MN	27163070207	14875344	62176	5.743	0.024	45.1863619	-93.0071291
MN	27163070208	42968294	3823014	16.59	1.476	45.182997	-92.9459895
MN	27163070301	9497141	2948961	3.667	1.139	45.0988122	-92.9676189
MN	27163070303	7239342	846163	2.795	0.327	45.0422271	-92.9769524
MN	27163070304	4253921	3454716	1.642	1.334	45.0642791	-92.959863
MN	27163070403	63230211	3045190	24.413	1.176	45.0743466	-92.9150274
MN	27163070404	39786433	3271871	15.362	1.263	45.0997489	-92.8227705
MN	27163070405	25848080	2569103	9.98	0.992	45.0209961	-92.910852
MN	27163070406	31592394	2863483	12.198	1.106	44.9701805	-92.8935779
MN	27163070501	5918994	344112	2.285	0.133	45.0631058	-92.839975
MN	27163070502	3964845	1219531	1.531	0.471	45.067479	-92.8095955
MN	27163070602	2632122	483839	1.016	0.187	45.0455399	-92.8082209
MN	27163070603	2602069	155683	1.005	0.06	45.0434405	-92.8299906
MN	27163070604	3606861	505725	1.393	0.195	45.0471935	-92.8483929
MN	27163070703	7154480	1105916	2.762	0.427	45.0327903	-92.8033485
MN	27163070704	5381554	2882274	2.078	1.113	45.0074757	-92.7790642
MN	27163070705	31845807	411950	12.296	0.159	44.976947	-92.8151083
MN	27163070706	19679850	496521	7.598	0.192	44.9999709	-92.8328635
MN	27163070801	214676	0	0.083	0.	45.0273788	-92.7893137
MN	27163070802	744326	7791	0.287	0.003	45.0249583	-92.8020939
MN	27163070906	7009527	154872	2.706	0.06	45.0037789	-92.9630036
MN	27163070907	5441567	306062	2.101	0.118	45.0124968	-92.9711756
MN	27163070909	4176250	25973	1.612	0.01	44.9787084	-92.9469532
MN	27163070910	5997916	385881	2.316	0.149	44.958375	-92.9609894
MN	27163070911	4280926	49256	1.653	0.019	44.97735	-92.9712937
MN	27163070912	1651147	21705	0.638	0.008	44.9687967	-92.9700075
MN	27163071001	5181204	400148	2.	0.154	44.9380193	-92.970562
MN	27163071003	9369806	626239	3.618	0.242	44.8743985	-92.9986467
MN	27163071006	6528363	23955	2.521	0.009	44.9357177	-92.9422994
MN	27163071010	5326591	13044	2.057	0.005	44.9369929	-92.9236096
MN	27163071011	2257707	141727	0.872	0.055	44.9305501	-92.9133764
MN	27163071012	4629408	251798	1.787	0.097	44.898914	-92.9766775
MN	27163071013	4097544	31848	1.582	0.012	44.9120852	-92.9539154
MN	27163071014	2571050	12242	0.993	0.005	44.8979541	-92.9546186
MN	27163071016	4766120	35301	1.84	0.014	44.8969573	-92.926091
MN	27163071019	35318557	318436	13.637	0.123	44.8822562	-92.9159997
MN	27163071020	6724554	70538	2.596	0.027	44.9308715	-92.8679568
MN	27163071021	3409349	448774	1.316	0.173	44.9358808	-92.8963985
MN	27163071022	1982860	1465	0.766	0.001	44.893061	-92.8935223
MN	27163071023	3133062	72075	1.21	0.028	44.909342	-92.8901222
MN	27163071024	2080477	319028	0.803	0.123	44.908362	-92.911206
MN	27163071025	2368811	3330	0.915	0.001	44.9104788	-92.9279209
MN	27163071101	8647513	5483228	3.339	2.117	44.9405746	-92.7688514
MN	27163071102	139373804	7700261	53.813	2.973	44.8518904	-92.8180109
MN	27163071207	34632745	145429	13.372	0.056	44.8308698	-92.8941515
MN	27163071208	3751384	16718	1.448	0.006	44.8272915	-92.9398155
MN	27163071209	5049909	19821	1.95	0.008	44.82114	-92.9183588
MN	27163071210	4559478	15760	1.76	0.006	44.838398	-92.9561719
MN	27163071211	6150481	20294	2.375	0.008	44.8520806	-92.9548628
MN	27163071300	5651352	751243	2.182	0.29	44.8400706	-92.9952266
MN	27163071400	40575126	12033367	15.666	4.646	44.7953203	-92.9540693
MN	27165950100	372954937	4636442	143.999	1.79	44.0638626	-94.6169259
MN	27165950200	18852924	795980	7.279	0.307	43.9865216	-94.6221578
MN	27165950300	734700826	6955410	283.67	2.685	43.9207299	-94.6095299
MN	27167950100	1932068641	480470	745.976	0.186	46.3623354	-96.476657
MN	27167950200	13111214	0	5.062	0.	46.2626325	-96.5761295
MN	27169670101	89946526	9220504	34.729	3.56	44.0633741	-91.7628017
MN	27169670102	414512689	4235021	160.044	1.635	44.1162169	-91.9415541
MN	27169670200	11549872	8120786	4.459	3.135	44.0764494	-91.6963134
MN	27169670301	1784511	0	0.689	0.	44.0547362	-91.6788956
MN	27169670302	20827341	354578	8.041	0.137	44.0331074	-91.6871058
MN	27169670400	4803923	2443179	1.855	0.943	44.063767	-91.6555155
MN	27169670500	1804987	377823	0.697	0.146	44.051508	-91.6393249
MN	27169670600	14322856	1042468	5.53	0.402	44.001117	-91.6776398
MN	27169670700	6284027	953166	2.426	0.368	44.0345309	-91.6098437
MN	27169670801	297014933	4131666	114.678	1.595	43.8815754	-91.5418836
MN	27169670802	215567905	9172684	83.231	3.542	43.9696685	-91.5233503
MN	27169670900	359331511	0	138.739	0.	43.935583	-91.8427914
MN	27169671000	184040050	0	71.058	0.	43.9333637	-92.0193521
MN	27171100101	29733512	1239407	11.48	0.479	45.2572541	-93.5836213
MN	27171100102	41757420	1102285	16.123	0.426	45.271116	-93.652108
MN	27171100202	67023324	6062236	25.878	2.341	45.2655445	-93.8347508
MN	27171100203	24776354	2087680	9.566	0.806	45.3086007	-93.835986
MN	27171100205	13910187	1024957	5.371	0.396	45.2910037	-93.7370958
MN	27171100206	13839778	0	5.344	0.	45.2785916	-93.7675975
MN	27171100300	153828573	12571306	59.394	4.854	45.346437	-93.9830657
MN	27171100401	50032603	9377338	19.318	3.621	45.2807456	-94.0502457
MN	27171100402	20575977	12537790	7.944	4.841	45.2864873	-94.1159223
MN	27171100500	236179232	22913673	91.189	8.847	45.2188972	-94.157085
MN	27171100701	7490692	2793740	2.892	1.079	45.1621877	-93.8754799
MN	27171100704	12498245	19340	4.826	0.007	45.1727224	-93.8370133
MN	27171100705	8917170	3280504	3.443	1.267	45.2070038	-93.841058
MN	27171100706	129360809	14719427	49.946	5.683	45.1991794	-93.8967642
MN	27171100707	52415421	5236534	20.238	2.022	45.2561647	-93.9712059
MN	27171100803	23040119	2096893	8.896	0.81	45.1836945	-93.6825277
MN	27171100804	46869930	6460820	18.097	2.495	45.2046091	-93.722967
MN	27171100805	11677419	526119	4.509	0.203	45.1676798	-93.6473982
MN	27171100806	17167017	1471554	6.628	0.568	45.2313677	-93.5827691
MN	27171100807	9707097	97884	3.748	0.038	45.2211046	-93.6318993
MN	27171100900	93287510	5545828	36.019	2.141	45.1216279	-93.803794
MN	27171101001	89656721	2778340	34.617	1.073	45.0280126	-93.8419126
MN	27171101002	27546415	442929	10.636	0.171	45.0637066	-93.7998679
MN	27171101101	95936375	5913424	37.041	2.283	45.1110309	-93.9598398
MN	27171101102	81606198	1264123	31.508	0.488	45.0161931	-93.9459492
MN	27171101200	174603705	10639097	67.415	4.108	45.0683316	-94.0748424
MN	27171101300	178927089	5694211	69.084	2.199	45.0661009	-94.192654
MN	27173970100	382213624	1743546	147.574	0.673	44.8125461	-95.6751783
MN	27173970200	373160081	264125	144.078	0.102	44.7242746	-96.3279775
MN	27173970300	737776535	1915322	284.857	0.74	44.715894	-95.9596234
MN	27173970400	472912723	6764965	182.593	2.612	44.6366288	-95.5293829
