USPS	GEOID	ALAND	AWATER	ALAND_SQMI	AWATER_SQMI	INTPTLAT	INTPTLONG
MS	28001000101	306909765	344651	118.499	0.133	31.5024898	-91.2415151
MS	28001000102	255279696	3184711	98.564	1.23	31.4163408	-91.2963448
MS	28001000200	217304233	14421880	83.902	5.568	31.6540839	-91.3693639
MS	28001000300	2945095	0	1.137	0.	31.5718286	-91.3857982
MS	28001000400	3863905	0	1.492	0.	31.5628693	-91.3776163
MS	28001000500	20287756	45183	7.833	0.017	31.5788207	-91.3193458
MS	28001000600	6449580	0	2.49	0.	31.5493002	-91.3789867
MS	28001000700	3351907	715867	1.294	0.276	31.5557791	-91.4051499
MS	28001000800	372382131	46561347	143.778	17.977	31.4749919	-91.4426819
MS	28001000900	8690200	0	3.355	0.	31.5273342	-91.3862507
MS	28003950100	87338778	107862	33.722	0.042	34.9572201	-88.4342055
MS	28003950201	6060374	0	2.34	0.	34.9342471	-88.4967886
MS	28003950202	22789266	77274	8.799	0.03	34.9679762	-88.5028457
MS	28003950300	39287199	114580	15.169	0.044	34.9653759	-88.5564844
MS	28003950401	164823174	311209	63.639	0.12	34.9038667	-88.7045702
MS	28003950402	161259730	527006	62.263	0.203	34.9593332	-88.7171894
MS	28003950501	82200705	1319439	31.738	0.509	34.8862873	-88.5338629
MS	28003950502	8156048	0	3.149	0.	34.9243148	-88.5290992
MS	28003950600	194219201	178259	74.988	0.069	34.8398356	-88.4208862
MS	28003950700	269975934	772404	104.238	0.298	34.8044023	-88.6207245
MS	28005950100	587655925	705011	226.895	0.272	31.2522394	-90.6966205
MS	28005950200	443451290	1193155	171.218	0.461	31.2697036	-90.9440265
MS	28005950301	371169355	755945	143.309	0.292	31.0808635	-90.9534555
MS	28005950302	488674298	1223712	188.678	0.472	31.0787865	-90.7035026
MS	28007060100	539607113	280143	208.343	0.108	33.1814707	-89.4320685
MS	28007060200	524196648	1060453	202.393	0.409	33.1671209	-89.6637816
MS	28007060300	450385239	2175206	173.895	0.84	32.9806788	-89.7633784
MS	28007060400	362542477	823514	139.978	0.318	32.9913141	-89.4678239
MS	28007060500	11917421	5758	4.601	0.002	33.0579231	-89.5761937
MS	28007060600	14880397	80786	5.745	0.031	33.0601683	-89.6104243
MS	28009950101	265980979	2115283	102.696	0.817	34.885205	-89.2746488
MS	28009950102	437695163	1314747	168.995	0.508	34.8864983	-89.123605
MS	28009950200	349455282	1849154	134.925	0.714	34.678964	-89.1921646
MS	28011950100	564606925	29137597	217.996	11.25	34.0135291	-90.8216957
MS	28011950200	277572316	11950267	107.171	4.614	33.8510532	-90.9489075
MS	28011950300	237766445	1138710	91.802	0.44	33.8681737	-90.7581997
MS	28011950400	898701094	35861107	346.99	13.846	33.644291	-90.9744281
MS	28011950500	259753732	3359051	100.291	1.297	33.6703244	-90.6911004
MS	28011950601	6905352	0	2.666	0.	33.7291801	-90.7416953
MS	28011950602	11394608	0	4.399	0.	33.7513041	-90.7474379
MS	28011950701	9717363	0	3.752	0.	33.747526	-90.7059439
MS	28011950702	3723847	0	1.438	0.	33.7290805	-90.7189356
MS	28013950100	655467427	1835446	253.077	0.709	34.0422089	-89.3308171
MS	28013950200	6352652	0	2.453	0.	33.9894051	-89.3397624
MS	28013950300	544645871	1566971	210.289	0.605	33.8322968	-89.3980597
MS	28013950400	289425107	127251	111.748	0.049	33.8759688	-89.2127276
MS	28013950500	23327235	60720	9.007	0.023	33.8645839	-89.3078535
MS	28015950100	616662446	8697740	238.095	3.358	33.5757625	-89.9402948
MS	28015950201	754744426	4828245	291.408	1.864	33.356665	-89.8496881
MS	28015950202	256110259	2524571	98.885	0.975	33.3915841	-90.0711056
MS	28017950100	167130323	572181	64.529	0.221	34.0138193	-88.7972205
MS	28017950200	347190327	2980348	134.051	1.151	33.9968754	-89.0220518
MS	28017950300	85715535	241399	33.095	0.093	33.9070463	-88.9961842
MS	28017950401	359272742	1629246	138.716	0.629	33.8973722	-88.8208921
MS	28017950402	340299481	957593	131.39	0.37	33.8124743	-89.0517756
MS	28019950100	505627746	2163079	195.224	0.835	33.4399817	-89.2654503
MS	28019950200	566360087	2076936	218.673	0.802	33.2717478	-89.23136
MS	28019950300	11137502	55070	4.3	0.021	33.3165404	-89.1620717
MS	28021950100	762079658	29400180	294.241	11.351	32.0192793	-90.8974683
MS	28021950200	4416367	0	1.705	0.	31.9553773	-90.980306
MS	28021950300	495904000	6310954	191.47	2.437	31.8884423	-90.9610445
MS	28023950100	909372521	686583	351.111	0.265	32.0680727	-88.5797918
MS	28023950201	213090657	1039730	82.275	0.401	32.1769764	-88.8101388
MS	28023950202	180104876	1020692	69.539	0.394	32.0845833	-88.7970354
MS	28023950300	437813073	426513	169.041	0.165	31.9314876	-88.8105891
MS	28023950400	50791907	1900413	19.611	0.734	32.0107258	-88.7160309
MS	28025950100	359782408	1705771	138.913	0.659	33.6871491	-88.7662359
MS	28025950200	431705014	1128116	166.682	0.436	33.6719591	-88.9218348
MS	28025950300	5538762	0	2.139	0.	33.609538	-88.6543274
MS	28025950400	7740277	41946	2.989	0.016	33.6058743	-88.6372521
MS	28025950500	257315735	12501086	99.35	4.827	33.5925747	-88.5758924
MS	28027950100	470937764	52591361	181.83	20.306	34.371879	-90.5479768
MS	28027950200	477651340	24247215	184.422	9.362	34.1940195	-90.7223964
MS	28027950300	459846295	686866	177.548	0.265	34.1109232	-90.5352536
MS	28027950400	9741848	0	3.761	0.	34.2112468	-90.5752254
MS	28027950500	7494781	0	2.894	0.	34.1931205	-90.5941012
MS	28027950600	1948314	0	0.752	0.	34.1947465	-90.5684835
MS	28027950700	4906148	0	1.894	0.	34.1931654	-90.5520813
MS	28029950101	11722082	41371	4.526	0.016	31.9780665	-90.344544
MS	28029950102	10868599	133666	4.196	0.052	31.9970868	-90.3532745
MS	28029950200	310354336	1201240	119.828	0.464	31.9374271	-90.2704765
MS	28029950300	718004036	2309994	277.223	0.892	31.952843	-90.557816
MS	28029950400	19833642	167079	7.658	0.065	31.8633418	-90.3912315
MS	28029950501	114930170	96257	44.375	0.037	31.744666	-90.3484261
MS	28029950502	320699908	1118233	123.823	0.432	31.8068109	-90.2526605
MS	28029950600	506745999	576940	195.656	0.223	31.7699361	-90.5559143
MS	28031950100	321715382	625422	124.215	0.241	31.7052693	-89.4894983
MS	28031950200	13086253	45203	5.053	0.017	31.6397466	-89.5675812
MS	28031950300	301084207	1050095	116.249	0.405	31.7014637	-89.6643125
MS	28031950401	205588783	880741	79.378	0.34	31.5860676	-89.553864
MS	28031950402	230310326	279252	88.923	0.108	31.4857535	-89.4961233
MS	28033070101	181511385	17049132	70.082	6.583	34.9280084	-90.1980807
MS	28033070102	29763150	292553	11.492	0.113	34.954413	-90.1275879
MS	28033070210	16391359	447960	6.329	0.173	34.9712666	-90.0826077
MS	28033070221	39698736	396329	15.328	0.153	34.9119396	-90.0712052
MS	28033070222	26694128	121937	10.307	0.047	34.9106054	-90.0218313
MS	28033070310	5589106	34749	2.158	0.013	34.9472972	-90.0060052
MS	28033070322	9159906	91354	3.537	0.035	34.9435765	-90.0317825
MS	28033070323	4978762	345	1.922	0.	34.9729494	-90.0505192
MS	28033070324	2216356	0	0.856	0.	34.9549949	-90.0531292
MS	28033070325	1695044	0	0.654	0.	34.9558476	-90.0400295
MS	28033070411	1129844	0	0.436	0.	34.991148	-90.0149971
MS	28033070412	4134977	0	1.597	0.	34.9761606	-90.0082691
MS	28033070421	6982165	132408	2.696	0.051	34.9881379	-90.0364747
MS	28033070422	2004072	0	0.774	0.	34.9725681	-90.0233458
MS	28033070521	5205975	88568	2.01	0.034	34.9868992	-89.9879225
MS	28033070522	4299740	18001	1.66	0.007	34.9702724	-89.9874249
MS	28033070523	11651976	0	4.499	0.	34.9787503	-89.9544751
MS	28033070524	11546327	60081	4.458	0.023	34.9804428	-89.9190537
MS	28033070610	4706300	320	1.817	0.	34.9507098	-89.9883732
MS	28033070631	10474851	0	4.044	0.	34.9477892	-89.9190462
MS	28033070632	12944089	142419	4.998	0.055	34.947536	-89.9571232
MS	28033070633	18016550	372726	6.956	0.144	34.9110934	-89.9130374
MS	28033070634	11639124	20153	4.494	0.008	34.8994897	-89.9671103
MS	28033070635	16545482	49766	6.388	0.019	34.9162197	-89.9646082
MS	28033070721	22821775	1078	8.812	0.	34.9259132	-89.8452453
MS	28033070722	71842671	122454	27.739	0.047	34.8934882	-89.8395626
MS	28033070723	11537662	43382	4.455	0.017	34.9776595	-89.8778325
MS	28033070724	11875329	36467	4.585	0.014	34.9503045	-89.8747338
MS	28033070811	13437693	303993	5.188	0.117	34.9825677	-89.8456606
MS	28033070812	9281931	0	3.584	0.	34.9749434	-89.8115949
MS	28033070821	8100227	0	3.128	0.	34.9478869	-89.8202832
MS	28033070822	3448434	16778	1.331	0.006	34.95491	-89.8057049
MS	28033070830	55634218	63348	21.48	0.024	34.9586658	-89.7605432
MS	28033070900	176273295	1549403	68.06	0.598	34.8248329	-89.7818247
MS	28033071001	32304819	179048	12.473	0.069	34.8503516	-89.961429
MS	28033071002	80190972	220182	30.962	0.085	34.8211717	-89.929245
MS	28033071121	8853342	21354	3.418	0.008	34.854613	-89.9924365
MS	28033071122	38740697	611003	14.958	0.236	34.8493023	-90.0356993
MS	28033071123	115822257	21011049	44.719	8.112	34.7732661	-90.0600446
MS	28033071124	18252532	21552	7.047	0.008	34.7933177	-89.9810486
MS	28033071200	116332943	6714920	44.916	2.593	34.8128802	-90.1530015
MS	28035000200	2475526	0	0.956	0.	31.3195537	-89.3018673
MS	28035000300	2581218	0	0.997	0.	31.328557	-89.3127822
MS	28035000500	2898763	125733	1.119	0.049	31.3197828	-89.2787983
MS	28035000601	2808493	0	1.084	0.	31.3101143	-89.2970995
MS	28035000602	5592140	0	2.159	0.	31.2946691	-89.3019805
MS	28035000700	5131812	0	1.981	0.	31.3119883	-89.3214514
MS	28035000800	9351952	122781	3.611	0.047	31.3004244	-89.3376825
MS	28035000900	1602810	0	0.619	0.	31.3305004	-89.3359944
MS	28035001000	3771260	0	1.456	0.	31.3419203	-89.3413749
MS	28035001100	8608001	41032	3.324	0.016	31.3482546	-89.3212556
MS	28035010101	104713227	1547974	40.43	0.598	31.2910171	-89.1898496
MS	28035010103	34308970	462818	13.247	0.179	31.385854	-89.175153
MS	28035010104	74756771	636859	28.864	0.246	31.4096447	-89.2432406
MS	28035010201	60046798	319682	23.184	0.123	31.3783207	-89.4097992
MS	28035010202	85536314	957243	33.026	0.37	31.3966118	-89.3404742
MS	28035010300	12559798	55700	4.849	0.022	31.3667311	-89.2439289
MS	28035010400	16370318	378037	6.321	0.146	31.3255143	-89.2460881
MS	28035010500	67802007	2837512	26.179	1.096	31.2694117	-89.2775054
MS	28035010601	173621592	1625064	67.036	0.627	31.1489721	-89.2816071
MS	28035010602	527329387	1570929	203.603	0.607	31.0503969	-89.2354391
MS	28035010700	5175729	191553	1.998	0.074	31.3375361	-89.2920445
MS	28037950101	76590684	992270	29.572	0.383	31.4797684	-90.8782834
MS	28037950102	710718940	2793089	274.41	1.078	31.4832158	-90.7699167
MS	28037950200	673349198	3465446	259.982	1.338	31.4790405	-91.0413191
MS	28039950101	270350331	519154	104.383	0.2	30.817449	-88.4936484
MS	28039950102	224144352	238413	86.543	0.092	30.947395	-88.5185021
MS	28039950200	14057269	0	5.428	0.	30.9215609	-88.5978963
MS	28039950302	275465412	5657008	106.358	2.184	30.9187074	-88.7586109
MS	28039950303	144566624	2290356	55.817	0.884	30.8511754	-88.7328985
MS	28039950304	311232923	4133195	120.168	1.596	30.7634569	-88.6937123
MS	28041950101	522209463	1129351	201.626	0.436	31.2980076	-88.7571738
MS	28041950102	595110841	4533620	229.774	1.75	31.2972672	-88.5479804
MS	28041950201	477893588	5886160	184.516	2.273	31.0569199	-88.6028034
MS	28041950202	250770009	3881488	96.823	1.499	31.130031	-88.6911655
MS	28043950101	90352482	43377455	34.885	16.748	33.7891738	-89.7021199
MS	28043950102	391704129	24035253	151.238	9.28	33.7310384	-89.5891629
MS	28043950201	164352498	94188	63.457	0.036	33.8400587	-89.8681435
MS	28043950202	412295107	3109342	159.188	1.201	33.7299983	-89.983516
MS	28043950300	9000751	0	3.475	0.	33.7837313	-89.8254862
MS	28043950400	4806206	42194	1.856	0.016	33.7885419	-89.8049541
MS	28043950500	20779931	1134	8.023	0.	33.7529356	-89.8166697
MS	28045030101	3812617	4533894	1.472	1.751	30.3009833	-89.3370257
MS	28045030102	3684171	1757578	1.422	0.679	30.3140385	-89.3318073
MS	28045030201	18143184	6102025	7.005	2.356	30.2621583	-89.4166823
MS	28045030202	5208973	9333175	2.011	3.604	30.2784866	-89.3724864
MS	28045030203	5378683	41798	2.077	0.016	30.2968576	-89.385265
MS	28045030301	14599987	19307499	5.637	7.455	30.3384197	-89.3513258
MS	28045030302	11154700	1292938	4.307	0.499	30.3247857	-89.3947218
MS	28045030303	13265619	7813	5.122	0.003	30.2860888	-89.4350226
MS	28045030304	11788954	428073	4.552	0.165	30.3081929	-89.4134226
MS	28045030400	271107138	21663128	104.675	8.364	30.2599628	-89.5219505
MS	28045030501	9975759	895110	3.852	0.346	30.3933215	-89.3767865
MS	28045030502	4168419	83422	1.609	0.032	30.3896368	-89.3726468
MS	28045030503	14585600	428866	5.632	0.166	30.3653439	-89.369652
MS	28045030603	123587917	1282028	47.718	0.495	30.5655431	-89.3857227
MS	28045030604	216967492	2309514	83.772	0.892	30.5646734	-89.4857206
MS	28045030605	110177938	404103	42.54	0.156	30.4631075	-89.4090944
MS	28045030606	389954066	6225713	150.562	2.404	30.4072244	-89.5593141
MS	28045990000	0	127998875	0.	49.421	30.2186032	-89.3717069
MS	28047000600	2124191	5913608	0.82	2.283	30.394776	-88.9152214
MS	28047000900	5691895	916227	2.198	0.354	30.4077351	-88.9246855
MS	28047001203	2141498	1215865	0.827	0.469	30.413215	-88.9579279
MS	28047001204	1581495	6867	0.611	0.003	30.4060675	-88.9655988
MS	28047001205	3320904	850410	1.282	0.328	30.4083304	-88.9896288
MS	28047001206	566334	4742	0.219	0.002	30.3969141	-88.9981227
MS	28047001207	2545083	101074	0.983	0.039	30.3980165	-88.9684123
MS	28047001301	2417775	9239724	0.934	3.567	30.3912006	-88.9701589
MS	28047001302	2053156	6807	0.793	0.003	30.3948213	-88.9760793
MS	28047001401	1401758	0	0.541	0.	30.3874538	-89.0151182
MS	28047001402	3889114	14278315	1.502	5.513	30.3739387	-89.0657073
MS	28047001503	1070746	4574	0.413	0.002	30.3940444	-89.0205368
MS	28047001504	1659864	0	0.641	0.	30.3956367	-89.0110852
MS	28047001505	4492294	648527	1.734	0.25	30.4164961	-89.0272009
MS	28047001506	2718723	303657	1.05	0.117	30.4076577	-89.0129284
MS	28047001600	5848514	470696	2.258	0.182	30.413662	-89.0518279
MS	28047001701	3445744	98969	1.33	0.038	30.3942563	-89.0372525
MS	28047001702	651949	12660	0.252	0.005	30.4002396	-89.0412441
MS	28047001703	2720615	17055	1.05	0.007	30.3880982	-89.0516609
MS	28047001800	9528655	192604	3.679	0.074	30.41265	-89.087533
MS	28047001900	2263061	7919	0.874	0.003	30.3826562	-89.0687106
MS	28047002001	1240513	7628	0.479	0.003	30.3761747	-89.0855024
MS	28047002002	2916582	37707	1.126	0.015	30.3886672	-89.0820812
MS	28047002300	2534484	6678	0.979	0.003	30.3739964	-89.1035413
MS	28047002401	3504264	0	1.353	0.	30.3913857	-89.1248678
MS	28047002402	4796703	15272	1.852	0.006	30.3969403	-89.1051313
MS	28047002500	4442866	59727	1.715	0.023	30.3794012	-89.1250864
MS	28047002600	2949960	0	1.139	0.	30.3666647	-89.1226046
MS	28047002701	3270977	68199	1.263	0.026	30.3491763	-89.1684761
MS	28047002702	3969718	5349	1.533	0.002	30.3586911	-89.1456162
MS	28047002801	1835282	9561390	0.709	3.692	30.3428326	-89.1543082
MS	28047002802	2880580	0	1.112	0.	30.3482571	-89.1492908
MS	28047002900	6579851	6259752	2.54	2.417	30.3305746	-89.1905636
MS	28047003001	9513195	614760	3.673	0.237	30.3345965	-89.242306
MS	28047003002	7219390	7594687	2.787	2.932	30.3249916	-89.2850316
MS	28047003103	36230165	139988	13.989	0.054	30.4085102	-89.1449775
MS	28047003104	74709790	18290370	28.846	7.062	30.3888975	-89.2874394
MS	28047003105	43901662	1051044	16.951	0.406	30.3892588	-89.2121368
MS	28047003106	4475238	5544	1.728	0.002	30.3580998	-89.175795
MS	28047003107	7255546	37144	2.801	0.014	30.3738701	-89.1593511
MS	28047003208	16649762	5205337	6.429	2.01	30.4311788	-89.0297432
MS	28047003209	35855360	696509	13.844	0.269	30.5224652	-89.0787964
MS	28047003210	1278238	1039	0.494	0.	30.4530677	-89.0795376
MS	28047003211	2989176	20635	1.154	0.008	30.4430816	-89.088998
MS	28047003212	2782628	94946	1.074	0.037	30.4615685	-89.0769907
MS	28047003213	4192518	11912	1.619	0.005	30.4643501	-89.0972349
MS	28047003214	2429334	2436	0.938	0.001	30.4434977	-89.0665339
MS	28047003215	8276019	163504	3.195	0.063	30.4589746	-89.0519722
MS	28047003216	16101710	305663	6.217	0.118	30.5035971	-89.0886397
MS	28047003217	3792368	15744	1.464	0.006	30.4804984	-89.0788714
MS	28047003305	2576555	448951	0.995	0.173	30.4361013	-88.8860295
MS	28047003306	2016196	85017	0.778	0.033	30.4378457	-88.8979257
MS	28047003307	4223856	116927	1.631	0.045	30.4542968	-88.9013502
MS	28047003308	2241453	11645	0.865	0.004	30.4370924	-88.9087901
MS	28047003309	4785460	3681021	1.848	1.421	30.4321273	-88.9238606
MS	28047003310	1692763	0	0.654	0.	30.432738	-88.9491092
MS	28047003311	6612932	460556	2.553	0.178	30.4485569	-88.9312816
MS	28047003312	3223941	566571	1.245	0.219	30.4433876	-88.9632727
MS	28047003313	3162965	1915561	1.221	0.74	30.4297755	-88.9767844
MS	28047003403	32599507	370437	12.587	0.143	30.5003563	-89.0141591
MS	28047003405	47072304	686182	18.175	0.265	30.5253147	-88.9186333
MS	28047003406	29729162	784070	11.478	0.303	30.4850675	-88.9462644
MS	28047003407	19512263	1783967	7.534	0.689	30.4649324	-88.9834015
MS	28047003408	261173421	367957	100.84	0.142	30.6105774	-88.9781192
MS	28047003409	111501901	763758	43.051	0.295	30.5871179	-89.0932745
MS	28047003506	163179064	1236102	63.004	0.477	30.6226774	-89.2223396
MS	28047003507	18685386	549495	7.214	0.212	30.4904913	-89.1275596
MS	28047003508	51811992	919204	20.005	0.355	30.4874295	-89.1973486
MS	28047003509	12832074	56620	4.954	0.022	30.442417	-89.119766
MS	28047003510	24914437	603956	9.62	0.233	30.4516199	-89.1689741
MS	28047003511	81027194	843636	31.285	0.326	30.5077379	-89.3148808
MS	28047003512	95033086	1814705	36.692	0.701	30.4866575	-89.2611246
MS	28047003513	45821634	467531	17.692	0.181	30.5523111	-89.218386
MS	28047003514	47667443	1298335	18.405	0.501	30.5526488	-89.1590918
MS	28047003600	16017781	57939316	6.185	22.37	30.3726503	-88.8415132
MS	28047003700	2402927	265673	0.928	0.103	30.4063165	-88.9406357
MS	28047003800	2304787	2755031	0.89	1.064	30.3577592	-89.1130708
MS	28047003901	1258180	730530	0.486	0.282	30.4101585	-88.8900844
MS	28047003902	1975663	2178724	0.763	0.841	30.4164816	-88.9102777
MS	28047004000	3425463	4152362	1.323	1.603	30.4069445	-88.8688824
MS	28047980000	4519602	5801	1.745	0.002	30.4104285	-89.0701345
MS	28047990000	0	892200504	0.	344.481	30.264457	-89.0285383
MS	28049000100	5042657	0	1.947	0.	32.3758942	-90.1331383
MS	28049000200	7342992	226722	2.835	0.088	32.3597866	-90.1302537
MS	28049000301	1314003	0	0.507	0.	32.3665227	-90.1634026
MS	28049000302	2666148	0	1.029	0.	32.3700794	-90.1547605
MS	28049000400	2562043	0	0.989	0.	32.3541667	-90.164152
MS	28049000500	4086430	0	1.578	0.	32.3607868	-90.1824185
MS	28049000600	2906702	0	1.122	0.	32.3500218	-90.2038401
MS	28049000700	11243155	1666	4.341	0.001	32.3472431	-90.2581307
MS	28049000800	7218266	0	2.787	0.	32.3401796	-90.2268225
MS	28049000900	1141406	0	0.441	0.	32.3436469	-90.2098237
MS	28049001000	1233889	0	0.476	0.	32.3305709	-90.2089555
MS	28049001100	2673662	0	1.032	0.	32.329426	-90.1955256
MS	28049001200	2110982	0	0.815	0.	32.3418604	-90.1880614
MS	28049001300	5597700	0	2.161	0.	32.3378199	-90.1721369
MS	28049001400	10428251	686658	4.026	0.265	32.33606	-90.128791
MS	28049001500	2610724	22282	1.008	0.009	32.31949	-90.1692628
MS	28049001600	2886089	0	1.114	0.	32.320817	-90.1824535
MS	28049002100	3235013	19506	1.249	0.008	32.3154388	-90.2242962
MS	28049002200	2081766	0	0.804	0.	32.3230489	-90.2367908
MS	28049002300	2764013	0	1.067	0.	32.3144513	-90.2456775
MS	28049002400	3447317	0	1.331	0.	32.3031604	-90.2301124
MS	28049002500	1953771	0	0.754	0.	32.3081997	-90.2084023
MS	28049002700	9342686	1070218	3.607	0.413	32.2936711	-90.1735073
MS	28049003000	4869321	0	1.88	0.	32.2795816	-90.2022073
MS	28049003200	1853620	0	0.716	0.	32.2932592	-90.2221867
MS	28049003300	4952892	0	1.912	0.	32.2813774	-90.2394631
MS	28049003400	3622658	0	1.399	0.	32.2808837	-90.2219905
MS	28049003500	3017644	0	1.165	0.	32.2627287	-90.2225532
MS	28049003600	2394652	0	0.925	0.	32.2631226	-90.245748
MS	28049003700	2923821	0	1.129	0.	32.2505782	-90.2349964
MS	28049003800	3301195	0	1.275	0.	32.2453008	-90.2216332
MS	28049010102	3922353	0	1.514	0.	32.3913	-90.1329029
MS	28049010103	7990819	541283	3.085	0.209	32.3865157	-90.0990245
MS	28049010104	1353507	21921	0.523	0.008	32.3947398	-90.1161195
MS	28049010201	6546880	0	2.528	0.	32.3858071	-90.161733
MS	28049010202	6769375	0	2.614	0.	32.3843899	-90.183869
MS	28049010203	24658433	1762558	9.521	0.681	32.3792287	-90.2177112
MS	28049010301	8157494	22631	3.15	0.009	32.365904	-90.2623793
MS	28049010304	15015275	19073	5.797	0.007	32.3736091	-90.305428
MS	28049010305	2503574	4493	0.967	0.002	32.3359013	-90.3026858
MS	28049010400	11002870	5089	4.248	0.002	32.3471658	-90.3475693
MS	28049010501	134257663	413328	51.837	0.16	32.4314342	-90.3035812
MS	28049010502	252640950	1887900	97.545	0.729	32.4030906	-90.4239687
MS	28049010600	474045692	5291960	183.03	2.043	32.3545713	-90.5734902
MS	28049010700	205671766	1540551	79.41	0.595	32.2251107	-90.4446707
MS	28049010801	5582141	27976	2.155	0.011	32.3072579	-90.2887155
MS	28049010804	2773528	53594	1.071	0.021	32.3250998	-90.3128914
MS	28049010805	3942263	26097	1.522	0.01	32.3190795	-90.3365752
MS	28049010806	28962921	78756	11.183	0.03	32.2990663	-90.3392704
MS	28049010807	48337580	0	18.663	0.	32.2216528	-90.3416367
MS	28049010808	11783239	211198	4.55	0.082	32.2823615	-90.2991209
MS	28049010809	17544151	0	6.774	0.	32.2671894	-90.3198131
MS	28049010901	9930595	111097	3.834	0.043	32.3224662	-90.2787936
MS	28049010902	5765413	35469	2.226	0.014	32.3018337	-90.2674387
MS	28049011001	10399994	0	4.015	0.	32.2819359	-90.2679207
MS	28049011002	3978497	0	1.536	0.	32.2610272	-90.2651303
MS	28049011101	9100756	0	3.514	0.	32.2470931	-90.2706285
MS	28049011103	49401522	1101677	19.074	0.425	32.203333	-90.230766
MS	28049011104	12454068	199496	4.809	0.077	32.2135726	-90.2807234
MS	28049011105	12636038	421757	4.879	0.163	32.2204527	-90.2577732
MS	28049011201	214861342	715919	82.958	0.276	32.0973626	-90.4483758
MS	28049011203	41286197	415849	15.941	0.161	32.1730858	-90.3341777
MS	28049011204	114566731	628676	44.234	0.243	32.1060571	-90.292595
MS	28049011300	366668820	1693626	141.572	0.654	32.149579	-90.6374349
MS	28049011400	1064406	0	0.411	0.	32.3113771	-90.1880028
MS	28049011500	1878064	0	0.725	0.	32.2952568	-90.206641
MS	28049011600	2608425	0	1.007	0.	32.3198091	-90.202494
MS	28051950100	345396755	898674	133.358	0.347	33.1407707	-89.8822124
MS	28051950200	438434488	1432523	169.281	0.553	33.1998802	-90.0448204
MS	28051950300	370033097	6906280	142.871	2.667	33.2428717	-90.2358422
MS	28051950400	499573016	9584678	192.886	3.701	33.0448154	-90.2263023
MS	28051950501	78183708	782806	30.187	0.302	32.938248	-89.9414171
MS	28051950502	228155766	963864	88.091	0.372	32.9953135	-90.0286468
MS	28053950100	418499102	11507870	161.583	4.443	33.2102235	-90.4588654
MS	28053950200	654641262	20908703	252.758	8.073	33.0763779	-90.5751064
MS	28053950300	11235269	97741	4.338	0.038	33.1889353	-90.4868632
MS	28055950100	1069614257	73664788	412.98	28.442	32.7555393	-91.0035351
MS	28057950100	302105047	7939081	116.643	3.065	34.3862651	-88.3138155
MS	28057950201	192938421	4296019	74.494	1.659	34.4076278	-88.4901015
MS	28057950202	81423346	427463	31.438	0.165	34.2969841	-88.4981473
MS	28057950300	19849207	854211	7.664	0.33	34.2674954	-88.400177
MS	28057950400	524195769	3413687	202.393	1.318	34.2243103	-88.2743005
MS	28057950500	259421209	2895075	100.163	1.118	34.1777353	-88.472713
MS	28059040103	143733415	8721667	55.496	3.367	30.5872207	-88.5406662
MS	28059040104	134009730	3422373	51.741	1.321	30.667776	-88.5841321
MS	28059040105	163103806	816636	62.975	0.315	30.5529654	-88.4489257
MS	28059040106	96670700	4478	37.325	0.002	30.6891099	-88.4543786
MS	28059040203	116843738	52612	45.114	0.02	30.5053533	-88.7728882
MS	28059040205	109975339	5669969	42.462	2.189	30.5392367	-88.6348139
MS	28059040206	469681558	1583703	181.345	0.611	30.6118221	-88.7615836
MS	28059040207	21419733	2232	8.27	0.001	30.4749105	-88.857868
MS	28059040208	33660963	796	12.997	0.	30.5192844	-88.8491922
MS	28059040301	3727835	0	1.439	0.	30.4486019	-88.868959
MS	28059040302	7359579	2231112	2.842	0.861	30.4355683	-88.8547309
MS	28059040401	25267560	0	9.756	0.	30.442395	-88.7852825
MS	28059040402	8286431	1273502	3.199	0.492	30.430111	-88.8266625
MS	28059040500	7127565	7189488	2.752	2.776	30.4085199	-88.828964
MS	28059040600	7424967	1272229	2.867	0.491	30.4027039	-88.7886473
MS	28059040701	14980690	141232	5.784	0.055	30.4158641	-88.7424231
MS	28059040702	9926510	0	3.833	0.	30.4206057	-88.766137
MS	28059040801	65811315	549302	25.41	0.212	30.4630905	-88.698531
MS	28059040802	14017625	1204129	5.412	0.465	30.4556056	-88.6371611
MS	28059040901	25754855	28734608	9.944	11.094	30.3575774	-88.7226177
MS	28059040902	12544403	345202	4.843	0.133	30.3889405	-88.7377732
MS	28059040903	13023577	2947587	5.028	1.138	30.3687473	-88.7669636
MS	28059041001	6240574	406738	2.409	0.157	30.3922033	-88.6349568
MS	28059041002	15550379	1631086	6.004	0.63	30.4152423	-88.6307839
MS	28059041101	5586371	2098017	2.157	0.81	30.3694511	-88.6372641
MS	28059041102	9713240	2569857	3.75	0.992	30.3700495	-88.6647061
MS	28059041301	25636599	2263591	9.898	0.874	30.4605279	-88.548792
MS	28059041302	52229322	385670	20.166	0.149	30.4755758	-88.515515
MS	28059041400	5753305	1245419	2.221	0.481	30.4090282	-88.5549199
MS	28059041500	4109605	837692	1.587	0.323	30.4095458	-88.529669
MS	28059041600	5790829	28135	2.236	0.011	30.4108166	-88.504172
MS	28059041700	2620710	0	1.012	0.	30.3967201	-88.5090111
MS	28059041800	3161583	346	1.221	0.	30.3961356	-88.5320063
MS	28059041900	5090950	816375	1.966	0.315	30.3814623	-88.5414763
MS	28059042000	4771343	11441	1.842	0.004	30.3789944	-88.5149824
MS	28059042100	3298621	14708	1.274	0.006	30.3584314	-88.5211269
MS	28059042201	1377128	0	0.532	0.	30.3654686	-88.5335444
MS	28059042202	2207928	0	0.852	0.	30.3679638	-88.5414919
MS	28059042500	2535140	918783	0.979	0.355	30.3476384	-88.5490858
MS	28059042600	4405667	969901	1.701	0.374	30.3436109	-88.5153453
MS	28059042700	120695571	40467640	46.601	15.625	30.3738985	-88.462982
MS	28059042900	86982437	124481896	33.584	48.063	30.3345941	-88.5713959
MS	28059990000	0	584982462	0.	225.863	30.246629	-88.587545
MS	28061950101	575232115	563924	222.098	0.218	32.1177889	-89.1822782
MS	28061950102	281771642	708423	108.793	0.274	32.1182949	-88.9775265
MS	28061950200	57932771	79476	22.368	0.031	31.9922898	-89.2778458
MS	28061950301	104754523	503105	40.446	0.194	31.8854701	-89.2846855
MS	28061950302	224311771	517897	86.607	0.2	31.9029312	-89.2021408
MS	28061950401	159441117	442674	61.561	0.171	31.8782783	-88.9800152
MS	28061950402	348192250	315351	134.438	0.122	31.9414002	-89.0503949
MS	28063950101	320196968	17741716	123.629	6.85	31.8112576	-91.1701242
MS	28063950102	345373698	1130712	133.35	0.437	31.6838803	-91.1504509
MS	28063950103	674196536	115664	260.309	0.045	31.7206008	-90.8941872
MS	28063950200	6853352	0	2.646	0.	31.7083289	-91.0654576
MS	28065950101	197106942	96126	76.103	0.037	31.6642667	-89.9382865
MS	28065950102	214822264	46357	82.943	0.018	31.6633834	-89.8020513
MS	28065950201	241149697	410513	93.108	0.158	31.5011243	-89.6792443
MS	28065950202	404792374	1238500	156.291	0.478	31.4930936	-89.8814858
MS	28067950101	91591309	209516	35.364	0.081	31.7786935	-89.1004805
MS	28067950102	97925216	230184	37.809	0.089	31.7720021	-88.9972633
MS	28067950201	59478842	271143	22.965	0.105	31.758606	-89.1967854
MS	28067950202	110074628	448500	42.5	0.173	31.7703208	-89.3036175
MS	28067950301	209387458	967911	80.845	0.374	31.6804102	-89.3240145
MS	28067950302	60231403	319304	23.255	0.123	31.6842819	-89.2203469
MS	28067950401	14709284	111085	5.679	0.043	31.7296837	-89.1610441
MS	28067950402	10594077	20292	4.09	0.008	31.7301953	-89.1274582
MS	28067950500	11196931	39096	4.323	0.015	31.7023341	-89.1514459
MS	28067950601	12348920	332180	4.768	0.128	31.6550045	-89.1581834
MS	28067950602	17305400	77644	6.682	0.03	31.669198	-89.1737591
MS	28067950700	30536304	942140	11.79	0.364	31.686712	-89.103462
MS	28067950801	89118919	5440735	34.409	2.101	31.706603	-88.9967979
MS	28067950802	74881280	409741	28.912	0.158	31.6537962	-89.0157956
MS	28067950901	178132405	798661	68.777	0.308	31.5906233	-89.0715037
MS	28067950902	404555644	1346554	156.2	0.52	31.4919959	-89.083937
MS	28067951000	18147409	119098	7.007	0.046	31.6023168	-89.1975715
MS	28067951101	122509733	288479	47.301	0.111	31.5791961	-89.3111754
MS	28067951102	183798748	309424	70.965	0.119	31.490801	-89.326319
MS	28067980000	3115109	0	1.203	0.	31.4685726	-89.3341963
MS	28069030100	1097734004	1533996	423.837	0.592	32.7543364	-88.5266718
MS	28069030200	886669147	648354	342.345	0.25	32.7495667	-88.7641947
MS	28071950100	457575646	2270667	176.671	0.877	34.424296	-89.3634854
MS	28071950201	9246592	37934	3.57	0.015	34.380627	-89.4982386
MS	28071950203	5235996	0	2.022	0.	34.3455995	-89.5266044
MS	28071950204	4140305	0	1.599	0.	34.3597539	-89.5164196
MS	28071950301	3590039	4439	1.386	0.002	34.3618445	-89.5462135
MS	28071950303	5662639	21645	2.186	0.008	34.3831661	-89.5460061
MS	28071950304	4022471	31563	1.553	0.012	34.3728371	-89.5567595
MS	28071950402	265186044	116477092	102.389	44.972	34.4627952	-89.588119
MS	28071950403	53181486	47367	20.533	0.018	34.4164661	-89.5167978
MS	28071950404	37670600	64655	14.545	0.025	34.388292	-89.5892457
MS	28071950502	217875102	1386131	84.122	0.535	34.2656213	-89.6405972
MS	28071950504	57284811	166411	22.118	0.064	34.3143818	-89.6070659
MS	28071950505	52407580	170255	20.235	0.066	34.3113298	-89.554363
MS	28071950506	35954355	260027	13.882	0.1	34.3103611	-89.4918485
MS	28071950507	427054844	2167252	164.887	0.837	34.2343541	-89.3891709
MS	28073020101	87157381	150524	33.652	0.058	31.4080651	-89.5973222
MS	28073020102	200610276	447822	77.456	0.173	31.35541	-89.5407269
MS	28073020203	10553745	17723	4.075	0.007	31.280318	-89.4109295
MS	28073020204	39126584	61923	15.107	0.024	31.2536021	-89.4289935
MS	28073020205	18728898	1437074	7.231	0.555	31.3274078	-89.442517
MS	28073020206	16602299	1860228	6.41	0.718	31.2952774	-89.4340464
MS	28073020303	45460504	0	17.552	0.	31.2493306	-89.3735919
MS	28073020304	8440861	163939	3.259	0.063	31.303007	-89.3654023
MS	28073020305	6789812	129084	2.622	0.05	31.3119957	-89.3838368
MS	28073020306	9328894	32566	3.602	0.013	31.3388	-89.3826495
MS	28073020307	1031736	0	0.398	0.	31.3358167	-89.35012
MS	28073020308	3199141	0	1.235	0.	31.3323852	-89.3606962
MS	28073020401	66523693	118568	25.685	0.046	31.1075329	-89.420651
MS	28073020402	90240985	832760	34.842	0.322	31.1722629	-89.412319
MS	28073020501	424348104	2837426	163.842	1.096	31.1443884	-89.5800863
MS	28073020502	106268010	225723	41.03	0.087	31.2549733	-89.5016512
MS	28073020600	151698872	556048	58.571	0.215	31.042474	-89.4353926
MS	28075000200	2260898	0	0.873	0.	32.3714933	-88.7110744
MS	28075000300	2082376	0	0.804	0.	32.3853423	-88.7092437
MS	28075000401	1519632	0	0.587	0.	32.3774207	-88.6949463
MS	28075000402	4185515	0	1.616	0.	32.3871757	-88.6786656
MS	28075000600	3638234	0	1.405	0.	32.3564988	-88.7118637
MS	28075000700	10875372	115845	4.199	0.045	32.3372304	-88.7384737
MS	28075000800	1875584	0	0.724	0.	32.3714172	-88.7260907
MS	28075000900	10612503	157042	4.098	0.061	32.3843377	-88.7392411
MS	28075001000	13706192	132408	5.292	0.051	32.4152119	-88.717653
MS	28075001101	6141556	42486	2.371	0.016	32.4012021	-88.6906549
MS	28075001102	11805718	0	4.558	0.	32.421222	-88.6815712
MS	28075010203	139020155	4039812	53.676	1.56	32.5318868	-88.4407084
MS	28075010204	164849057	1691809	63.649	0.653	32.4375754	-88.5526633
MS	28075010205	104290865	649029	40.267	0.251	32.5037882	-88.6513687
MS	28075010206	102946087	661661	39.748	0.255	32.5284045	-88.5688223
MS	28075010301	175339879	18574835	67.699	7.172	32.510455	-88.767072
MS	28075010303	143991288	311833	55.595	0.12	32.4197775	-88.8732405
MS	28075010304	80730057	131199	31.17	0.051	32.5282585	-88.8765843
MS	28075010400	263341352	377571	101.677	0.146	32.3062262	-88.845501
MS	28075010501	96041582	56477	37.082	0.022	32.2758529	-88.6206783
MS	28075010502	89692913	708471	34.631	0.274	32.2911233	-88.71497
MS	28075010601	145814498	1757948	56.299	0.679	32.2902035	-88.5535132
MS	28075010602	238041325	322095	91.908	0.124	32.352354	-88.4991826
MS	28075010700	4916636	0	1.898	0.	32.3647684	-88.6896483
MS	28075980000	4788972	0	1.849	0.	32.3348065	-88.7501707
MS	28077960100	416065586	7856722	160.644	3.033	31.5948926	-90.0381613
MS	28077960200	289755639	3296433	111.875	1.273	31.6259022	-90.177441
MS	28077960300	409432780	2035257	158.083	0.786	31.4309395	-90.1425321
MS	28079040100	343914338	458963	132.786	0.177	32.8512915	-89.4275521
MS	28079040401	254861578	1610513	98.403	0.622	32.7030199	-89.3891015
MS	28079040402	109104793	19127	42.126	0.007	32.6318667	-89.4425693
MS	28079040500	320745605	3333002	123.841	1.287	32.6438832	-89.6053533
MS	28079040600	78154851	539348	30.176	0.208	32.7516577	-89.5424523
MS	28079040700	402916027	415513	155.567	0.16	32.8223153	-89.6351749
MS	28081950101	130461308	1399589	50.371	0.54	34.454158	-88.7149622
MS	28081950102	122290002	143623	47.216	0.055	34.4540973	-88.6011007
MS	28081950202	124476722	3395562	48.061	1.311	34.3497251	-88.6211737
MS	28081950203	54389416	321	21.	0.	34.3724499	-88.762919
MS	28081950204	39370281	1066961	15.201	0.412	34.3587661	-88.7079189
MS	28081950301	62698338	122061	24.208	0.047	34.2895634	-88.5915777
MS	28081950302	94755210	536151	36.585	0.207	34.2140589	-88.6069171
MS	28081950401	46954834	93231	18.129	0.036	34.2276319	-88.8002481
MS	28081950403	52027996	141430	20.088	0.055	34.3301991	-88.7835664
MS	28081950404	25986960	461995	10.034	0.178	34.2820028	-88.7948161
MS	28081950501	9891889	142334	3.819	0.055	34.2860197	-88.7106043
MS	28081950502	19925490	0	7.693	0.	34.277229	-88.6845654
MS	28081950601	9089332	0	3.509	0.	34.2768774	-88.7475748
MS	28081950602	5925067	0	2.288	0.	34.2588984	-88.7364729
MS	28081950700	30729287	43395	11.865	0.017	34.2318877	-88.6938562
MS	28081950800	3064215	0	1.183	0.	34.2416718	-88.7238389
MS	28081950901	7169878	21623	2.768	0.008	34.2432854	-88.7531371
MS	28081950902	8120982	37388	3.136	0.014	34.2269387	-88.7392771
MS	28081951001	116940559	210997	45.151	0.081	34.1299112	-88.7818897
MS	28081951002	17181306	90899	6.634	0.035	34.1874495	-88.7250295
MS	28081951101	83293128	56511	32.16	0.022	34.1334403	-88.6754309
MS	28081951102	97785501	335739	37.755	0.13	34.1447014	-88.5836296
MS	28081980000	2876568	14647	1.111	0.006	34.2647476	-88.7682271
MS	28083950100	484645918	2969415	187.123	1.146	33.6885637	-90.3512158
MS	28083950200	323739580	6877234	124.997	2.655	33.6227264	-90.1848818
MS	28083950300	473529489	11910535	182.831	4.599	33.42543	-90.3868586
MS	28083950400	230729744	9202706	89.085	3.553	33.4335201	-90.2114942
MS	28083950600	12665406	811368	4.89	0.313	33.5331446	-90.197519
MS	28083950700	2409604	96939	0.93	0.037	33.5205723	-90.1796431
MS	28083950800	7264176	0	2.805	0.	33.5043996	-90.1952814
MS	28083950900	3661782	0	1.414	0.	33.5120125	-90.1645989
MS	28085950100	259412863	3012959	100.16	1.163	31.6437452	-90.3573658
MS	28085950201	249616255	169252	96.377	0.065	31.640426	-90.6074729
MS	28085950202	116265956	170654	44.891	0.066	31.5683833	-90.5556509
MS	28085950301	216974369	938226	83.774	0.362	31.5396577	-90.3460927
MS	28085950302	296071920	148401	114.314	0.057	31.4167139	-90.3560605
MS	28085950401	132508433	60219	51.162	0.023	31.4164826	-90.5153374
MS	28085950402	213806391	653457	82.551	0.252	31.4027863	-90.5857512
MS	28085950500	14759854	55883	5.699	0.022	31.5973927	-90.4443186
MS	28085950601	11582684	82001	4.472	0.032	31.5575276	-90.4655971
MS	28085950602	7271029	0	2.807	0.	31.56671	-90.4355471
MS	28087000102	84555001	1844255	32.647	0.712	33.6382492	-88.4227784
MS	28087000103	122067487	206765	47.131	0.08	33.6778988	-88.3114506
MS	28087000104	51433183	333293	19.858	0.129	33.597351	-88.3274274
MS	28087000301	25997591	339182	10.038	0.131	33.5467717	-88.3959191
MS	28087000302	40040151	1964420	15.46	0.758	33.5769487	-88.4470379
MS	28087000403	103725533	5231396	40.049	2.02	33.4009031	-88.3632502
MS	28087000404	62988876	720057	24.32	0.278	33.4064607	-88.308543
MS	28087000405	85820708	731384	33.136	0.282	33.5410901	-88.3184394
MS	28087000406	24987283	93670	9.648	0.036	33.479057	-88.3333597
MS	28087000500	6859778	86571	2.649	0.033	33.5065107	-88.377418
MS	28087000600	7672747	209008	2.962	0.081	33.4857353	-88.3822212
MS	28087000700	9885019	1305219	3.817	0.504	33.4791654	-88.4181527
MS	28087000800	6419853	178932	2.479	0.069	33.5152086	-88.4026265
MS	28087000901	27122160	4946506	10.472	1.91	33.5224964	-88.4615442
MS	28087000902	3511495	0	1.356	0.	33.5048035	-88.4237015
MS	28087001000	347617122	6923879	134.216	2.673	33.4526383	-88.5499246
MS	28087001100	280513797	3417963	108.307	1.32	33.3362777	-88.5169551
MS	28087980000	17887440	0	6.906	0.	33.64131	-88.4510932
MS	28089030104	2362744	2657	0.912	0.001	32.4202487	-90.1160151
MS	28089030105	7776147	4434	3.002	0.002	32.4126534	-90.1437115
MS	28089030107	3631066	5210690	1.402	2.012	32.4245198	-90.082316
MS	28089030108	3921314	51087	1.514	0.02	32.4035044	-90.0899201
MS	28089030109	10596451	169673	4.091	0.066	32.439892	-90.1286673
MS	28089030110	7156566	165002	2.763	0.064	32.4387577	-90.0922521
MS	28089030111	2044936	9320	0.79	0.004	32.4057309	-90.1271779
MS	28089030112	1758817	7520	0.679	0.003	32.4079752	-90.1130593
MS	28089030202	5641849	16726	2.178	0.006	32.461276	-90.096088
MS	28089030203	10559300	94399	4.077	0.036	32.4780584	-90.1235088
MS	28089030204	24237503	918772	9.358	0.355	32.4863498	-90.133377
MS	28089030205	15963468	257946	6.164	0.1	32.4415727	-90.1727856
MS	28089030206	18993549	458372	7.333	0.177	32.4101237	-90.1943985
MS	28089030207	7672839	10004500	2.962	3.863	32.4587352	-90.0558311
MS	28089030208	39364901	17414399	15.199	6.724	32.5040718	-90.0328235
MS	28089030301	28941051	2685320	11.174	1.037	32.5037905	-90.1734998
MS	28089030302	312660078	7281945	120.719	2.812	32.5357235	-90.3148189
MS	28089030401	86014356	1070301	33.21	0.413	32.5555145	-90.0766773
MS	28089030402	43271765	4296760	16.707	1.659	32.5427351	-90.1788438
MS	28089030403	246245367	4187215	95.076	1.617	32.6440761	-90.1386425
MS	28089030501	3367198	194395	1.3	0.075	32.607871	-90.050481
MS	28089030502	6829884	78950	2.637	0.03	32.6297064	-90.0507903
MS	28089030600	14618399	68481	5.644	0.026	32.6247791	-90.0030261
MS	28089030900	476590548	12752363	184.013	4.924	32.633364	-89.8966763
MS	28089031000	455787051	4364274	175.98	1.685	32.7996792	-89.860752
MS	28089031100	13783588	319969	5.322	0.124	32.5967884	-90.0170138
MS	28091950100	407902131	2380400	157.492	0.919	31.3464935	-89.7776879
MS	28091950200	276229448	2465226	106.653	0.952	31.2788264	-89.9677391
MS	28091950300	14625019	573812	5.647	0.222	31.2686293	-89.8399516
MS	28091950400	20439766	915988	7.892	0.354	31.2491032	-89.8165186
MS	28091950500	394317518	5862040	152.247	2.263	31.1516612	-89.7077748
MS	28091950600	291290298	3917899	112.468	1.513	31.1277275	-89.8739178
MS	28093950101	220313616	468144	85.064	0.181	34.9265093	-89.4316597
MS	28093950102	127339703	254944	49.166	0.098	34.9351724	-89.5615471
MS	28093950201	79425416	161914	30.666	0.063	34.8711332	-89.6564982
MS	28093950202	96947875	109329	37.432	0.042	34.9475054	-89.6800725
MS	28093950301	207657137	723918	80.177	0.28	34.7447244	-89.6083166
MS	28093950302	165403508	214855	63.863	0.083	34.8305368	-89.5377706
MS	28093950401	17186973	96270	6.636	0.037	34.7783831	-89.4701056
MS	28093950402	30152927	0	11.642	0.	34.7613892	-89.4323209
MS	28093950501	319243313	873429	123.261	0.337	34.6399572	-89.5883699
MS	28093950502	565340727	6271000	218.279	2.421	34.654086	-89.3782493
MS	28095950101	215488052	1497961	83.2	0.578	34.049049	-88.3088529
MS	28095950102	129808039	173367	50.119	0.067	33.968861	-88.3814041
MS	28095950201	204357198	1226794	78.903	0.474	33.9500608	-88.6213575
MS	28095950202	246037803	6460918	94.996	2.495	34.0464499	-88.5804262
MS	28095950300	18526567	883765	7.153	0.341	34.002791	-88.4715896
MS	28095950400	14634151	78341	5.65	0.03	33.9755172	-88.4798912
MS	28095950501	235831135	710507	91.055	0.274	33.7595141	-88.3777697
MS	28095950502	375884335	703504	145.13	0.272	33.8874469	-88.3785274
MS	28095950600	510271506	5797150	197.017	2.238	33.7725872	-88.6018544
MS	28095950700	13892300	141239	5.364	0.055	33.8436352	-88.5656145
MS	28095950800	16846930	467286	6.505	0.18	33.8089648	-88.5399813
MS	28097950100	560783771	1381151	216.52	0.533	33.5832487	-89.6174414
MS	28097950200	425615837	427621	164.331	0.165	33.388234	-89.5690875
MS	28097950301	54423455	531118	21.013	0.205	33.5002835	-89.7590924
MS	28097950302	13251768	12266	5.117	0.005	33.4842087	-89.7129328
MS	28099010101	101250549	271891	39.093	0.105	32.774655	-88.9975537
MS	28099010102	197538317	395422	76.27	0.153	32.8418758	-89.0016841
MS	28099010200	324703541	716466	125.369	0.277	32.8809952	-89.1706798
MS	28099010400	15900907	81250	6.139	0.031	32.7956815	-89.1145275
MS	28099010500	13209305	40085	5.1	0.015	32.7591991	-89.1127969
MS	28099010600	366235996	1572497	141.405	0.607	32.6608892	-89.0291363
MS	28099010700	352782330	605722	136.21	0.234	32.6735998	-89.2355678
MS	28099940100	105020176	147638	40.549	0.057	32.7880705	-89.2456666
MS	28101050100	347299825	537040	134.093	0.207	32.487816	-89.0156128
MS	28101050200	211242970	837690	81.561	0.323	32.5218206	-89.2063873
MS	28101050301	188402502	1251868	72.743	0.483	32.3912847	-89.1504487
MS	28101050302	159799397	386033	61.699	0.149	32.4220595	-89.2760039
MS	28101050400	567721758	1459004	219.199	0.563	32.2908057	-89.095058
MS	28101050500	21951321	53699	8.475	0.021	32.3209864	-89.1620094
MS	28103950100	969748459	4061090	374.422	1.568	33.1193991	-88.4713643
MS	28103950200	823171933	8426861	317.828	3.254	33.1157932	-88.7036853
MS	28103950300	7531528	0	2.908	0.	33.119162	-88.5640369
MS	28105950101	140317635	541097	54.177	0.209	33.5118839	-88.7386706
MS	28105950102	45786097	381282	17.678	0.147	33.4755918	-88.7403605
MS	28105950201	29301746	235549	11.313	0.091	33.4532182	-88.8994975
MS	28105950202	284515347	2926369	109.852	1.13	33.5058651	-88.9679657
MS	28105950300	12735130	40176	4.917	0.016	33.4883466	-88.8313192
MS	28105950401	8947336	98725	3.455	0.038	33.4730461	-88.7929218
MS	28105950402	5452493	0	2.105	0.	33.4862613	-88.8118323
MS	28105950500	4331435	50925	1.672	0.02	33.455891	-88.8288475
MS	28105950601	16118418	40197	6.223	0.016	33.4283497	-88.7953131
MS	28105950603	16508187	107232	6.374	0.041	33.4218962	-88.8279678
MS	28105950604	4787675	18328	1.849	0.007	33.4456967	-88.8263035
MS	28105950701	279018841	4173498	107.73	1.611	33.3385668	-88.769617
MS	28105950702	339013968	952700	130.894	0.368	33.3668425	-88.9817465
MS	28107950101	223814848	414971	86.415	0.16	34.4843931	-90.0177817
MS	28107950102	379526835	646988	146.536	0.25	34.4279914	-90.0738935
MS	28107950201	8855925	0	3.419	0.	34.4288413	-89.9172805
MS	28107950202	12573074	162275	4.854	0.063	34.4645593	-89.9099717
MS	28107950301	301969440	39852073	116.591	15.387	34.4663488	-89.8120393
MS	28107950302	95059334	1847632	36.703	0.713	34.3574673	-89.8479242
MS	28107950400	330086019	7013986	127.447	2.708	34.2467222	-89.8139725
MS	28107950501	264820567	1413616	102.248	0.546	34.272664	-90.0723746
MS	28107950502	129851094	64684	50.136	0.025	34.2104442	-89.9664996
MS	28107950601	21637283	181306	8.354	0.07	34.3260793	-89.9385886
MS	28107950602	6400814	89466	2.471	0.035	34.3165658	-89.9746227
MS	28109950101	386046820	1860232	149.054	0.718	30.7420233	-89.4269779
MS	28109950102	327939478	1142054	126.618	0.441	30.9313729	-89.4472993
MS	28109950201	445275217	5291484	171.922	2.043	30.8720372	-89.6772157
MS	28109950202	167190194	1099610	64.552	0.425	30.8329287	-89.59462
MS	28109950300	30591127	221563	11.811	0.086	30.8385388	-89.5264353
MS	28109950403	110287915	2862789	42.582	1.105	30.5677661	-89.7554502
MS	28109950404	239596283	4443567	92.509	1.716	30.7022551	-89.7631309
MS	28109950405	40532052	291743	15.65	0.113	30.5717133	-89.6932074
MS	28109950406	47655017	129288	18.4	0.05	30.6540844	-89.6722334
MS	28109950503	61295526	272999	23.666	0.105	30.5671655	-89.5738453
MS	28109950504	64844432	352226	25.037	0.136	30.537514	-89.625409
MS	28109950505	123955626	1494199	47.86	0.577	30.6806977	-89.5997609
MS	28109950506	17597243	797516	6.794	0.308	30.5810714	-89.6457808
MS	28109950600	10587921	61051	4.088	0.024	30.5400244	-89.6744361
MS	28109950701	23897027	462692	9.227	0.179	30.4908318	-89.6939998
MS	28109950702	4015371	0	1.55	0.	30.5205214	-89.6794182
MS	28111950101	366578680	395968	141.537	0.153	31.3655866	-88.9645817
MS	28111950102	368822409	3488552	142.403	1.347	31.2634649	-88.9956543
MS	28111950200	941051201	3677181	363.342	1.42	31.0569994	-88.9921907
MS	28113950102	140754613	734082	54.346	0.283	31.3072767	-90.4730669
MS	28113950103	29964636	47157	11.569	0.018	31.2094552	-90.3993807
MS	28113950104	201791914	83775	77.912	0.032	31.2625884	-90.3175102
MS	28113950200	53448114	86961	20.636	0.034	31.2724881	-90.4242395
MS	28113950300	8726069	0	3.369	0.	31.2477366	-90.4462678
MS	28113950400	9002995	154492	3.476	0.06	31.2599437	-90.4747475
MS	28113950501	8908255	0	3.439	0.	31.2375195	-90.4711619
MS	28113950502	57427798	2180068	22.173	0.842	31.1923614	-90.5038573
MS	28113950601	52172057	131397	20.144	0.051	31.1543601	-90.4885527
MS	28113950602	181536833	54950	70.092	0.021	31.1321406	-90.3701128
MS	28113950700	316050477	435077	122.028	0.168	31.0503183	-90.4058202
MS	28115950101	130046857	3043500	50.211	1.175	34.2895768	-88.8868976
MS	28115950102	177126780	217067	68.389	0.084	34.3322303	-88.9957411
MS	28115950200	261307232	1593881	100.891	0.615	34.307959	-89.161401
MS	28115950300	35138120	507454	13.567	0.196	34.2472114	-88.9961816
MS	28115950400	317206319	1236484	122.474	0.477	34.1475004	-88.9210832
MS	28115950500	368505607	1710008	142.281	0.66	34.155441	-89.1290806
MS	28117950101	174704462	121061	67.454	0.047	34.6564164	-88.4519792
MS	28117950102	162624905	97986	62.79	0.038	34.7121669	-88.4224468
MS	28117950201	168727593	1212647	65.146	0.468	34.6918916	-88.6334783
MS	28117950202	133311380	327605	51.472	0.126	34.6048325	-88.6534248
MS	28117950301	8825589	0	3.408	0.	34.6697701	-88.5541454
MS	28117950302	15445477	52161	5.964	0.02	34.6535152	-88.5751017
MS	28117950400	389223343	6423356	150.28	2.48	34.5375007	-88.4819631
MS	28117950500	21943861	89446	8.473	0.035	34.5300866	-88.6402422
MS	28119950100	442999896	1584634	171.043	0.612	34.3706817	-90.2988112
MS	28119950200	6931876	0	2.676	0.	34.2513181	-90.2826263
MS	28119950300	599043767	2091367	231.292	0.807	34.1662147	-90.2861
MS	28121020101	323982809	11131853	125.09	4.298	32.4825083	-89.8461643
MS	28121020103	34587247	13812	13.354	0.005	32.3217851	-89.9587836
MS	28121020104	85271006	176875	32.923	0.068	32.3543541	-89.9057307
MS	28121020105	106155911	637220	40.987	0.246	32.3516484	-89.8209065
MS	28121020208	8506345	136767	3.284	0.053	32.2984834	-90.021657
MS	28121020209	5311893	806298	2.051	0.311	32.377903	-90.0195532
MS	28121020210	59851551	60364425	23.109	23.307	32.4474548	-89.9847943
MS	28121020212	7918957	6610	3.058	0.003	32.3667293	-89.9958215
MS	28121020213	1567330	0	0.605	0.	32.2872213	-90.0038628
MS	28121020214	3415062	0	1.319	0.	32.3712074	-90.0302134
MS	28121020215	8208029	0	3.169	0.	32.356082	-90.0491445
MS	28121020216	12719204	16101	4.911	0.006	32.3245288	-90.0462748
MS	28121020217	10518029	10037	4.061	0.004	32.2993475	-90.0604256
MS	28121020218	11345585	46191	4.381	0.018	32.353849	-89.9844139
MS	28121020219	19203143	269150	7.414	0.104	32.3308613	-90.0123815
MS	28121020301	4802551	28144	1.854	0.011	32.2882351	-90.1204041
MS	28121020303	14000965	90048	5.406	0.035	32.3775518	-90.0597444
MS	28121020304	43019156	1174346	16.61	0.453	32.3249487	-90.1150543
MS	28121020401	39290303	706951	15.17	0.273	32.2252404	-90.1868952
MS	28121020402	58035167	84418	22.408	0.033	32.2143131	-90.1081526
MS	28121020500	13890698	860	5.363	0.	32.2314015	-90.0823643
MS	28121020601	9556242	0	3.69	0.	32.262104	-90.0595996
MS	28121020602	15940802	85315	6.155	0.033	32.2563033	-90.1180009
MS	28121020703	6397576	102265	2.47	0.039	32.2782554	-90.0670977
MS	28121020705	9225444	26738	3.562	0.01	32.2742393	-90.1210075
MS	28121020801	9790670	21170	3.78	0.008	32.2865429	-89.9652831
MS	28121020803	31879798	480905	12.309	0.186	32.2185198	-89.9722292
MS	28121020804	34670961	32439	13.387	0.013	32.237645	-90.0197555
MS	28121020805	11247399	14341	4.343	0.006	32.2691144	-90.0145626
MS	28121020806	16416231	31383	6.338	0.012	32.2546259	-89.959592
MS	28121020901	187375169	215205	72.346	0.083	32.0957226	-89.8448292
MS	28121020902	349572776	556815	134.971	0.215	32.2185653	-89.8265928
MS	28121021001	39215985	559147	15.141	0.216	32.1566333	-90.1511209
MS	28121021003	194829719	940584	75.224	0.363	32.0877445	-90.1429818
MS	28121021004	62494331	52633	24.129	0.02	32.1573672	-90.0607687
MS	28121021005	146507518	406948	56.567	0.157	32.1243632	-89.9813945
MS	28121980000	11804599	0	4.558	0.	32.3168388	-90.073466
MS	28123020101	129141617	69931	49.862	0.027	32.4028124	-89.4058454
MS	28123020102	190139065	670140	73.413	0.259	32.5033008	-89.3793523
MS	28123020200	378838442	881197	146.27	0.34	32.5220967	-89.620258
MS	28123020301	212335696	774296	81.983	0.299	32.2958162	-89.6402908
MS	28123020302	213062370	0	82.264	0.	32.4183938	-89.6522146
MS	28123020400	13995732	85208	5.404	0.033	32.3455283	-89.6591445
MS	28123020500	26290471	50797	10.151	0.02	32.3663217	-89.4775331
MS	28123020600	414098691	469954	159.884	0.181	32.2841247	-89.4649049
MS	28125950100	1113100401	8791253	429.77	3.394	32.8923946	-90.8276129
MS	28125950200	5049283	15210	1.95	0.006	32.9047472	-90.8832314
MS	28127950101	179525864	2315	69.315	0.001	32.0096949	-89.7863278
MS	28127950102	153966284	199455	59.447	0.077	31.940527	-89.72404
MS	28127950200	55790511	134157	21.541	0.052	31.9495794	-89.8790781
MS	28127950301	304082435	921174	117.407	0.356	31.9441399	-90.0477528
MS	28127950302	207657696	675187	80.177	0.261	32.0187362	-90.067214
MS	28127950401	328670776	1322531	126.901	0.511	31.8227186	-90.0120497
MS	28127950402	91128171	71706	35.185	0.028	31.8121987	-89.7081354
MS	28127950403	182618443	52003	70.509	0.02	31.8476116	-89.8136049
MS	28127950500	22490693	0	8.684	0.	31.8738244	-89.7293866
MS	28129950100	819003358	1064498	316.219	0.411	32.1215376	-89.5125061
MS	28129950201	206757543	517036	79.83	0.2	31.8497371	-89.5684106
MS	28129950202	257967561	178414	99.602	0.069	31.9698486	-89.5737352
MS	28129950301	118316272	406477	45.682	0.157	31.8324997	-89.4019718
MS	28129950302	245881343	433007	94.935	0.167	31.9378127	-89.3968419
MS	28131020100	22916646	648677	8.848	0.25	30.8534428	-89.1365303
MS	28131020203	356217091	973547	137.536	0.376	30.7569752	-88.9774473
MS	28131020204	257431432	2518496	99.395	0.972	30.8636161	-89.0246881
MS	28131020205	283511011	2038732	109.464	0.787	30.7227087	-89.2470274
MS	28131020206	233723940	532899	90.241	0.206	30.8515562	-89.235495
MS	28133950100	478461261	1477580	184.735	0.57	33.8807374	-90.5523808
MS	28133950200	452337976	3351651	174.649	1.294	33.6564204	-90.5838181
MS	28133950300	339333437	4218647	131.017	1.629	33.5346235	-90.5570318
MS	28133950401	8788822	0	3.393	0.	33.4599661	-90.6403991
MS	28133950402	11135557	21687	4.299	0.008	33.4383996	-90.6546602
MS	28133950500	194703109	5740231	75.175	2.216	33.3827205	-90.5259264
MS	28133950600	322426848	8937520	124.49	3.451	33.3611111	-90.6787753
MS	28135950100	673608792	3727952	260.082	1.439	34.0287134	-90.0876112
MS	28135950200	4926219	9391	1.902	0.004	34.0076526	-90.0551664
MS	28135950300	350010722	3987807	135.14	1.54	33.9997818	-90.3280098
MS	28135950400	643523807	9244367	248.466	3.569	33.8465553	-90.2176227
MS	28137950100	304277890	557933	117.482	0.215	34.6624102	-89.7612421
MS	28137950201	115013351	170401	44.407	0.066	34.5969548	-89.8772063
MS	28137950202	159076300	154283	61.42	0.06	34.7012164	-89.8990455
MS	28137950301	198566217	14195106	76.667	5.481	34.6925909	-90.0982797
MS	28137950302	255396699	816644	98.609	0.315	34.5983959	-90.0952087
MS	28137950400	16002068	196544	6.178	0.076	34.6214003	-89.978539
MS	28139950100	280642498	1309135	108.357	0.505	34.9124018	-88.9204446
MS	28139950201	295538212	1361566	114.108	0.526	34.7837328	-88.8431369
MS	28139950202	131328602	996834	50.706	0.385	34.7796018	-89.0218121
MS	28139950300	8598791	36847	3.32	0.014	34.7344564	-88.9513671
MS	28139950401	322977494	1310309	124.702	0.506	34.6603359	-88.8529804
MS	28139950402	146669079	507537	56.629	0.196	34.6567968	-89.032729
MS	28141950101	209183524	15689227	80.766	6.058	34.9327721	-88.2817693
MS	28141950102	102246964	8421719	39.478	3.252	34.8720868	-88.1747082
MS	28141950200	21044168	52733	8.125	0.02	34.8241316	-88.1966809
MS	28141950301	210685355	4006358	81.346	1.547	34.7511695	-88.2092655
MS	28141950302	122659374	1166262	47.359	0.45	34.8116092	-88.2997338
MS	28141950401	300987968	23002767	116.212	8.881	34.6004994	-88.2508037
MS	28141950402	132117789	34852	51.011	0.013	34.5444127	-88.1812
MS	28143950101	791949202	29874653	305.773	11.535	34.5904646	-90.3677751
MS	28143950102	291117134	26036473	112.401	10.053	34.7956902	-90.3726527
MS	28143950200	89421736	1042294	34.526	0.402	34.6895362	-90.406689
MS	28143980000	3703566	58877	1.43	0.023	34.6978266	-90.345791
MS	28145950100	306267158	450649	118.25	0.174	34.5448693	-88.8890683
MS	28145950200	244236264	1364957	94.3	0.527	34.5464977	-89.1797889
MS	28145950300	44165252	141957	17.052	0.055	34.4864102	-89.0411102
MS	28145950400	20352102	75468	7.858	0.029	34.5021349	-88.980227
MS	28145950500	252756502	1010726	97.59	0.39	34.4282909	-88.8961704
MS	28145950600	208640539	325246	80.557	0.126	34.4102917	-89.1309648
MS	28147950101	260530017	65180	100.591	0.025	31.2967579	-90.1590488
MS	28147950102	242828127	295782	93.756	0.114	31.1831883	-90.167434
MS	28147950200	10399362	18711	4.015	0.007	31.1217845	-90.1514264
MS	28147950301	318128188	71933	122.83	0.028	31.0713849	-89.9822716
MS	28147950302	214283581	784946	82.735	0.303	31.0604894	-90.1643699
MS	28149950101	353487288	34102229	136.482	13.167	32.4789745	-91.0276015
MS	28149950102	396370763	2920920	153.04	1.128	32.5054741	-90.6606715
MS	28149950200	15757880	167945	6.084	0.065	32.3637737	-90.8514574
MS	28149950300	2428324	63226	0.938	0.024	32.3496039	-90.8729544
MS	28149950400	3096256	113552	1.195	0.044	32.3392319	-90.8781669
MS	28149950500	9476204	0	3.659	0.	32.3347401	-90.8460544
MS	28149950600	21177060	173610	8.177	0.067	32.3061967	-90.8385145
MS	28149950700	4916742	879484	1.898	0.34	32.3238845	-90.8906228
MS	28149950800	27300860	1007878	10.541	0.389	32.2849305	-90.8943145
MS	28149950901	80683510	832956	31.152	0.322	32.3812789	-90.7425303
MS	28149950902	101806695	1714602	39.308	0.662	32.3231684	-90.7606756
MS	28149951101	166037402	2441219	64.107	0.943	32.2236321	-90.8041602
MS	28149951102	341757064	33332722	131.953	12.87	32.1728517	-90.9750994
MS	28151000100	815904658	8597874	315.023	3.32	33.2939712	-90.8328443
MS	28151000200	225712343	24926593	87.148	9.624	33.4709096	-91.0776357
MS	28151000300	10387558	131070	4.011	0.051	33.4304468	-91.0301531
MS	28151000400	4328298	958523	1.671	0.37	33.4230714	-91.0514635
MS	28151000600	3608857	467785	1.393	0.181	33.4016824	-91.0655309
MS	28151000701	6404675	0	2.473	0.	33.3791118	-91.0291607
MS	28151000702	27392272	6142828	10.576	2.372	33.3646972	-91.0925141
MS	28151000800	29896632	16692	11.543	0.006	33.3473647	-91.0509399
MS	28151000900	3400756	0	1.313	0.	33.3917474	-91.0500024
MS	28151001000	943496	0	0.364	0.	33.4026575	-91.0520984
MS	28151001100	1114106	0	0.43	0.	33.4058729	-91.0417413
MS	28151001200	2098308	0	0.81	0.	33.4067903	-91.0305143
MS	28151001300	9314373	9319	3.596	0.004	33.406043	-90.9935045
MS	28151001400	15234056	0	5.882	0.	33.3881983	-90.9990342
MS	28151001500	669351696	52875724	258.438	20.415	33.1876642	-91.0202099
MS	28151001600	10926408	0	4.219	0.	33.4135542	-90.9133503
MS	28151001700	16358451	130595	6.316	0.05	33.3866767	-90.8865234
MS	28151002000	16512721	0	6.376	0.	33.1737399	-90.8551909
MS	28151002100	6187924	0	2.389	0.	33.1967823	-90.869109
MS	28153950101	407799126	280534	157.452	0.108	31.7814297	-88.5743766
MS	28153950102	187925714	592678	72.559	0.229	31.6354895	-88.5302346
MS	28153950200	32792562	63013	12.661	0.024	31.6689893	-88.6492631
MS	28153950301	316469988	217601	122.19	0.084	31.7727611	-88.8226982
MS	28153950302	310452409	2534269	119.866	0.978	31.6704576	-88.7982097
MS	28153950401	690066701	1075952	266.436	0.415	31.5186798	-88.7359482
MS	28153950402	154239102	2491429	59.552	0.962	31.5028517	-88.5091249
MS	28155950100	402373206	2081171	155.357	0.804	33.6404023	-89.1346994
MS	28155950200	676875583	3153398	261.343	1.218	33.6046638	-89.3708864
MS	28155950300	11544947	130298	4.458	0.05	33.5274001	-89.2726104
MS	28157950100	766283184	2060500	295.864	0.796	31.1930517	-91.1731354
MS	28157950201	801648073	22854633	309.518	8.824	31.1268873	-91.4556731
MS	28157950202	188356282	103603	72.725	0.04	31.0834124	-91.2668758
MS	28159950100	589348070	2778334	227.549	1.073	33.1795651	-88.9376251
MS	28159950200	510769490	2476709	197.209	0.956	33.0531622	-89.2171998
MS	28159950300	38175969	440272	14.74	0.17	33.1318634	-89.0783488
MS	28159950400	45866952	291430	17.709	0.113	33.1103545	-89.0317874
MS	28159950500	388612713	1355152	150.044	0.523	32.9911907	-88.9602795
MS	28161950100	531671448	15798279	205.28	6.1	34.0048753	-89.5905628
MS	28161950200	49515002	25127	19.118	0.01	34.1614152	-89.6289694
MS	28161950301	375339697	2877872	144.919	1.111	33.9943816	-89.8090328
MS	28161950302	253388529	53439317	97.834	20.633	34.1059127	-89.7798088
MS	28163950100	766497380	7309820	295.946	2.822	32.8856198	-90.2104913
MS	28163950200	15071414	0	5.819	0.	32.871242	-90.3852535
MS	28163950300	8475565	0	3.272	0.	32.8723665	-90.4086996
MS	28163950400	972246523	19070996	375.386	7.363	32.7388429	-90.5514213
MS	28163950500	9556100	393785	3.69	0.152	32.8430768	-90.4263664
MS	28163950601	338476789	1859218	130.687	0.718	32.741594	-90.2735294
MS	28163950602	278523555	1978736	107.539	0.764	32.6996909	-90.3987251
