USPS	GEOID	ALAND	AWATER	ALAND_SQMI	AWATER_SQMI	INTPTLAT	INTPTLONG
NE	31001965400	471486600	1047283	182.042	0.404	40.6337838	-98.5258891
NE	31001965500	10482601	506937	4.047	0.196	40.6157319	-98.3977157
NE	31001965600	17543364	16310	6.774	0.006	40.6045073	-98.3570798
NE	31001965700	1034310	0	0.399	0.	40.5886701	-98.3892411
NE	31001965800	1657600	0	0.64	0.	40.5864283	-98.4082269
NE	31001965900	17768180	92024	6.86	0.036	40.6006661	-98.4365536
NE	31001966000	39579550	41134	15.282	0.016	40.5599553	-98.4097764
NE	31001966100	16725809	0	6.458	0.	40.5645941	-98.3461337
NE	31001966200	882555566	813242	340.757	0.314	40.4591611	-98.5061303
NE	31003979600	1259939764	1764000	486.465	0.681	42.2882307	-98.0387806
NE	31003979700	25156904	233725	9.713	0.09	42.1300843	-98.0225121
NE	31003979800	934929662	1718241	360.978	0.663	42.0382426	-98.0944284
NE	31005958300	1852234562	7644718	715.152	2.952	41.5719297	-101.6959166
NE	31007954000	1932231568	392060	746.039	0.151	41.5397495	-103.7262626
NE	31009972400	1840709884	9415061	710.702	3.635	41.931945	-99.9964074
NE	31011960100	1750568681	1780542	675.898	0.687	41.7039345	-98.0704764
NE	31011960200	27535346	0	10.631	0.	41.6679761	-98.0224049
NE	31013951100	2519602530	2891188	972.824	1.116	42.2427692	-103.1188823
NE	31013951200	84573955	953654	32.654	0.368	42.140126	-102.766178
NE	31013951300	180476689	3270788	69.682	1.263	42.0489458	-102.8043106
NE	31015975800	1396957276	13360589	539.368	5.159	42.8944477	-98.7730221
NE	31017975000	3163421479	9689323	1221.404	3.741	42.3595618	-99.9239198
NE	31019968900	1165095300	2266776	449.846	0.875	40.9525972	-99.0747463
NE	31019969000	603741514	5683133	233.106	2.194	40.779684	-99.2624467
NE	31019969100	585515786	7608207	226.069	2.938	40.775967	-98.8885883
NE	31019969202	3720393	61547	1.436	0.024	40.7065619	-99.1062518
NE	31019969203	46368632	116360	17.903	0.045	40.7385945	-99.0317884
NE	31019969204	35484066	173274	13.7	0.067	40.7167813	-99.14031
NE	31019969300	9947578	0	3.841	0.	40.7061067	-99.0275346
NE	31019969400	2420545	0	0.935	0.	40.7063897	-99.0733004
NE	31019969500	1654737	0	0.639	0.	40.6983945	-99.0830551
NE	31019969600	3191667	0	1.232	0.	40.6979651	-99.1053363
NE	31019969700	50600331	2622679	19.537	1.013	40.6789883	-99.070723
NE	31021963200	348550595	1120951	134.576	0.433	41.7937633	-96.4350555
NE	31021963300	485933157	5704199	187.62	2.202	41.7931915	-96.2078305
NE	31021963400	438720136	7358554	169.391	2.841	41.9534338	-96.3728308
NE	31023967600	784205879	12178473	302.784	4.702	41.3141239	-97.1330659
NE	31023967700	76979805	511885	29.722	0.198	41.2522018	-97.1071053
NE	31023967800	653409928	2908044	252.283	1.123	41.1250734	-97.1268297
NE	31025965600	57814449	2260041	22.322	0.873	41.0081866	-95.9152289
NE	31025965700	300227243	10781164	115.918	4.163	40.9801644	-96.0543571
NE	31025965800	382163449	4950842	147.554	1.912	40.9338707	-96.340791
NE	31025965900	375696307	704272	145.057	0.272	40.8345414	-96.2266905
NE	31025966000	280302390	3617074	108.225	1.397	40.8561042	-95.935623
NE	31025966100	46158112	976543	17.822	0.377	40.9678697	-95.874094
NE	31027977100	918974621	14481484	354.818	5.591	42.7220193	-97.2744327
NE	31027977200	998105419	172422	385.371	0.067	42.4893441	-97.2404403
NE	31029961900	2316548821	7962797	894.425	3.074	40.5303903	-101.6941918
NE	31031955800	3073035025	15516094	1186.506	5.991	42.8727751	-101.1887034
NE	31031955900	12363550695	112676733	4773.594	43.505	42.4805935	-101.0143661
NE	31033954800	3062573816	291869	1182.466	0.113	41.2142358	-103.0119289
NE	31033954900	18647281	0	7.2	0.	41.1355254	-103.0014497
NE	31033955000	16424346	680	6.341	0.	41.1387558	-102.9622163
NE	31035962100	631128215	1779240	243.68	0.687	40.6188606	-98.0238581
NE	31035962200	851094667	1455636	328.61	0.562	40.4511426	-98.0680519
NE	31037964600	279377682	338351	107.868	0.131	41.7031701	-97.0898052
NE	31037964700	715334011	7672578	276.192	2.962	41.5317987	-97.0885301
NE	31037964800	70963653	5085558	27.399	1.964	41.4470313	-97.0498437
NE	31039972700	663736299	6383696	256.27	2.465	41.8806232	-96.893825
NE	31039972800	259722027	2826644	100.279	1.091	41.8219462	-96.639495
NE	31039972900	554104703	1562168	213.941	0.603	41.9979025	-96.715439
NE	31041971700	2283605907	759769	881.705	0.293	41.5572024	-99.5160259
NE	31041971800	3238274997	301636	1250.305	0.116	41.3396121	-99.9468452
NE	31041971900	39300517	65504	15.174	0.025	41.3854127	-99.6611814
NE	31041972000	1109223599	158243	428.274	0.061	41.2113678	-99.4403344
NE	31043010101	2311165	0	0.892	0.	42.4729574	-96.4176257
NE	31043010102	2835200	257860	1.095	0.1	42.4781904	-96.4003342
NE	31043010200	8729409	445107	3.37	0.172	42.4596165	-96.4014009
NE	31043010300	59419083	2656887	22.942	1.026	42.4439034	-96.4494415
NE	31043010400	611177549	4783689	235.977	1.847	42.3866667	-96.5798512
NE	31045950600	3546867064	11606737	1369.453	4.481	42.7130379	-103.1354358
NE	31045950700	69889253	149101	26.984	0.058	42.7969176	-103.0024982
NE	31047968000	1188912668	4448884	459.042	1.718	40.8842569	-99.6063744
NE	31047968100	667938587	732688	257.893	0.283	40.9406999	-99.9617161
NE	31047968200	61689339	158351	23.818	0.061	40.9434069	-100.1582572
NE	31047968300	20338891	0	7.853	0.	40.8693164	-99.9853597
NE	31047968400	33699916	58736	13.012	0.023	40.7613717	-99.7446627
NE	31047968500	9883974	16592	3.816	0.006	40.7879944	-99.7258693
NE	31047968600	643230946	9209532	248.353	3.556	40.781533	-100.0334808
NE	31049955400	1139142625	2295555	439.825	0.886	41.1119026	-102.332609
NE	31051977600	685320380	17206858	264.604	6.644	42.593795	-96.8716792
NE	31051977800	546531739	1172917	211.017	0.453	42.3682083	-96.8664249
NE	31053963600	587540411	10004161	226.851	3.863	41.6467809	-96.6035962
NE	31053963700	601636104	14909718	232.293	5.757	41.5449099	-96.7666845
NE	31053963800	133527096	1288557	51.555	0.498	41.4744546	-96.5288615
NE	31053963900	4592001	61022	1.773	0.024	41.4471482	-96.5174588
NE	31053964000	1729812	0	0.668	0.	41.4448448	-96.490554
NE	31053964100	5108073	0	1.972	0.	41.4439543	-96.4629768
NE	31053964200	2468357	0	0.953	0.	41.4332778	-96.4948663
NE	31053964300	9236713	8252	3.566	0.003	41.4208307	-96.4622344
NE	31053964400	23857614	10401131	9.211	4.016	41.4286693	-96.5424013
NE	31055000200	2626938	337344	1.014	0.13	41.329258	-95.9516884
NE	31055000300	1175808	19547	0.454	0.008	41.3114693	-95.949928
NE	31055000400	3744303	148564	1.446	0.057	41.3149839	-95.9362602
NE	31055000500	17607867	2575409	6.798	0.994	41.3024254	-95.8927625
NE	31055000600	914820	0	0.353	0.	41.3030287	-95.9495323
NE	31055000700	928439	0	0.358	0.	41.2943881	-95.9517618
NE	31055000800	1568820	0	0.606	0.	41.2937293	-95.9394197
NE	31055001100	1887059	0	0.729	0.	41.2785595	-95.9517931
NE	31055001200	1862534	0	0.719	0.	41.2782248	-95.9421626
NE	31055001600	1711619	0	0.661	0.	41.2637306	-95.9453405
NE	31055001800	2059324	205845	0.795	0.079	41.2538889	-95.9312563
NE	31055001900	493743	0	0.191	0.	41.2540504	-95.944582
NE	31055002000	1637243	0	0.632	0.	41.2367842	-95.944282
NE	31055002100	729602	0	0.282	0.	41.2428718	-95.9339372
NE	31055002200	747916	65355	0.289	0.025	41.2453969	-95.9234084
NE	31055002300	1748410	155001	0.675	0.06	41.2355334	-95.9200313
NE	31055002400	1338195	0	0.517	0.	41.2317924	-95.9360543
NE	31055002500	3485706	270830	1.346	0.105	41.2231318	-95.9286595
NE	31055002600	831078	0	0.321	0.	41.2160314	-95.9408361
NE	31055002700	1594576	125081	0.616	0.048	41.2056183	-95.9356886
NE	31055002800	1725454	131281	0.666	0.051	41.1979762	-95.9348138
NE	31055002900	2647513	0	1.022	0.	41.1984219	-95.9533051
NE	31055003000	2451051	0	0.946	0.	41.1981677	-95.9699811
NE	31055003100	3923776	0	1.515	0.	41.2159468	-95.9644945
NE	31055003200	1417119	0	0.547	0.	41.2175762	-95.9510686
NE	31055003300	1394570	0	0.538	0.	41.2413077	-95.9495192
NE	31055003401	1466885	0	0.566	0.	41.2326872	-95.970788
NE	31055003402	1041248	0	0.402	0.	41.2339886	-95.9614728
NE	31055003500	2913764	0	1.125	0.	41.2350713	-95.9890488
NE	31055003600	1885313	0	0.728	0.	41.2441788	-96.0016313
NE	31055003700	984260	0	0.38	0.	41.2449166	-95.9831744
NE	31055003800	1911226	5709	0.738	0.002	41.2437881	-95.9627403
NE	31055003900	481531	0	0.186	0.	41.2506005	-95.9542526
NE	31055004000	994655	0	0.384	0.	41.2560998	-95.954182
NE	31055004200	490817	0	0.19	0.	41.2542096	-95.9638079
NE	31055004300	969185	0	0.374	0.	41.2541844	-95.9709889
NE	31055004400	1305504	0	0.504	0.	41.2537815	-95.9824041
NE	31055004500	1001379	0	0.387	0.	41.2535653	-95.9943216
NE	31055004600	1909026	18185	0.737	0.007	41.2540624	-96.0112735
NE	31055004700	2425629	6690	0.937	0.003	41.2632585	-96.0080295
NE	31055004800	1190197	0	0.46	0.	41.2664163	-95.9903291
NE	31055004900	1724646	0	0.666	0.	41.2673256	-95.9780334
NE	31055005000	1034133	0	0.399	0.	41.2638527	-95.9682817
NE	31055005100	824820	0	0.318	0.	41.2673642	-95.960396
NE	31055005200	761128	0	0.294	0.	41.2771262	-95.9613295
NE	31055005300	1856245	0	0.717	0.	41.2815965	-95.9673696
NE	31055005400	1159705	0	0.448	0.	41.2813114	-95.9782311
NE	31055005500	2097522	0	0.81	0.	41.2771801	-95.995222
NE	31055005600	2945576	31898	1.137	0.012	41.2918473	-96.017924
NE	31055005700	1787165	0	0.69	0.	41.2892029	-96.0042201
NE	31055005800	1852927	0	0.715	0.	41.2899535	-95.9890607
NE	31055005901	1329143	18254	0.513	0.007	41.2932307	-95.9787666
NE	31055005902	1581176	0	0.61	0.	41.2941056	-95.9643599
NE	31055006000	1696531	0	0.655	0.	41.3028475	-95.9724019
NE	31055006101	1585635	0	0.612	0.	41.3154616	-95.9805053
NE	31055006102	2514770	0	0.971	0.	41.3143759	-95.9681654
NE	31055006202	3045144	7680	1.176	0.003	41.3280941	-95.9656958
NE	31055006301	3141870	0	1.213	0.	41.3197994	-95.996303
NE	31055006302	2389053	0	0.922	0.	41.3044566	-95.9975177
NE	31055006303	971858	0	0.375	0.	41.2965023	-96.0046706
NE	31055006400	2742727	0	1.059	0.	41.2717712	-96.015404
NE	31055006503	3646195	9889	1.408	0.004	41.3059682	-96.0387934
NE	31055006504	3654236	11616	1.411	0.004	41.2899945	-96.038797
NE	31055006505	3184873	2101	1.23	0.001	41.3258369	-96.0143014
NE	31055006506	2116431	4431	0.817	0.002	41.3121528	-96.0132988
NE	31055006603	1555242	12522	0.6	0.005	41.2823463	-96.0352705
NE	31055006604	2335735	22286	0.902	0.009	41.2709472	-96.0322033
NE	31055006605	1285494	0	0.496	0.	41.2705713	-96.0573483
NE	31055006606	1887915	0	0.729	0.	41.2718768	-96.0472461
NE	31055006701	5155850	14281	1.991	0.006	41.2578607	-96.0437148
NE	31055006703	2958066	12819	1.142	0.005	41.2572664	-96.0898229
NE	31055006704	2153022	99304	0.831	0.038	41.255919	-96.0697133
NE	31055006803	2000226	9955	0.772	0.004	41.2422807	-96.0930225
NE	31055006804	2674229	45637	1.033	0.018	41.2422611	-96.0734257
NE	31055006805	3425987	14898	1.323	0.006	41.2422187	-96.054069
NE	31055006806	2261787	0	0.873	0.	41.2415274	-96.0323666
NE	31055006903	1493210	1478	0.577	0.001	41.2282696	-96.0937998
NE	31055006904	3526784	7416	1.362	0.003	41.2267818	-96.0736545
NE	31055006905	1692324	14361	0.653	0.006	41.2274601	-96.0501272
NE	31055006906	2267810	7710	0.876	0.003	41.2288009	-96.03341
NE	31055007001	3769682	29101	1.455	0.011	41.2296882	-96.0123542
NE	31055007002	1720126	0	0.664	0.	41.2266457	-95.9907716
NE	31055007003	4888322	13727	1.887	0.005	41.2185673	-95.9981207
NE	31055007101	3139579	23130	1.212	0.009	41.208866	-95.9994123
NE	31055007102	6135494	46351	2.369	0.018	41.1995179	-96.0023294
NE	31055007303	36301861	1306963	14.016	0.505	41.3693775	-95.9812698
NE	31055007304	7718842	59166	2.98	0.023	41.3381103	-95.9925056
NE	31055007309	3871508	479	1.495	0.	41.3268206	-96.0868521
NE	31055007310	1991292	10107	0.769	0.004	41.3120646	-96.09007
NE	31055007311	1561546	0	0.603	0.	41.3145739	-96.0757217
NE	31055007312	2847768	7773	1.1	0.003	41.3147425	-96.0601708
NE	31055007314	2597620	22049	1.003	0.009	41.3281708	-96.1483328
NE	31055007315	9811464	550208	3.788	0.212	41.3214197	-96.1159737
NE	31055007316	2591418	12330	1.001	0.005	41.3142029	-96.1494071
NE	31055007317	71216806	2356583	27.497	0.91	41.3588028	-96.0880081
NE	31055007318	32407447	1258989	12.513	0.486	41.3478189	-96.1809904
NE	31055007319	3695167	25778	1.427	0.01	41.3266267	-96.0460826
NE	31055007320	3477791	6830	1.343	0.003	41.3237545	-96.0317715
NE	31055007406	2600277	2479	1.004	0.001	41.2407958	-96.1301603
NE	31055007407	2552599	6654	0.986	0.003	41.242624	-96.1109875
NE	31055007408	2194375	5497	0.847	0.002	41.2263273	-96.1099244
NE	31055007409	12963149	30493	5.005	0.012	41.2205936	-96.0948379
NE	31055007424	1608878	0	0.621	0.	41.2814874	-96.0644891
NE	31055007429	3188225	2853	1.231	0.001	41.2438179	-96.1476332
NE	31055007431	2588909	0	1.	0.	41.2993603	-96.1292474
NE	31055007432	2364019	11450	0.913	0.004	41.2971416	-96.1118448
NE	31055007433	3154263	17663	1.218	0.007	41.2977318	-96.0958198
NE	31055007434	1667272	0	0.644	0.	41.2976076	-96.076778
NE	31055007435	1736446	0	0.67	0.	41.3015759	-96.061841
NE	31055007436	2253821	4892	0.87	0.002	41.2898663	-96.0630315
NE	31055007438	2565710	22999	0.991	0.009	41.2845231	-96.1268417
NE	31055007439	3187223	20537	1.231	0.008	41.284504	-96.104168
NE	31055007440	1979012	12	0.764	0.	41.2797833	-96.0875
NE	31055007441	2579762	5716	0.996	0.002	41.2705829	-96.1690757
NE	31055007442	2603065	0	1.005	0.	41.2703232	-96.1484069
NE	31055007443	2437712	140276	0.941	0.054	41.2704925	-96.1104905
NE	31055007444	2518953	12687	0.973	0.005	41.2728259	-96.0953032
NE	31055007445	2634219	0	1.017	0.	41.2704818	-96.0719857
NE	31055007446	2545653	11903	0.983	0.005	41.2552147	-96.1672157
NE	31055007447	1304283	0	0.504	0.	41.2558192	-96.1531211
NE	31055007448	2555399	1469	0.987	0.001	41.2546397	-96.110258
NE	31055007449	2577203	0	0.995	0.	41.2413465	-96.1865293
NE	31055007450	1989082	11560	0.768	0.004	41.2410273	-96.1726463
NE	31055007451	5140589	550702	1.985	0.213	41.2287994	-96.1699824
NE	31055007452	3231782	188327	1.248	0.073	41.2186616	-96.1873494
NE	31055007453	2463866	379033	0.951	0.146	41.2151408	-96.1676645
NE	31055007454	2359112	37975	0.911	0.015	41.2116425	-96.1481097
NE	31055007455	1297189	7746	0.501	0.003	41.2082249	-96.1286182
NE	31055007456	1753617	3497	0.677	0.001	41.2083849	-96.1068472
NE	31055007457	2075838	0	0.801	0.	41.2088558	-96.0776329
NE	31055007458	1267308	5057	0.489	0.002	41.2083512	-96.0530261
NE	31055007459	2364115	6280	0.913	0.002	41.2072426	-96.035404
NE	31055007460	2594816	274	1.002	0.	41.1981312	-96.1861429
NE	31055007461	2605141	12	1.006	0.	41.1974562	-96.1683326
NE	31055007462	2635452	0	1.018	0.	41.198072	-96.1485338
NE	31055007463	2601063	4151	1.004	0.002	41.198166	-96.1243066
NE	31055007464	3143141	38963	1.214	0.015	41.1992856	-96.1098506
NE	31055007465	2008361	8110	0.775	0.003	41.1972709	-96.0879801
NE	31055007466	2626544	14214	1.014	0.005	41.1991731	-96.0716578
NE	31055007467	2579427	6734	0.996	0.003	41.1978608	-96.0563033
NE	31055007468	1534668	42	0.593	0.	41.1944913	-96.0358876
NE	31055007469	2571237	4839	0.993	0.002	41.2993312	-96.1672905
NE	31055007470	2585434	841	0.998	0.	41.2986385	-96.1485517
NE	31055007471	2597541	15950	1.003	0.006	41.2817755	-96.1668742
NE	31055007472	2604473	0	1.006	0.	41.2848556	-96.148473
NE	31055007473	3778959	103362	1.459	0.04	41.257091	-96.1333455
NE	31055007474	2554307	32206	0.986	0.012	41.272011	-96.1296078
NE	31055007504	106586651	9257080	41.153	3.574	41.3452853	-96.3537724
NE	31055007505	82828386	1215228	31.98	0.469	41.3465244	-96.2439752
NE	31055007506	10973405	185391	4.237	0.072	41.2803744	-96.250671
NE	31055007508	63076664	9774735	24.354	3.774	41.241065	-96.3159392
NE	31055007509	30552133	619370	11.796	0.239	41.2243577	-96.254057
NE	31055007514	5105485	3227	1.971	0.001	41.2422941	-96.2147302
NE	31055007515	5096762	110874	1.968	0.043	41.228487	-96.212775
NE	31055007516	5058139	0	1.953	0.	41.2122076	-96.21541
NE	31055007517	5109094	0	1.973	0.	41.1977767	-96.2154289
NE	31055007518	4824233	236559	1.863	0.091	41.277319	-96.2229321
NE	31055007519	7804379	29876	3.013	0.012	41.2747175	-96.1999528
NE	31055007520	2590505	645	1.	0.	41.2838277	-96.1863114
NE	31055007521	2572862	5229	0.993	0.002	41.2981902	-96.1871069
NE	31055007522	5057589	6610	1.953	0.003	41.2979377	-96.2158903
NE	31055007523	2556224	0	0.987	0.	41.2556075	-96.2250072
NE	31055007524	5184086	21119	2.002	0.008	41.2554809	-96.1948488
NE	31057962300	2381956202	3046331	919.678	1.176	40.180165	-101.6811327
NE	31059091600	718279959	1434176	277.329	0.554	40.5267156	-97.4778924
NE	31059091700	771920777	1557815	298.04	0.601	40.5185128	-97.7017406
NE	31061964600	589990209	29485	227.797	0.011	40.2851503	-98.9620128
NE	31061964700	901365653	458414	348.019	0.177	40.1102194	-98.9496601
NE	31063961100	2524345617	14047824	974.655	5.424	40.5309469	-100.4066834
NE	31065963900	1862730822	3727356	719.204	1.439	40.1922523	-99.9086366
NE	31067964600	649686143	6017189	250.845	2.323	40.3564183	-96.5651975
NE	31067964700	930918173	9434399	359.43	3.643	40.124745	-96.8479325
NE	31067964800	93728910	1405415	36.189	0.543	40.2636182	-96.7677281
NE	31067964900	39284283	143515	15.168	0.055	40.290131	-96.7028782
NE	31067965000	2299503	0	0.888	0.	40.2781415	-96.7372272
NE	31067965100	4323308	94333	1.669	0.036	40.2607978	-96.7367277
NE	31067965200	485052563	4898210	187.28	1.891	40.1067772	-96.5982793
NE	31069952100	4415478553	67450146	1704.826	26.043	41.6333638	-102.3029845
NE	31071973200	1474624515	5255328	569.356	2.029	41.9069119	-98.9512834
NE	31073967600	1186729291	11718689	458.199	4.525	40.5090947	-99.8232058
NE	31075956300	2011633362	17249018	776.696	6.66	41.9139574	-101.7559645
NE	31077970900	1475843024	2150066	569.826	0.83	41.5675626	-98.5305674
NE	31079000100	591653968	90579	228.439	0.035	40.9712489	-98.5218271
NE	31079000200	10189796	159	3.934	0.	40.9465862	-98.3341322
NE	31079000300	2875354	0	1.11	0.	40.9325104	-98.3522248
NE	31079000400	6654438	0	2.569	0.	40.9458143	-98.3712664
NE	31079000500	14157438	0	5.466	0.	40.94609	-98.4096944
NE	31079000600	29726701	154415	11.478	0.06	40.8996291	-98.4121173
NE	31079000700	4073556	0	1.573	0.	40.9222691	-98.3724071
NE	31079000800	3236889	0	1.25	0.	40.9088043	-98.3662246
NE	31079000900	2949489	0	1.139	0.	40.9130912	-98.34723
NE	31079001000	12832802	283769	4.955	0.11	40.9259624	-98.3042263
NE	31079001100	22256672	75305	8.593	0.029	40.8948327	-98.3122622
NE	31079001200	10327664	311258	3.988	0.12	40.8883595	-98.3602295
NE	31079001300	327069693	6744387	126.282	2.604	40.7833825	-98.3841356
NE	31079001400	377502672	6880129	145.755	2.656	40.7920185	-98.596762
NE	31081969100	611996637	2574880	236.293	0.994	40.9057283	-97.9128915
NE	31081969200	726178334	4048440	280.379	1.563	40.8505864	-98.1217029
NE	31081969300	65676034	394230	25.358	0.152	40.8619136	-98.0051785
NE	31083964200	1433471190	53339808	553.466	20.595	40.1787663	-99.4034177
NE	31085961500	1846829891	562429	713.065	0.217	40.5372337	-101.0479627
NE	31087962700	1838765352	22080713	709.951	8.525	40.1768964	-101.044217
NE	31089974000	2520482527	6143509	973.164	2.372	42.6728617	-98.7584147
NE	31089974100	3260204853	8133969	1258.772	3.141	42.2879601	-98.7981967
NE	31089974200	362619909	329601	140.008	0.127	42.5005931	-98.8828604
NE	31089974300	103356614	12198	39.906	0.005	42.4740546	-98.6623518
NE	31091956700	1867293650	1385457	720.966	0.535	41.920317	-101.117324
NE	31093970500	780932214	8774965	301.52	3.388	41.218802	-98.4250865
NE	31093970600	693458993	7611678	267.746	2.939	41.2161054	-98.6250811
NE	31095963600	1418793333	13418812	547.799	5.181	40.1826895	-97.133514
NE	31095963700	53931877	583148	20.823	0.225	40.1538099	-97.1555026
NE	31095963800	4040487	200891	1.56	0.078	40.1332166	-97.1866365
NE	31097967500	724600726	1220270	279.77	0.471	40.413878	-96.3055329
NE	31097967600	249458673	455060	96.317	0.176	40.3372132	-96.1539336
NE	31099966600	1295221241	404663	500.088	0.156	40.4357072	-98.8326272
NE	31099966700	41712232	0	16.105	0.	40.4956839	-98.9516228
NE	31101000100	1067615	0	0.412	0.	41.1279968	-101.7219203
NE	31101000200	69294546	1431614	26.755	0.553	41.1468634	-101.7408987
NE	31101000300	2680367783	122370833	1034.896	47.248	41.1942448	-101.6444493
NE	31103975400	2001740191	2710300	772.876	1.046	42.8754803	-99.7183514
NE	31105954500	2465517096	1448446	951.942	0.559	41.1992736	-103.7031528
NE	31107976200	1280865184	18611156	494.545	7.186	42.6043409	-98.110177
NE	31107976300	531437758	73600	205.189	0.028	42.5171718	-97.6672886
NE	31107976400	1058011806	62866602	408.501	24.273	42.7172735	-97.752319
NE	31109000100	6093715	0	2.353	0.	40.8602484	-96.6229668
NE	31109000201	2639872	0	1.019	0.	40.8442946	-96.6354344
NE	31109000202	1416371	0	0.547	0.	40.8432445	-96.6488734
NE	31109000300	1669349	0	0.645	0.	40.841872	-96.6610891
NE	31109000400	2486584	0	0.96	0.	40.8297915	-96.6824584
NE	31109000500	2046905	142561	0.79	0.055	40.8225904	-96.7113473
NE	31109000600	1115508	0	0.431	0.	40.8207436	-96.7004064
NE	31109000700	875550	0	0.338	0.	40.8201413	-96.6881544
NE	31109000800	1180553	0	0.456	0.	40.818335	-96.6759218
NE	31109000900	3863487	0	1.492	0.	40.8257421	-96.6628042
NE	31109001001	1586768	0	0.613	0.	40.8316247	-96.6420678
NE	31109001002	935458	0	0.361	0.	40.8174012	-96.6465632
NE	31109001003	1440609	0	0.556	0.	40.8244662	-96.6431235
NE	31109001101	3270154	0	1.263	0.	40.8428481	-96.6168108
NE	31109001102	1668883	0	0.644	0.	40.8315857	-96.6181702
NE	31109001200	4103030	0	1.584	0.	40.8201556	-96.6213735
NE	31109001301	2466727	0	0.952	0.	40.8059849	-96.634273
NE	31109001302	2175407	0	0.84	0.	40.7927197	-96.634026
NE	31109001400	2726301	0	1.053	0.	40.8064054	-96.6532808
NE	31109001500	2813111	0	1.086	0.	40.7932153	-96.6560281
NE	31109001600	2572825	0	0.993	0.	40.8064997	-96.6728453
NE	31109001700	1263364	0	0.488	0.	40.8031881	-96.689479
NE	31109001800	1042761	0	0.403	0.	40.811781	-96.6889483
NE	31109001900	850579	0	0.328	0.	40.8130646	-96.7026105
NE	31109002001	543322	0	0.21	0.	40.804188	-96.6997014
NE	31109002002	556137	0	0.215	0.	40.804205	-96.7055686
NE	31109002100	2059504	57550	0.795	0.022	40.8064143	-96.7165838
NE	31109002200	3557509	1312	1.374	0.001	40.7922439	-96.7093767
NE	31109002300	2090055	0	0.807	0.	40.7930405	-96.6879474
NE	31109002400	2292784	0	0.885	0.	40.7839287	-96.6814064
NE	31109002500	3240058	0	1.251	0.	40.783944	-96.6615192
NE	31109002701	1296119	0	0.5	0.	40.773405	-96.6538481
NE	31109002702	3559398	0	1.374	0.	40.7674167	-96.6611338
NE	31109002800	3100544	0	1.197	0.	40.7767225	-96.6951775
NE	31109002900	27111027	653756	10.468	0.252	40.8696972	-96.6482338
NE	31109003002	2494481	82334	0.963	0.032	40.844297	-96.706571
NE	31109003003	4507206	117847	1.74	0.046	40.8436596	-96.6926649
NE	31109003004	2101120	0	0.811	0.	40.8735883	-96.6887063
NE	31109003005	3044143	0	1.175	0.	40.8620698	-96.6987527
NE	31109003102	8528247	16969	3.293	0.007	40.8671206	-96.7436799
NE	31109003103	2009110	0	0.776	0.	40.8459996	-96.716435
NE	31109003104	3618032	0	1.397	0.	40.8399269	-96.7295352
NE	31109003202	4971268	32153	1.919	0.012	40.8519461	-96.8009173
NE	31109003301	4587898	1477300	1.771	0.57	40.8234416	-96.73238
NE	31109003302	12771672	196989	4.931	0.076	40.8217314	-96.7806641
NE	31109003401	9772375	31408	3.773	0.012	40.795292	-96.7715464
NE	31109003402	6214243	44655	2.399	0.017	40.8023619	-96.736621
NE	31109003500	783310	0	0.302	0.	40.781986	-96.7344412
NE	31109003601	194262	0	0.075	0.	40.7700166	-96.7038431
NE	31109003604	73040807	820899	28.201	0.317	40.7387438	-96.747602
NE	31109003605	5970359	0	2.305	0.	40.7612351	-96.7040049
NE	31109003607	2187520	0	0.845	0.	40.7327308	-96.6917005
NE	31109003608	4364312	0	1.685	0.	40.7389407	-96.710389
NE	31109003609	2988839	0	1.154	0.	40.7472233	-96.6922199
NE	31109003704	2637214	0	1.018	0.	40.7602163	-96.6694648
NE	31109003708	2652439	0	1.024	0.	40.7480183	-96.6730872
NE	31109003709	2588498	0	0.999	0.	40.7480635	-96.6538916
NE	31109003713	3179897	85552	1.228	0.033	40.7477466	-96.6215204
NE	31109003714	7095467	0	2.74	0.	40.7371496	-96.6285878
NE	31109003715	2594575	0	1.002	0.	40.7335777	-96.6538898
NE	31109003716	2538243	0	0.98	0.	40.7335535	-96.6728474
NE	31109003718	20809233	0	8.034	0.	40.7842335	-96.5869595
NE	31109003719	20793101	13262	8.028	0.005	40.7258938	-96.5873431
NE	31109003721	2612754	0	1.009	0.	40.7769777	-96.6156583
NE	31109003722	2640838	396740	1.02	0.153	40.7778618	-96.6330066
NE	31109003723	2584162	0	0.998	0.	40.7624845	-96.6348097
NE	31109003724	2594133	0	1.002	0.	40.7624729	-96.6157059
NE	31109003725	10415202	0	4.021	0.	40.7118281	-96.6252914
NE	31109003726	10350458	0	3.996	0.	40.7119155	-96.6634262
NE	31109003727	5220471	0	2.016	0.	40.8205329	-96.5868804
NE	31109003728	24707455	26042	9.54	0.01	40.8638673	-96.5769735
NE	31109003801	2623350	0	1.013	0.	40.7915798	-96.6155896
NE	31109003802	2539338	76029	0.98	0.029	40.8052306	-96.6138906
NE	31109010100	411428643	1009813	158.853	0.39	40.9366602	-96.5568851
NE	31109010202	431582711	10535595	166.635	4.068	40.9363947	-96.8058596
NE	31109010203	8690222	12670	3.355	0.005	40.8932098	-96.7297921
NE	31109010204	8707744	0	3.362	0.	40.8840187	-96.7054919
NE	31109010300	460857146	3899514	177.938	1.506	40.6319846	-96.8100092
NE	31109010401	116260233	1924020	44.888	0.743	40.6468196	-96.6390135
NE	31109010402	329418706	991901	127.189	0.383	40.6315549	-96.5325168
NE	31109983200	15287923	203453	5.903	0.079	40.8501788	-96.7605477
NE	31111959700	3225481683	5330889	1245.365	2.058	41.0902026	-100.4952523
NE	31111959800	1035611617	2526432	399.852	0.975	41.2687494	-101.0518173
NE	31111959900	35121556	974936	13.561	0.376	41.1714556	-100.7984905
NE	31111960200	3485274	0	1.346	0.	41.1323725	-100.7507026
NE	31111960300	2398964	0	0.926	0.	41.1335936	-100.7740641
NE	31111960400	6810340	0	2.629	0.	41.1376859	-100.8051089
NE	31111960500	51774735	1889285	19.99	0.729	41.1076483	-100.7554456
NE	31111960600	2280407387	17716442	880.47	6.84	40.8764864	-100.9508968
NE	31113957500	1478101926	1203586	570.698	0.465	41.5421555	-100.4436647
NE	31115972800	1459046154	20032911	563.341	7.735	41.9027898	-99.5092764
NE	31117957900	2225470204	2671077	859.259	1.031	41.6484137	-101.1208507
NE	31119960600	16905606	0	6.527	0.	42.0431176	-97.3852656
NE	31119960700	18635231	0	7.195	0.	42.0700888	-97.4047701
NE	31119960801	5484728	154943	2.118	0.06	42.0442919	-97.4363392
NE	31119960802	36563387	31516	14.117	0.012	42.0680572	-97.4752185
NE	31119960900	2454548	0	0.948	0.	42.0310852	-97.4262588
NE	31119961000	2035287	0	0.786	0.	42.0272587	-97.4131651
NE	31119961100	48467114	2439028	18.713	0.942	41.9978495	-97.4280583
NE	31119961200	533161647	3934594	205.855	1.519	41.9962622	-97.6688937
NE	31119961300	819350153	792714	316.353	0.306	41.8369338	-97.5909766
NE	31121966600	691534370	11840178	267.003	4.572	41.2284019	-97.9160826
NE	31121966700	539224581	9489615	208.196	3.664	41.0813437	-98.1995111
NE	31121966800	32622816	1940783	12.596	0.749	41.1101729	-97.9973577
NE	31123952500	3687380850	16454219	1423.706	6.353	41.7322039	-102.9905936
NE	31125966100	1143726173	17186004	441.595	6.636	41.4023855	-97.9914083
NE	31127968100	987840240	5966167	381.407	2.304	40.4082243	-95.8102402
NE	31127968200	67064099	0	25.894	0.	40.3739079	-95.8297804
NE	31129960000	1440517837	1690028	556.187	0.653	40.1859896	-98.0405208
NE	31129960100	49127350	28456	18.968	0.011	40.0325942	-98.0554572
NE	31131966600	620459594	5645648	239.561	2.18	40.6419572	-95.9527292
NE	31131966700	351068165	1285601	135.548	0.496	40.6472194	-96.1666537
NE	31131966800	559786156	423710	216.135	0.164	40.6620549	-96.3420956
NE	31131966900	60822810	1362986	23.484	0.526	40.6592359	-95.8535212
NE	31131967000	2298839	97566	0.888	0.038	40.6778181	-95.8582428
NE	31133967800	1116478177	4852359	431.075	1.874	40.1377971	-96.2452136
NE	31135959300	2287768804	2840175	883.313	1.097	40.8576462	-101.6274676
NE	31137967000	26278302	0	10.146	0.	40.424367	-99.3644546
NE	31137967100	90922299	36417	35.105	0.014	40.4627824	-99.4082009
NE	31137967200	1280785135	1672896	494.514	0.646	40.5163647	-99.4065568
NE	31139979100	584351400	684852	225.619	0.264	42.2571863	-97.4559433
NE	31139979200	900355623	2797292	347.629	1.08	42.2714675	-97.6889918
NE	31141965100	988302037	1094211	381.586	0.422	41.6492555	-97.5525027
NE	31141965298	605348405	15827056	233.726	6.111	41.4785913	-97.5324985
NE	31141965301	51171901	4002274	19.758	1.545	41.4747732	-97.4167197
NE	31141965302	3885628	0	1.5	0.	41.445949	-97.3731477
NE	31141965400	53440203	341465	20.633	0.132	41.4609067	-97.3002634
NE	31141965500	35523754	1817889	13.716	0.702	41.414334	-97.2990595
NE	31141965600	2877694	0	1.111	0.	41.4304437	-97.3587068
NE	31141965700	7998039	1447676	3.088	0.559	41.4312756	-97.3924718
NE	31143960000	553051346	3670750	213.534	1.417	41.2499959	-97.5699277
NE	31143960100	583517673	1017150	225.297	0.393	41.1241423	-97.5680609
NE	31145963100	1770649756	2144760	683.652	0.828	40.1694196	-100.4685764
NE	31145963200	24599990	0	9.498	0.	40.2231043	-100.6380876
NE	31145963300	62212925	19882	24.021	0.008	40.2237344	-100.5702859
NE	31147964500	677896839	6076728	261.737	2.346	40.1522236	-95.585887
NE	31147968500	634324805	860301	244.914	0.332	40.1093315	-95.8694812
NE	31147968600	117039661	140581	45.189	0.054	40.0543953	-95.6161784
NE	31149974600	2611461739	8812080	1008.291	3.402	42.394749	-99.4208512
NE	31151960601	17824952	106977	6.882	0.041	40.6183267	-96.9256631
NE	31151960602	89061970	1318056	34.387	0.509	40.6599073	-96.9661928
NE	31151960700	282344553	1343858	109.014	0.519	40.6474138	-97.1884861
NE	31151960800	834461217	431516	322.187	0.167	40.4738342	-97.2023122
NE	31151960900	263140022	2600229	101.599	1.004	40.4684969	-96.9802971
NE	31153010103	17882257	1666247	6.904	0.643	41.1702834	-95.8738399
NE	31153010104	1720808	0	0.664	0.	41.1773293	-95.9246368
NE	31153010105	2416135	0	0.933	0.	41.1563088	-95.9185501
NE	31153010106	3071807	90487	1.186	0.035	41.1414004	-95.8986365
NE	31153010107	3490265	4393	1.348	0.002	41.1695756	-95.9442294
NE	31153010108	5089831	0	1.965	0.	41.1646308	-95.9326996
NE	31153010203	9729311	167870	3.757	0.065	41.1362123	-95.9819858
NE	31153010204	7003848	81475	2.704	0.031	41.1339031	-95.9446885
NE	31153010205	2265072	7264	0.875	0.003	41.1006107	-95.9548328
NE	31153010206	1795214	0	0.693	0.	41.1140458	-95.9570784
NE	31153010207	2076134	0	0.802	0.	41.1099575	-95.9389877
NE	31153010208	52710983	4085182	20.352	1.577	41.080737	-95.9319319
NE	31153010209	9592510	76592	3.704	0.03	41.1063685	-95.9863409
NE	31153010302	8416643	533464	3.25	0.206	41.1178814	-95.9065457
NE	31153010305	1893333	16533	0.731	0.006	41.1237098	-95.945646
NE	31153010306	1212769	0	0.468	0.	41.1249652	-95.9610215
NE	31153010401	1834665	0	0.708	0.	41.1413744	-95.9181691
NE	31153010402	5605543	360433	2.164	0.139	41.1228632	-95.8786782
NE	31153010502	6419463	14787	2.479	0.006	41.1725341	-95.9759884
NE	31153010503	3255433	27568	1.257	0.011	41.1787392	-95.9937744
NE	31153010504	4570391	22096	1.765	0.009	41.155963	-95.9607196
NE	31153010505	3957552	0	1.528	0.	41.1799973	-95.9575223
NE	31153010614	2587100	4492	0.999	0.002	41.1831286	-96.0327827
NE	31153010615	1857536	5951	0.717	0.002	41.1840446	-96.0165133
NE	31153010616	4519107	43578	1.745	0.017	41.1683071	-96.0588471
NE	31153010617	3879338	0	1.498	0.	41.1654409	-96.0330344
NE	31153010619	2864231	16619	1.106	0.006	41.1471562	-96.0316853
NE	31153010620	9690440	201754	3.741	0.078	41.1324955	-96.0210894
NE	31153010621	2554829	0	0.986	0.	41.1834863	-96.0524699
NE	31153010622	2607157	0	1.007	0.	41.1835358	-96.0716882
NE	31153010623	9680506	0	3.738	0.	41.155949	-96.0690175
NE	31153010624	8552270	5098	3.302	0.002	41.1380983	-96.0662637
NE	31153010625	2635305	0	1.017	0.	41.1835216	-96.1486326
NE	31153010626	2587692	0	0.999	0.	41.1834482	-96.1679049
NE	31153010627	2731902	0	1.055	0.	41.1830531	-96.1876401
NE	31153010629	33340438	645255	12.873	0.249	41.1501905	-96.1240681
NE	31153010630	4964880	0	1.917	0.	41.1833882	-96.215872
NE	31153010631	46710856	2968920	18.035	1.146	41.1579488	-96.2793605
NE	31153010632	20333268	3735	7.851	0.001	41.154068	-96.2203098
NE	31153010633	3617156	634	1.397	0.	41.1797829	-96.1256589
NE	31153010634	1311014	0	0.506	0.	41.1870544	-96.1292141
NE	31153010635	9514426	919647	3.674	0.355	41.1593278	-96.1618055
NE	31153010636	8368321	37660	3.231	0.015	41.1555693	-96.1888641
NE	31153010637	4918150	32470	1.899	0.013	41.1708045	-96.0089838
NE	31153010638	5219394	54104	2.015	0.021	41.1551673	-96.0068714
NE	31153010701	183836047	8077613	70.979	3.119	41.0702619	-96.2259727
NE	31153010702	81518166	4496048	31.474	1.736	41.0844328	-96.0823171
NE	31155968100	379944281	7599730	146.697	2.934	41.3532694	-96.5804209
NE	31155968200	940431849	4666187	363.103	1.802	41.2138517	-96.7717149
NE	31155968300	62307061	1487349	24.057	0.574	41.2144849	-96.6129328
NE	31155968400	514630135	13802226	198.7	5.329	41.1644363	-96.4596112
NE	31155968500	41728254	1327902	16.111	0.513	41.0339469	-96.3911639
NE	31157952900	532271888	12425973	205.511	4.798	41.8932707	-103.4846038
NE	31157953000	159834313	326644	61.712	0.126	41.954017	-103.7698479
NE	31157953100	299644814	606581	115.694	0.234	41.9182827	-103.9381379
NE	31157953200	792193462	1161897	305.868	0.449	41.7497062	-103.7937763
NE	31157953300	20073921	41472	7.751	0.016	41.885576	-103.6892587
NE	31157953400	40866259	0	15.779	0.	41.8770294	-103.61773
NE	31157953500	1731856	0	0.669	0.	41.8673578	-103.6628043
NE	31157953600	6249179	116184	2.413	0.045	41.8605153	-103.6875002
NE	31157953700	8143676	467221	3.144	0.18	41.8506171	-103.6337569
NE	31157953800	31944064	116976	12.334	0.045	41.810993	-103.6509262
NE	31157953900	22655273	106519	8.747	0.041	41.836162	-103.7030598
NE	31159960100	890020112	6387499	343.639	2.466	40.9378511	-97.1486893
NE	31159960200	49605726	482110	19.153	0.186	40.8978587	-97.1058113
NE	31159960300	14392788	46297	5.557	0.018	40.9238766	-97.069382
NE	31159960400	525978878	4624821	203.082	1.786	40.763545	-97.1485916
NE	31161951600	884278690	2586290	341.422	0.999	42.8363724	-102.2311718
NE	31161951700	5435731270	73989372	2098.748	28.567	42.4458724	-102.4260619
NE	31163970100	1465613583	14937776	565.877	5.768	41.2187425	-98.9728492
NE	31165950100	5352788430	1662499	2066.723	0.642	42.4706681	-103.7321705
NE	31167962100	812399748	5576609	313.669	2.153	41.8822248	-97.1727001
NE	31167962200	295164567	3149285	113.964	1.216	42.0224963	-97.2490374
NE	31169963100	896177662	992948	346.016	0.383	40.2712015	-97.7139439
NE	31169963200	589930209	2077814	227.773	0.802	40.1036168	-97.5104902
NE	31171957100	1845505749	2087569	712.554	0.806	41.8557296	-100.5247028
NE	31173940100	576823223	3601669	222.713	1.391	42.1079088	-96.5188141
NE	31173940200	442574782	2836256	170.879	1.095	42.2256362	-96.5960485
NE	31175971300	1393085881	6081697	537.873	2.348	41.5640938	-98.9834841
NE	31175971400	78260137	51942	30.216	0.02	41.5798996	-98.9144062
NE	31177050101	26163179	0	10.102	0.	41.5385932	-96.1708033
NE	31177050102	42439074	1052460	16.386	0.406	41.5525629	-96.1192262
NE	31177050201	215058752	1073365	83.035	0.414	41.4698876	-96.1294986
NE	31177050202	140354638	4321210	54.191	1.668	41.4469755	-96.0175212
NE	31177050300	585894327	2020947	226.215	0.78	41.5498252	-96.3060586
NE	31179978600	1105916283	949219	426.997	0.366	42.210746	-97.1262433
NE	31179978700	41230312	135766	15.919	0.052	42.2353887	-96.9979166
NE	31181965000	832774473	155154	321.536	0.06	40.2554911	-98.4898218
NE	31181965100	656243469	182087	253.377	0.07	40.0818026	-98.5091339
NE	31183973600	1489717918	1059454	575.183	0.409	41.9225747	-98.5208533
NE	31185969600	872438907	4435829	336.851	1.713	40.9374873	-97.6023523
NE	31185969700	38540036	97360	14.88	0.038	40.8813051	-97.5661274
NE	31185969800	47830933	385430	18.468	0.149	40.8468799	-97.5868809
NE	31185969900	523999248	3661374	202.317	1.414	40.7623747	-97.5898837
