USPS	GEOID	ALAND	AWATER	ALAND_SQMI	AWATER_SQMI	INTPTLAT	INTPTLONG
NV	32001950100	9579192494	144611540	3698.547	55.835	39.563589	-118.1428269
NV	32001950301	4483318	0	1.731	0.	39.4746227	-118.7682909
NV	32001950302	5825696	0	2.249	0.	39.4731745	-118.7886951
NV	32001950400	33945200	85200	13.106	0.033	39.4224362	-118.7047462
NV	32001950500	381112776	6227866	147.148	2.405	39.600913	-118.6828562
NV	32001950600	1813277006	14960975	700.11	5.776	39.7934997	-118.9516281
NV	32001950700	1003011318	24857410	387.265	9.598	39.3104947	-118.8863319
NV	32003000101	3767445	16683	1.455	0.006	36.1821704	-115.1919976
NV	32003000103	1298899	0	0.502	0.	36.1628205	-115.2329526
NV	32003000105	2034699	0	0.786	0.	36.1667291	-115.1990194
NV	32003000106	1361238	0	0.526	0.	36.169984	-115.2150626
NV	32003000107	1248433	0	0.482	0.	36.162678	-115.2149023
NV	32003000108	959920	0	0.371	0.	36.1821439	-115.2097966
NV	32003000109	968318	0	0.374	0.	36.177388	-115.2169978
NV	32003000201	2185454	0	0.844	0.	36.1823534	-115.1694857
NV	32003000203	2033657	0	0.785	0.	36.1674855	-115.1668588
NV	32003000204	1738371	0	0.671	0.	36.1525567	-115.1667431
NV	32003000301	3657040	0	1.412	0.	36.1777598	-115.1511921
NV	32003000302	2309196	0	0.892	0.	36.1880187	-115.1588665
NV	32003000401	933885	0	0.361	0.	36.1820491	-115.138192
NV	32003000402	1382724	0	0.534	0.	36.1809239	-115.1299765
NV	32003000403	654832	0	0.253	0.	36.1708341	-115.1299149
NV	32003000510	1144317	0	0.442	0.	36.1804178	-115.1203006
NV	32003000513	1324072	0	0.511	0.	36.1848434	-115.0712429
NV	32003000514	1913109	0	0.739	0.	36.1772512	-115.0933559
NV	32003000515	1339509	0	0.517	0.	36.1774514	-115.0713165
NV	32003000516	1831624	0	0.707	0.	36.1698653	-115.0930999
NV	32003000517	1340136	0	0.517	0.	36.1700826	-115.0712619
NV	32003000518	1829769	0	0.706	0.	36.1625578	-115.0929382
NV	32003000519	1330621	0	0.514	0.	36.1627442	-115.0712758
NV	32003000520	558061	0	0.215	0.	36.1708821	-115.1205699
NV	32003000521	819539	0	0.316	0.	36.1633842	-115.1204933
NV	32003000522	612293	0	0.236	0.	36.1708266	-115.1108384
NV	32003000523	934222	0	0.361	0.	36.1633452	-115.1107252
NV	32003000524	718408	0	0.277	0.	36.1773265	-115.1111878
NV	32003000525	642634	0	0.248	0.	36.1847708	-115.1116581
NV	32003000526	646616	0	0.25	0.	36.1845885	-115.102762
NV	32003000527	766167	0	0.296	0.	36.1837609	-115.0921158
NV	32003000528	584406	0	0.226	0.	36.1857515	-115.0852034
NV	32003000600	640656	0	0.247	0.	36.1624293	-115.1292682
NV	32003000700	1478745	0	0.571	0.	36.1701274	-115.1411884
NV	32003001003	2590653	0	1.	0.	36.1519103	-115.2165348
NV	32003001004	2796864	0	1.08	0.	36.152119	-115.197961
NV	32003001005	3240447	0	1.251	0.	36.1671926	-115.1828166
NV	32003001006	2245909	0	0.867	0.	36.1511979	-115.1808956
NV	32003001100	1341927	0	0.518	0.	36.1513568	-115.1568241
NV	32003001200	1819228	0	0.702	0.	36.149974	-115.146526
NV	32003001300	1786484	0	0.69	0.	36.1519572	-115.1341608
NV	32003001401	1118382	0	0.432	0.	36.155027	-115.1199916
NV	32003001402	1746750	0	0.674	0.	36.1478779	-115.1156435
NV	32003001501	1009466	0	0.39	0.	36.1544766	-115.1061773
NV	32003001502	1351610	0	0.522	0.	36.1517154	-115.0963416
NV	32003001607	1448760	0	0.559	0.	36.1243394	-115.0713009
NV	32003001608	1288439	0	0.497	0.	36.1396206	-115.0886809
NV	32003001609	1313211	0	0.507	0.	36.1522139	-115.0868461
NV	32003001610	1186538	0	0.458	0.	36.1511845	-115.0784252
NV	32003001611	1452982	0	0.561	0.	36.152217	-115.0692883
NV	32003001613	1267862	0	0.49	0.	36.1333166	-115.074146
NV	32003001614	479790	0	0.185	0.	36.1397326	-115.0786679
NV	32003001615	796568	0	0.308	0.	36.1412048	-115.0715604
NV	32003001706	1953339	0	0.754	0.	36.1187404	-115.1056315
NV	32003001707	985867	0	0.381	0.	36.1260634	-115.1121213
NV	32003001708	986613	0	0.381	0.	36.1260028	-115.0986865
NV	32003001709	1024978	0	0.396	0.	36.1212675	-115.0880347
NV	32003001710	1454918	0	0.562	0.	36.1210862	-115.0788799
NV	32003001711	1209785	0	0.467	0.	36.1114528	-115.1145843
NV	32003001712	1535348	0	0.593	0.	36.1056438	-115.1076198
NV	32003001713	1378652	0	0.532	0.	36.1076209	-115.0871286
NV	32003001714	1320601	0	0.51	0.	36.1076374	-115.0779856
NV	32003001715	674719	0	0.261	0.	36.103917	-115.0687404
NV	32003001716	827207	0	0.319	0.	36.1109027	-115.067775
NV	32003001717	1384585	0	0.535	0.	36.1076998	-115.0962725
NV	32003001718	716690	0	0.277	0.	36.103561	-115.0590118
NV	32003001801	2047053	0	0.79	0.	36.1355803	-115.0976258
NV	32003001803	955529	0	0.369	0.	36.1334104	-115.1119451
NV	32003001804	976835	0	0.377	0.	36.1407296	-115.1120612
NV	32003001901	1351678	0	0.522	0.	36.1406685	-115.127809
NV	32003001902	1302954	0	0.503	0.	36.1333919	-115.1276884
NV	32003002000	2575738	0	0.994	0.	36.136796	-115.1458205
NV	32003002201	3372852	0	1.302	0.	36.1363407	-115.1808348
NV	32003002203	975555	0	0.377	0.	36.1411873	-115.2014648
NV	32003002204	672065	0	0.259	0.	36.1375004	-115.1950167
NV	32003002206	1129640	0	0.436	0.	36.1297331	-115.1981786
NV	32003002207	427885	0	0.165	0.	36.1338691	-115.2040712
NV	32003002302	3197231	0	1.234	0.	36.1317643	-115.1641314
NV	32003002303	375318	0	0.145	0.	36.1393389	-115.1574737
NV	32003002403	714988	0	0.276	0.	36.1253681	-115.1504773
NV	32003002404	683025	0	0.264	0.	36.1259591	-115.141625
NV	32003002405	570457	0	0.22	0.	36.1179912	-115.1505384
NV	32003002406	640157	0	0.247	0.	36.1184282	-115.1419098
NV	32003002501	2798931	0	1.081	0.	36.1222392	-115.1281242
NV	32003002504	1235506	0	0.477	0.	36.1041205	-115.1279489
NV	32003002505	676346	0	0.261	0.	36.1110804	-115.1237269
NV	32003002506	647391	0	0.25	0.	36.1111658	-115.1329807
NV	32003002603	1990482	0	0.769	0.	36.1080614	-115.1446892
NV	32003002604	1009369	0	0.39	0.	36.10478	-115.1571534
NV	32003002605	599665	0	0.232	0.	36.111383	-115.1591191
NV	32003002706	653629	0	0.252	0.	36.0988877	-115.127984
NV	32003002707	1664974	0	0.643	0.	36.0901144	-115.1244788
NV	32003002708	374461	0	0.145	0.	36.0931031	-115.1345984
NV	32003002808	4518859	0	1.745	0.	36.0625599	-115.1070376
NV	32003002810	1211253	0	0.468	0.	36.0357371	-115.1765436
NV	32003002811	2418731	0	0.934	0.	36.0341924	-115.1252047
NV	32003002814	2261363	0	0.873	0.	36.0197522	-115.1282152
NV	32003002821	2720949	0	1.051	0.	36.0781951	-115.0822101
NV	32003002822	1441638	0	0.557	0.	36.0955855	-115.0708546
NV	32003002823	893631	0	0.345	0.	36.0972275	-115.1085368
NV	32003002824	1541872	0	0.595	0.	36.0908129	-115.1107597
NV	32003002825	1333215	0	0.515	0.	36.092996	-115.0962225
NV	32003002826	1421697	0	0.549	0.	36.0931193	-115.0866553
NV	32003002827	1090676	0	0.421	0.	36.0897935	-115.0761071
NV	32003002828	3190154	0	1.232	0.	36.0334337	-115.1633581
NV	32003002829	1367691	0	0.528	0.	36.0351258	-115.1496515
NV	32003002830	1785696	0	0.689	0.	36.0350215	-115.1386828
NV	32003002831	1259624	0	0.486	0.	36.0210113	-115.1765951
NV	32003002833	1374421	0	0.531	0.	36.0243297	-115.1454575
NV	32003002834	1317785	0	0.509	0.	36.0169089	-115.1455745
NV	32003002835	609941	0	0.235	0.	36.0098671	-115.1502415
NV	32003002836	611613	0	0.236	0.	36.0098284	-115.1412598
NV	32003002837	5879297	0	2.27	0.	36.0496529	-115.1600738
NV	32003002838	3241786	0	1.252	0.	36.050153	-115.1291522
NV	32003002841	7964547	0	3.075	0.	35.9975444	-115.1684142
NV	32003002842	3190906	0	1.232	0.	35.9740647	-115.1712925
NV	32003002844	1299884	0	0.502	0.	36.0028347	-115.1459034
NV	32003002845	925441	0	0.357	0.	36.0025623	-115.1301386
NV	32003002846	1628398	0	0.629	0.	36.0089956	-115.1261626
NV	32003002847	7796310	0	3.01	0.	36.064754	-115.1522372
NV	32003002848	1064777	0	0.411	0.	36.0607897	-115.128821
NV	32003002849	656892	0	0.254	0.	36.0209592	-115.1678712
NV	32003002850	1296888	0	0.501	0.	36.018011	-115.1612551
NV	32003002851	1552589	0	0.599	0.	35.9953493	-115.1397551
NV	32003002852	867369	0	0.335	0.	35.9930398	-115.1561673
NV	32003002853	1177747	0	0.455	0.	35.9868977	-115.1497278
NV	32003002901	1243733	0	0.48	0.	36.0379681	-115.2273682
NV	32003002902	2486142	0	0.96	0.	36.0313505	-115.2356068
NV	32003002905	2712853	0	1.047	0.	36.1518241	-115.2343383
NV	32003002915	2740731	0	1.058	0.	36.1515189	-115.270568
NV	32003002916	2775794	0	1.072	0.	36.1515885	-115.2525583
NV	32003002919	2645848	0	1.022	0.	36.1219448	-115.2519736
NV	32003002935	924466	0	0.357	0.	36.1201588	-115.2206891
NV	32003002936	997290	0	0.385	0.	36.1199688	-115.229412
NV	32003002937	1210736	0	0.467	0.	36.1338212	-115.2118105
NV	32003002938	1946632	0	0.752	0.	36.1360379	-115.2196218
NV	32003002939	2618618	0	1.011	0.	36.1366297	-115.2519615
NV	32003002940	980994	0	0.379	0.	36.1263079	-115.2684939
NV	32003002941	1475492	0	0.57	0.	36.1070471	-115.2482009
NV	32003002942	1334803	0	0.515	0.	36.1071324	-115.238525
NV	32003002944	1608028	0	0.621	0.	36.104437	-115.2708283
NV	32003002946	912249	0	0.352	0.	36.1205924	-115.2122943
NV	32003002947	3337436	0	1.289	0.	36.1348469	-115.2340194
NV	32003002948	1314223	0	0.507	0.	36.107143	-115.229469
NV	32003002949	1019990	0	0.394	0.	36.1200519	-115.2384895
NV	32003002950	1083500	0	0.418	0.	36.1114969	-115.2689552
NV	32003002952	1649714	0	0.637	0.	36.1195165	-115.2709086
NV	32003002953	1193783	0	0.461	0.	36.1072484	-115.2569454
NV	32003002954	960016	0	0.371	0.	36.1208863	-115.2036938
NV	32003002956	3946357	0	1.524	0.	36.1080418	-115.1943752
NV	32003002957	2663440	0	1.028	0.	36.0960904	-115.2611448
NV	32003002958	1310434	0	0.506	0.	36.0961778	-115.2340523
NV	32003002961	4493501	0	1.735	0.	36.0798429	-115.2337769
NV	32003002962	12303930	0	4.751	0.	36.0821955	-115.199468
NV	32003002964	611573	0	0.236	0.	36.1110328	-115.2206924
NV	32003002965	1236913	0	0.478	0.	36.1040129	-115.2164918
NV	32003002966	610055	0	0.236	0.	36.1115149	-115.2122576
NV	32003002967	617235	0	0.238	0.	36.0965049	-115.2207846
NV	32003002968	625559	0	0.242	0.	36.0892335	-115.2208623
NV	32003002969	623891	0	0.241	0.	36.0897251	-115.212232
NV	32003002970	623906	0	0.241	0.	36.0969852	-115.2122395
NV	32003002974	4741314	0	1.831	0.	36.0795179	-115.2700757
NV	32003002975	4626433	0	1.786	0.	36.079626	-115.2517736
NV	32003002976	6754050	0	2.608	0.	36.057588	-115.2610209
NV	32003002977	2583058	0	0.997	0.	36.0446391	-115.2612871
NV	32003002978	7234750	0	2.793	0.	36.0308074	-115.2613609
NV	32003002979	6565312	0	2.535	0.	36.0620606	-115.2129372
NV	32003002980	1296310	0	0.501	0.	36.0525048	-115.2341576
NV	32003002981	981267	0	0.379	0.	36.0532502	-115.2182259
NV	32003002982	2005830	0	0.774	0.	36.0455659	-115.2293642
NV	32003002983	2639297	0	1.019	0.	36.0387919	-115.2143187
NV	32003002985	5015449	0	1.936	0.	36.0475906	-115.1956921
NV	32003002995	1628813	0	0.629	0.	36.1206775	-115.1874251
NV	32003002996	498955	0	0.193	0.	36.1208659	-115.1969903
NV	32003002997	1309057	0	0.505	0.	36.1402577	-115.2699687
NV	32003002998	1300128	0	0.502	0.	36.1329956	-115.2699592
NV	32003003001	1335202	0	0.516	0.	36.1700767	-115.2330243
NV	32003003003	1660168	0	0.641	0.	36.1832951	-115.2521329
NV	32003003004	657631	0	0.254	0.	36.1758861	-115.2517457
NV	32003003005	1320943	0	0.51	0.	36.1702022	-115.2510505
NV	32003003006	1367368	0	0.528	0.	36.1627246	-115.2514014
NV	32003003102	1433428	0	0.553	0.	36.177487	-115.2340163
NV	32003003103	758064	0	0.293	0.	36.1846882	-115.2289059
NV	32003003104	793879	0	0.307	0.	36.184877	-115.239212
NV	32003003204	4774307	0	1.843	0.	36.2549219	-115.2626699
NV	32003003208	2728238	0	1.053	0.	36.2407738	-115.269781
NV	32003003210	2040476	0	0.788	0.	36.2104512	-115.3285304
NV	32003003211	2563978	0	0.99	0.	36.2152208	-115.2968175
NV	32003003213	1783840	0	0.689	0.	36.2092685	-115.3111745
NV	32003003214	1543011	0	0.596	0.	36.2071174	-115.2880467
NV	32003003215	1392499	0	0.538	0.	36.2005107	-115.2707974
NV	32003003218	4041898	0	1.561	0.	36.1919977	-115.2943267
NV	32003003219	2299131	0	0.888	0.	36.19297	-115.2740979
NV	32003003220	2992043	0	1.155	0.	36.1832291	-115.2738498
NV	32003003222	2267477	0	0.875	0.	36.184784	-115.3189699
NV	32003003223	4365103	0	1.685	0.	36.1748914	-115.3055247
NV	32003003226	2494223	0	0.963	0.	36.1643193	-115.3028937
NV	32003003227	2117575	0	0.818	0.	36.1636768	-115.3265865
NV	32003003228	1387663	0	0.536	0.	36.300548	-115.2948808
NV	32003003229	8205795	0	3.168	0.	36.3192988	-115.3195125
NV	32003003233	3062877	0	1.183	0.	36.287468	-115.304093
NV	32003003234	978749	0	0.378	0.	36.2899891	-115.2924037
NV	32003003235	2220627	0	0.857	0.	36.2856635	-115.2806832
NV	32003003236	3529927	0	1.363	0.	36.2707258	-115.2725956
NV	32003003237	2212230	0	0.854	0.	36.2380318	-115.3284642
NV	32003003239	1111075	0	0.429	0.	36.2236104	-115.3207205
NV	32003003240	3758577	0	1.451	0.	36.236695	-115.3061565
NV	32003003241	1385984	0	0.535	0.	36.222219	-115.3063769
NV	32003003242	2657083	0	1.026	0.	36.240948	-115.2883085
NV	32003003243	1395256	0	0.539	0.	36.2299331	-115.2882796
NV	32003003244	1389151	0	0.536	0.	36.2223733	-115.2880779
NV	32003003245	1374698	0	0.531	0.	36.229687	-115.2698455
NV	32003003246	1374386	0	0.531	0.	36.2221904	-115.2697026
NV	32003003247	1447284	0	0.559	0.	36.2123521	-115.2660111
NV	32003003248	1194210	0	0.461	0.	36.2097262	-115.273781
NV	32003003249	1466996	0	0.566	0.	36.1883411	-115.3338293
NV	32003003250	2009694	0	0.776	0.	36.1766204	-115.3318169
NV	32003003251	1224340	0	0.473	0.	36.1990287	-115.3165041
NV	32003003252	1763164	0	0.681	0.	36.196807	-115.3066599
NV	32003003253	1851774	0	0.715	0.	36.1705461	-115.2770259
NV	32003003254	1246402	0	0.481	0.	36.1743488	-115.2679245
NV	32003003260	982610	0	0.379	0.	36.1621973	-115.2684786
NV	32003003261	1199453	0	0.463	0.	36.1632288	-115.281685
NV	32003003262	2334676	0	0.901	0.	36.1986636	-115.3319892
NV	32003003263	1483433	0	0.573	0.	36.3011799	-115.3080946
NV	32003003264	1341160	0	0.518	0.	36.3029079	-115.3241869
NV	32003003265	2019078	0	0.78	0.	36.2938185	-115.324107
NV	32003003266	4720818	0	1.823	0.	36.257911	-115.328834
NV	32003003267	8497224	0	3.281	0.	36.2661349	-115.3108309
NV	32003003268	4959343	0	1.915	0.	36.2621293	-115.2889541
NV	32003003269	1534678	0	0.593	0.	36.2371672	-115.3192045
NV	32003003270	760510	0	0.294	0.	36.2263428	-115.3285366
NV	32003003303	2490916	0	0.962	0.	36.270945	-115.2521876
NV	32003003305	3242390	0	1.252	0.	36.2556475	-115.2367681
NV	32003003306	2653099	0	1.024	0.	36.2538667	-115.2164492
NV	32003003307	2734968	0	1.056	0.	36.2686888	-115.2161055
NV	32003003308	2390105	0	0.923	0.	36.2691264	-115.2336141
NV	32003003309	3257366	0	1.258	0.	36.2853003	-115.2154544
NV	32003003311	1245813	0	0.481	0.	36.2982064	-115.2154981
NV	32003003312	2511167	0	0.97	0.	36.3107976	-115.2229969
NV	32003003313	1248684	0	0.482	0.	36.3095671	-115.2114422
NV	32003003314	15794569	8791	6.098	0.003	36.3251871	-115.2630783
NV	32003003315	1006209	0	0.388	0.	36.3111901	-115.2877278
NV	32003003316	6958167	0	2.687	0.	36.3261321	-115.2948764
NV	32003003317	899635	0	0.347	0.	36.3049064	-115.2857125
NV	32003003318	2251894	0	0.869	0.	36.300077	-115.2755281
NV	32003003319	1707320	0	0.659	0.	36.300188	-115.2646228
NV	32003003320	4150862	0	1.603	0.	36.2844541	-115.2577293
NV	32003003321	2576956	0	0.995	0.	36.2979117	-115.2510967
NV	32003003322	5746591	0	2.219	0.	36.2922397	-115.233775
NV	32003003323	1317124	0	0.509	0.	36.3088922	-115.2515682
NV	32003003408	2015214	0	0.778	0.	36.240453	-115.2535888
NV	32003003409	1718422	0	0.663	0.	36.2396146	-115.2407916
NV	32003003410	2166741	0	0.837	0.	36.2430263	-115.2218977
NV	32003003411	2043478	0	0.789	0.	36.2256681	-115.2536663
NV	32003003412	1892138	0	0.731	0.	36.2254206	-115.2403615
NV	32003003413	2594524	0	1.002	0.	36.2249429	-115.2266042
NV	32003003414	3195121	0	1.234	0.	36.2305459	-115.2160812
NV	32003003415	3986138	0	1.539	0.	36.2095059	-115.2456103
NV	32003003416	1209898	0	0.467	0.	36.2139141	-115.233881
NV	32003003418	1185723	0	0.458	0.	36.1997776	-115.2524662
NV	32003003419	1513418	0	0.584	0.	36.1995618	-115.2341282
NV	32003003420	1307968	0	0.505	0.	36.1992602	-115.2148496
NV	32003003421	1156242	0	0.446	0.	36.1924112	-115.2523283
NV	32003003422	1497502	0	0.578	0.	36.1922133	-115.2342586
NV	32003003423	1975418	0	0.763	0.	36.1894852	-115.2165348
NV	32003003426	1248000	0	0.482	0.	36.2099607	-115.2202394
NV	32003003427	1202169	0	0.464	0.	36.2093426	-115.2112784
NV	32003003428	663150	0	0.256	0.	36.2017264	-115.2028354
NV	32003003429	1502509	0	0.58	0.	36.1927977	-115.1977176
NV	32003003430	642547	0	0.248	0.	36.1920513	-115.174353
NV	32003003431	749216	0	0.289	0.	36.1924474	-115.1842582
NV	32003003500	983593	0	0.38	0.	36.1993503	-115.1585536
NV	32003003609	2668824	0	1.03	0.	36.2394002	-115.1984739
NV	32003003610	2703323	0	1.044	0.	36.2394144	-115.1802273
NV	32003003613	2606001	0	1.006	0.	36.2248012	-115.1798033
NV	32003003615	2568091	0	0.992	0.	36.2396345	-115.1255528
NV	32003003616	8744655	0	3.376	0.	36.2077284	-115.1827474
NV	32003003617	1339424	0	0.517	0.	36.2104079	-115.156451
NV	32003003619	1689950	0	0.652	0.	36.289807	-115.1899001
NV	32003003620	2317376	0	0.895	0.	36.2834371	-115.1782641
NV	32003003621	2046821	0	0.79	0.	36.3000836	-115.179923
NV	32003003626	7989429	0	3.085	0.	36.2446091	-115.1130517
NV	32003003627	1559905	0	0.602	0.	36.2718862	-115.1087789
NV	32003003630	2690222	0	1.039	0.	36.2541516	-115.1983251
NV	32003003631	1314765	0	0.508	0.	36.2689063	-115.1843154
NV	32003003632	1326618	0	0.512	0.	36.2691396	-115.1754329
NV	32003003633	1338831	0	0.517	0.	36.2541318	-115.1845804
NV	32003003634	1358922	0	0.525	0.	36.2541672	-115.1754469
NV	32003003635	1529248	0	0.59	0.	36.2680682	-115.1655868
NV	32003003636	1111088	0	0.429	0.	36.27045	-115.1572617
NV	32003003637	1356184	0	0.524	0.	36.2727333	-115.1439828
NV	32003003638	1389111	0	0.536	0.	36.2652186	-115.1440702
NV	32003003639	1392410	0	0.538	0.	36.2580007	-115.1444189
NV	32003003640	4047981	0	1.563	0.	36.2418986	-115.1574371
NV	32003003641	2752724	0	1.063	0.	36.2412594	-115.141472
NV	32003003642	2619137	0	1.011	0.	36.2250523	-115.1431647
NV	32003003643	1297390	0	0.501	0.	36.2283791	-115.1618362
NV	32003003644	1297810	0	0.501	0.	36.2212629	-115.1614048
NV	32003003645	1311957	0	0.507	0.	36.2247504	-115.1933379
NV	32003003646	1415317	0	0.546	0.	36.2245555	-115.2026616
NV	32003003647	2283918	0	0.882	0.	36.2619805	-115.0916245
NV	32003003648	3956881	0	1.528	0.	36.2797964	-115.0893054
NV	32003003649	20620798	112001	7.962	0.043	36.2722875	-115.0436591
NV	32003003650	1274880	0	0.492	0.	36.2578419	-115.125794
NV	32003003651	1293115	0	0.499	0.	36.250586	-115.1258056
NV	32003003652	1330990	0	0.514	0.	36.2688344	-115.1303695
NV	32003003653	1323894	0	0.511	0.	36.2689636	-115.1214237
NV	32003003654	814911	0	0.315	0.	36.2586895	-115.1610922
NV	32003003655	1724866	0	0.666	0.	36.2519261	-115.1628572
NV	32003003656	2052700	0	0.793	0.	36.2823926	-115.1251372
NV	32003003657	24408600	0	9.424	0.	36.3021131	-115.1397821
NV	32003003658	1423464	0	0.55	0.	36.2880741	-115.1611213
NV	32003003659	1955102	0	0.755	0.	36.2881377	-115.1417908
NV	32003003660	1365812	0	0.527	0.	36.2802675	-115.1621395
NV	32003003661	1341982	0	0.518	0.	36.2801571	-115.1440112
NV	32003003662	2633268	0	1.017	0.	36.3059412	-115.1981475
NV	32003003663	1655671	0	0.639	0.	36.2917948	-115.2009637
NV	32003003664	1075762	0	0.415	0.	36.2799516	-115.2000899
NV	32003003665	1242383	0	0.48	0.	36.2684486	-115.2023142
NV	32003003666	1587813	0	0.613	0.	36.2703	-115.1930793
NV	32003003700	4564791	0	1.762	0.	36.2077169	-115.1414214
NV	32003003800	2220399	0	0.857	0.	36.1964004	-115.1304242
NV	32003004000	1097145	0	0.424	0.	36.1910182	-115.1230878
NV	32003004100	1346450	0	0.52	0.	36.1920889	-115.1072074
NV	32003004200	1395941	0	0.539	0.	36.2041354	-115.102485
NV	32003004301	368339	0	0.142	0.	36.2053587	-115.1107992
NV	32003004302	839425	0	0.324	0.	36.1997128	-115.1126924
NV	32003004401	636049	0	0.246	0.	36.2074176	-115.1162843
NV	32003004402	781110	0	0.302	0.	36.2064415	-115.126519
NV	32003004500	1351279	0	0.522	0.	36.2135822	-115.1175467
NV	32003004601	1705803	0	0.659	0.	36.2232408	-115.1133557
NV	32003004602	2466744	0	0.952	0.	36.2260252	-115.1031914
NV	32003004703	1730597	0	0.668	0.	36.2351412	-115.0727683
NV	32003004707	1359063	0	0.525	0.	36.199416	-115.0892599
NV	32003004709	1301127	0	0.502	0.	36.1922548	-115.071056
NV	32003004710	1346230	0	0.52	0.	36.192002	-115.0892934
NV	32003004712	2303664	0	0.889	0.	36.2246846	-115.0700167
NV	32003004713	1799851	0	0.695	0.	36.2157423	-115.0875995
NV	32003004714	1382266	0	0.534	0.	36.2248357	-115.0942741
NV	32003004715	1436300	0	0.555	0.	36.2364181	-115.0892448
NV	32003004716	907319	0	0.35	0.	36.22761	-115.0851894
NV	32003004717	1314126	0	0.507	0.	36.2067463	-115.0893028
NV	32003004907	2748914	0	1.061	0.	36.1667293	-115.0351887
NV	32003004910	610698	0	0.236	0.	36.1516767	-115.0452236
NV	32003004911	1050918	0	0.406	0.	36.1401952	-115.0558287
NV	32003004912	1394209	0	0.538	0.	36.153671	-115.0528801
NV	32003004914	1340654	0	0.518	0.	36.1778082	-115.0530951
NV	32003004915	1367666	0	0.528	0.	36.1851757	-115.0530325
NV	32003004916	1349140	0	0.521	0.	36.1925615	-115.0530504
NV	32003004917	1263809	0	0.488	0.	36.1923412	-115.0349408
NV	32003004918	1344606	0	0.519	0.	36.1851248	-115.034727
NV	32003004919	1311964	0	0.507	0.	36.1777851	-115.0347427
NV	32003004920	1299483	0	0.502	0.	36.1705474	-115.0533109
NV	32003004921	1330854	0	0.514	0.	36.1630854	-115.0533978
NV	32003004923	1038872	0	0.401	0.	36.1534607	-115.0331059
NV	32003004924	1423538	0	0.55	0.	36.1477546	-115.0594115
NV	32003004925	1044024	0	0.403	0.	36.1507473	-115.0392197
NV	32003004926	1341372	0	0.518	0.	36.1408824	-115.0382309
NV	32003005005	1317667	0	0.509	0.	36.1223522	-115.060626
NV	32003005006	1357929	0	0.524	0.	36.1333773	-115.0563301
NV	32003005007	1287775	0	0.497	0.	36.1223119	-115.0517514
NV	32003005010	2812256	0	1.086	0.	36.0897011	-115.0488686
NV	32003005011	936752	0	0.362	0.	36.0951284	-115.0594807
NV	32003005012	935497	0	0.361	0.	36.1041497	-115.0401637
NV	32003005013	2223835	0	0.859	0.	36.1297893	-115.0361454
NV	32003005014	1289655	0	0.498	0.	36.1089953	-115.0547549
NV	32003005015	3436856	0	1.327	0.	36.1165238	-115.0407124
NV	32003005016	7281748	0	2.811	0.	36.0923505	-115.0184107
NV	32003005017	1335147	0	0.516	0.	36.0898244	-115.0289912
NV	32003005102	1926727	0	0.744	0.	36.0611204	-115.0899456
NV	32003005103	1991459	0	0.769	0.	36.0633292	-115.0768259
NV	32003005104	1092445	0	0.422	0.	36.0609871	-115.0647449
NV	32003005106	792160	0	0.306	0.	36.0535578	-115.0752848
NV	32003005107	1373020	0	0.53	0.	36.050558	-115.0614349
NV	32003005108	1443103	0	0.557	0.	36.0485775	-115.0510218
NV	32003005110	3194538	0	1.233	0.	36.0755261	-115.0642325
NV	32003005111	2054557	0	0.793	0.	36.0742234	-115.0516618
NV	32003005112	12284629	0	4.743	0.	36.0487198	-115.0120595
NV	32003005113	4139876	0	1.598	0.	36.0644485	-115.0411659
NV	32003005114	1929194	0	0.745	0.	36.078194	-115.0345165
NV	32003005115	1868159	0	0.721	0.	36.0416833	-115.0384014
NV	32003005116	1668736	0	0.644	0.	36.051063	-115.0362855
NV	32003005200	2403328	0	0.928	0.	36.03201	-114.9882972
NV	32003005311	653792	0	0.252	0.	36.0459281	-115.1137268
NV	32003005312	985720	0	0.381	0.	36.0478365	-115.1047641
NV	32003005313	2138736	0	0.826	0.	36.0483799	-115.0917886
NV	32003005314	1285326	0	0.496	0.	36.0458868	-115.0759874
NV	32003005316	1396742	0	0.539	0.	36.0384343	-115.1090011
NV	32003005317	2638838	0	1.019	0.	36.0343812	-115.0917985
NV	32003005318	1632509	0	0.63	0.	36.0354608	-115.0749951
NV	32003005319	1441604	0	0.557	0.	36.027009	-115.1080689
NV	32003005320	888584	0	0.343	0.	36.0311016	-115.1071133
NV	32003005321	1592208	0	0.615	0.	36.029167	-115.0727078
NV	32003005322	2172404	0	0.839	0.	36.0171379	-115.1107683
NV	32003005333	1398027	0	0.54	0.	36.023285	-115.0718038
NV	32003005335	4213389	0	1.627	0.	36.0199405	-114.9853741
NV	32003005336	1943058	0	0.75	0.	36.0224432	-114.9678162
NV	32003005337	1407817	0	0.544	0.	36.0170278	-115.0726768
NV	32003005338	1308823	0	0.505	0.	36.0093961	-115.0742314
NV	32003005341	1021519	0	0.394	0.	36.0080368	-114.9817752
NV	32003005342	1664300	0	0.643	0.	36.0064036	-114.9698911
NV	32003005343	2580732	0	0.996	0.	36.0051531	-114.9524078
NV	32003005346	2382901	0	0.92	0.	35.9977406	-115.1133289
NV	32003005347	8984732	0	3.469	0.	35.9764482	-115.1278596
NV	32003005348	3257767	0	1.258	0.	35.983941	-115.1137465
NV	32003005349	2607944	0	1.007	0.	36.0114022	-115.1013456
NV	32003005350	1833148	0	0.708	0.	36.0139704	-115.0884941
NV	32003005351	1879259	0	0.726	0.	36.0003629	-115.093662
NV	32003005352	1664074	0	0.643	0.	36.0213119	-115.0561374
NV	32003005353	1510488	0	0.583	0.	36.0261887	-115.0380021
NV	32003005354	2025251	0	0.782	0.	36.0274431	-115.0194645
NV	32003005355	7112050	0	2.746	0.	35.9935108	-115.0722043
NV	32003005356	3886724	0	1.501	0.	36.0062454	-115.0541113
NV	32003005358	1083641	0	0.418	0.	35.9903244	-114.9905119
NV	32003005360	5629381	0	2.174	0.	35.9906608	-114.9456023
NV	32003005361	1673959	0	0.646	0.	35.9989418	-114.9836943
NV	32003005362	2917343	0	1.126	0.	35.9908206	-114.9727435
NV	32003005363	985472	0	0.38	0.	36.03344	-115.0403626
NV	32003005364	2697679	0	1.042	0.	36.0377928	-115.0583308
NV	32003005365	6774325	0	2.616	0.	36.0100152	-115.0312543
NV	32003005366	6249374	0	2.413	0.	36.0104607	-115.0048175
NV	32003005421	1262308	0	0.487	0.	36.0564791	-114.9627121
NV	32003005422	2150500	0	0.83	0.	36.0419262	-114.9704864
NV	32003005423	1920679	0	0.742	0.	36.0332495	-114.9636101
NV	32003005432	2430107	0	0.938	0.	36.0203084	-114.9493378
NV	32003005433	2975271	0	1.149	0.	36.006154	-114.9336564
NV	32003005434	5010769	0	1.935	0.	36.0329472	-114.9443249
NV	32003005435	68257289	0	26.354	0.	36.0405188	-114.9085865
NV	32003005437	17708370	1272345	6.837	0.491	36.1045511	-114.9246307
NV	32003005438	2219935	0	0.857	0.	36.0496485	-114.9847793
NV	32003005439	1207921	0	0.466	0.	36.0635638	-115.001289
NV	32003005440	4596418	0	1.775	0.	36.0713685	-114.9972718
NV	32003005441	6652575	0	2.569	0.	36.0819503	-114.9700417
NV	32003005442	5697275	0	2.2	0.	36.0625918	-114.9781255
NV	32003005501	54648892	83408	21.1	0.032	35.9496335	-114.8714365
NV	32003005502	39441904	0	15.229	0.	35.9588901	-114.807566
NV	32003005503	1593280	0	0.615	0.	35.9728805	-114.8347863
NV	32003005504	1712634	0	0.661	0.	35.963676	-114.8350406
NV	32003005607	2577919	31061	0.995	0.012	36.8027717	-114.0821575
NV	32003005612	2558781	0	0.988	0.	36.5407786	-114.4428999
NV	32003005613	2136510227	290469719	824.911	112.151	36.3640977	-114.6058235
NV	32003005614	2366625	0	0.914	0.	36.8015746	-114.098212
NV	32003005615	3148494	654280	1.216	0.253	36.7906476	-114.1165693
NV	32003005702	18818385	2560814	7.266	0.989	35.1433175	-114.5984925
NV	32003005703	3643492570	59123631	1406.76	22.828	35.5658951	-114.9274382
NV	32003005704	880931	0	0.34	0.	35.1363309	-114.6264412
NV	32003005705	224201745	1378501	86.565	0.532	35.1485812	-114.7375884
NV	32003005711	569502465	0	219.886	0.	35.8655736	-115.0847823
NV	32003005713	3486145	0	1.346	0.	35.9324481	-115.0923533
NV	32003005715	5008577	0	1.934	0.	35.9638876	-115.084091
NV	32003005716	2275301	0	0.878	0.	35.9455561	-115.0859115
NV	32003005717	3488474	0	1.347	0.	35.95108	-115.1250983
NV	32003005718	1060878	0	0.41	0.	35.9355332	-115.1061794
NV	32003005719	3029475	0	1.17	0.	35.9282411	-115.1149865
NV	32003005720	39937091	0	15.42	0.	35.9337008	-115.1647188
NV	32003005721	2985430	0	1.153	0.	35.949224	-115.1066169
NV	32003005722	3837739	0	1.482	0.	35.9649897	-115.1049677
NV	32003005803	1465266	0	0.566	0.	36.1523718	-115.3104547
NV	32003005804	1605125	0	0.62	0.	36.152047	-115.3000184
NV	32003005805	2232259	0	0.862	0.	36.1508102	-115.2872916
NV	32003005806	1310078	0	0.506	0.	36.1371619	-115.310805
NV	32003005807	1303568	0	0.503	0.	36.1370413	-115.3018252
NV	32003005808	1187990	0	0.459	0.	36.1373628	-115.2931959
NV	32003005809	1362396	113050	0.526	0.044	36.1366724	-115.2850008
NV	32003005813	1299363	0	0.502	0.	36.1075559	-115.2835234
NV	32003005818	526676588	0	203.351	0.	36.4692085	-115.7785197
NV	32003005822	2001807	0	0.773	0.	36.1654818	-115.3456991
NV	32003005824	1502122	0	0.58	0.	36.1758733	-115.3463718
NV	32003005825	1329332	0	0.513	0.	36.1259942	-115.2880328
NV	32003005826	1330855	0	0.514	0.	36.1186117	-115.2880347
NV	32003005828	2579350	0	0.996	0.	36.0050946	-115.2890628
NV	32003005829	1505010	0	0.581	0.	36.0162852	-115.2888038
NV	32003005830	1447041	0	0.559	0.	36.0162214	-115.2705603
NV	32003005831	6394195	0	2.469	0.	36.0113981	-115.2471918
NV	32003005834	10844168	0	4.187	0.	36.0189057	-115.1936024
NV	32003005835	1346445	0	0.52	0.	35.9949426	-115.2162285
NV	32003005836	1165419	0	0.45	0.	35.9884049	-115.2146093
NV	32003005837	1864215	0	0.72	0.	35.993069	-115.1972121
NV	32003005839	25588743	0	9.88	0.	35.9399	-115.2122865
NV	32003005841	4190454	0	1.618	0.	36.1440338	-115.3434778
NV	32003005842	4290283	0	1.656	0.	36.1183622	-115.3412029
NV	32003005843	3055026	0	1.18	0.	36.1516982	-115.3262228
NV	32003005844	2809422	0	1.085	0.	36.1353551	-115.328675
NV	32003005845	1859996	0	0.718	0.	36.1297454	-115.3192672
NV	32003005846	4315314	0	1.666	0.	36.103059	-115.3217515
NV	32003005847	1320893	0	0.51	0.	36.1075789	-115.3106651
NV	32003005848	1379309	0	0.533	0.	36.1066208	-115.3014016
NV	32003005849	1360399	0	0.525	0.	36.1084294	-115.2927248
NV	32003005850	1332454	0	0.514	0.	36.092656	-115.310923
NV	32003005852	1975664	0	0.763	0.	36.0739054	-115.3112467
NV	32003005855	2517269	0	0.972	0.	36.0478083	-115.2897574
NV	32003005856	1864999	0	0.72	0.	36.0372782	-115.2871563
NV	32003005857	2070583	0	0.799	0.	36.026142	-115.287084
NV	32003005858	118435397	0	45.728	0.	36.0860921	-115.3743569
NV	32003005859	712991	0	0.275	0.	36.0591511	-115.2856053
NV	32003005860	4716138	0	1.821	0.	36.0720403	-115.2888883
NV	32003005861	346708	0	0.134	0.	35.9872479	-115.1870575
NV	32003005862	1980655	0	0.765	0.	35.983421	-115.1845953
NV	32003005863	682351	0	0.263	0.	36.088836	-115.3020011
NV	32003005864	3378089	0	1.304	0.	36.0933445	-115.2910457
NV	32003005865	2617822	0	1.011	0.	36.0060067	-115.2166783
NV	32003005866	4972197	0	1.92	0.	36.0153317	-115.2227141
NV	32003005867	1266729	0	0.489	0.	35.9877566	-115.252445
NV	32003005868	1287571	0	0.497	0.	35.9948854	-115.2525461
NV	32003005869	665497	0	0.257	0.	36.0665003	-115.3022801
NV	32003005870	689587	0	0.266	0.	36.0738969	-115.3023037
NV	32003005871	681163	0	0.263	0.	36.0813792	-115.3021503
NV	32003005872	335586834	0	129.571	0.	36.2137603	-115.4517817
NV	32003005873	1596117	0	0.616	0.	36.1646953	-115.3599303
NV	32003005874	1253180	0	0.484	0.	36.1262921	-115.3065253
NV	32003005875	1394571	0	0.538	0.	36.1190868	-115.3055123
NV	32003005876	1002003980	0	386.876	0.	35.8721842	-115.5831349
NV	32003005877	418437714	0	161.56	0.	35.9198678	-115.3392692
NV	32003005902	5650775871	2569053	2181.777	0.992	36.6788752	-115.1765047
NV	32003005903	10703636	0	4.133	0.	36.8288504	-114.0783547
NV	32003005904	51720779	0	19.97	0.	36.8095566	-114.1444944
NV	32003005905	3031874	0	1.171	0.	36.8266832	-114.0567845
NV	32003006001	9456126	0	3.651	0.	36.2510764	-115.0691184
NV	32003006103	1373082	0	0.53	0.	36.1934596	-115.0173467
NV	32003006104	108464590	0	41.878	0.	36.146885	-114.9675692
NV	32003006201	2564865	0	0.99	0.	36.207269	-115.05295
NV	32003006202	1170521	0	0.452	0.	36.19931	-115.0352708
NV	32003006203	739669	0	0.286	0.	36.2061501	-115.0362598
NV	32003006204	6620646	0	2.556	0.	36.2143277	-115.0228508
NV	32003006700	4716625	0	1.821	0.	36.1137698	-115.17044
NV	32003006800	15451024	0	5.966	0.	36.0849785	-115.1538888
NV	32003006900	4001448	0	1.545	0.	36.0788934	-115.1051817
NV	32003007100	3919292	0	1.513	0.	36.2068787	-115.0711975
NV	32003007200	14862199	0	5.738	0.	36.1973177	-114.9942222
NV	32003007500	1768685551	15624	682.893	0.006	36.2560768	-115.6098388
NV	32003007600	2322470071	79975129	896.711	30.879	36.4213092	-114.2068706
NV	32003007801	1216373	0	0.47	0.	36.2325084	-115.0571407
NV	32003007802	136220775	0	52.595	0.	36.2577207	-114.9556442
NV	32003007900	1417921	0	0.547	0.	36.1623747	-115.1440194
NV	32005001000	5454891	0	2.106	0.	38.9083121	-119.7305006
NV	32005001100	3402675	0	1.314	0.	38.8871007	-119.7329987
NV	32005001200	10253538	0	3.959	0.	38.8994399	-119.7588305
NV	32005001300	94420399	15968	36.456	0.006	38.9205917	-119.8259356
NV	32005001400	7081682	49380	2.734	0.019	38.9584747	-119.7688496
NV	32005001500	10057120	0	3.883	0.	38.9354339	-119.7365711
NV	32005001600	57708530	2026394	22.281	0.782	39.0592102	-119.9327905
NV	32005001700	16602386	607890	6.41	0.235	38.9964636	-119.9174927
NV	32005001800	24384101	0	9.415	0.	38.9639654	-119.9039317
NV	32005001900	147139991	141804	56.811	0.055	39.0409366	-119.8367296
NV	32005002000	9580920	0	3.699	0.	39.0970983	-119.7900673
NV	32005002100	6806152	281	2.628	0.	39.0937658	-119.7660256
NV	32005002200	108387800	478135	41.849	0.185	39.0254754	-119.7244026
NV	32005002300	665518818	347147	256.958	0.134	38.9871606	-119.5255677
NV	32005002400	369659652	1180533	142.726	0.456	38.8206762	-119.5898293
NV	32005002500	303824370	3957865	117.307	1.528	38.6702583	-119.3853858
NV	32005990000	0	63376813	0.	24.47	39.0496953	-119.975373
NV	32007950200	7401761666	21991537	2857.836	8.491	40.6298333	-115.0099297
NV	32007950701	10510858	0	4.058	0.	40.8460544	-115.8070351
NV	32007950702	3351669075	406459	1294.087	0.157	41.0931599	-115.7874914
NV	32007950800	2093189	0	0.808	0.	40.8424241	-115.7600025
NV	32007950900	4502277	0	1.738	0.	40.8266785	-115.7924947
NV	32007951000	4471008	0	1.726	0.	40.819203	-115.7902191
NV	32007951201	59682395	24561	23.044	0.009	40.6992089	-115.5530621
NV	32007951202	2839058426	4305848	1096.167	1.662	40.4717845	-115.7940149
NV	32007951300	7829039	0	3.023	0.	40.8476153	-115.7377141
NV	32007951401	300835822	67090	116.153	0.026	40.9284006	-115.5329201
NV	32007951403	11731240	0	4.529	0.	40.7434562	-115.6020007
NV	32007951404	823032446	1701291	317.775	0.657	40.8113447	-115.4214993
NV	32007951500	8676389839	9099962	3349.973	3.514	40.8598795	-114.3135787
NV	32007951600	1148319425	252002	443.369	0.097	40.685529	-116.0170133
NV	32007951700	19836760364	37308055	7659.016	14.405	41.626943	-115.7282311
NV	32009950100	9277050177	18552010	3581.889	7.163	37.7789658	-117.6323824
NV	32011000100	10814982418	11058701	4175.688	4.27	39.9777878	-116.2722082
NV	32013010501	20277574200	26185681	7829.216	10.11	41.5141573	-118.2841989
NV	32013010502	94420140	0	36.456	0.	40.8912095	-117.8303489
NV	32013010600	4400671671	18009218	1699.109	6.953	41.0333377	-117.3314832
NV	32013010701	7274517	0	2.809	0.	40.9612836	-117.7271814
NV	32013010702	189594855	0	73.203	0.	40.9215861	-117.6743515
NV	32015000301	1390489143	123913	536.871	0.048	40.8129386	-116.7812065
NV	32015000302	12904294061	538357	4982.376	0.208	39.8011327	-117.0300619
NV	32017950100	9519523970	1748646	3675.509	0.675	38.1591637	-114.4983787
NV	32017950200	18020818282	8054067	6957.877	3.11	37.4680496	-115.0589325
NV	32019960103	107769526	17762483	41.61	6.858	39.6088405	-119.1529825
NV	32019960104	1712817	0	0.661	0.	39.6017467	-119.2424272
NV	32019960105	2896614	0	1.118	0.	39.591988	-119.2351203
NV	32019960106	127481799	0	49.221	0.	39.5527359	-119.1842208
NV	32019960107	3289112	0	1.27	0.	39.5940013	-119.2156115
NV	32019960108	9198241	0	3.551	0.	39.5878888	-119.1606211
NV	32019960203	332732359	0	128.469	0.	39.2841351	-119.3185863
NV	32019960204	312701132	0	120.735	0.	39.4538313	-119.3221727
NV	32019960205	22573239	0	8.716	0.	39.3674704	-119.2165451
NV	32019960206	638937906	28313159	246.695	10.932	39.2909318	-119.0674828
NV	32019960301	34364804	89507	13.268	0.035	39.2341765	-119.668628
NV	32019960303	448539650	199948	173.182	0.077	39.2270477	-119.4743459
NV	32019960304	30031223	0	11.595	0.	39.2819697	-119.5405646
NV	32019960305	40230005	0	15.533	0.	39.2634665	-119.5964696
NV	32019960801	466838730	9402527	180.247	3.63	38.9158763	-119.2464264
NV	32019960802	1844829494	0	712.293	0.	38.664343	-119.1087545
NV	32019960901	4113192	0	1.588	0.	38.9846779	-119.1678669
NV	32019960902	759644452	3721497	293.3	1.437	39.0775786	-119.0752639
NV	32021970700	489901881	457479	189.152	0.177	38.5468885	-118.6593672
NV	32021970800	9225875588	155407034	3562.131	60.003	38.516647	-118.4162794
NV	32023960100	22498479866	15866487	8686.712	6.126	38.6693907	-116.3756869
NV	32023960200	7759280323	4386983	2995.875	1.694	38.1235057	-116.677517
NV	32023960300	4172441317	5908565	1610.989	2.281	36.9171647	-116.7407067
NV	32023960405	83903010	372	32.395	0.	36.1115725	-116.0023666
NV	32023960407	9289358	29354	3.587	0.011	36.1943458	-115.9910702
NV	32023960408	25144050	229	9.708	0.	36.1794769	-116.0322279
NV	32023960409	24871139	10132	9.603	0.004	36.1663387	-115.9485053
NV	32023960410	151086695	9042	58.335	0.003	36.0738747	-115.9050624
NV	32023960411	1264408792	79720	488.191	0.031	36.4957445	-116.0156905
NV	32023960412	152862412	306262	59.021	0.118	36.2390207	-115.9339153
NV	32023960413	21845796	4273	8.435	0.002	36.2379896	-116.0281577
NV	32023960414	9304103	5254	3.592	0.002	36.2086724	-116.0209879
NV	32023960415	12589490	1552	4.861	0.001	36.2284476	-116.063474
NV	32023960416	79015492	866	30.508	0.	36.2306844	-116.1149663
NV	32023980500	10826417371	16598890	4180.103	6.409	37.3124044	-116.4307324
NV	32027960100	15634691978	79934815	6036.589	30.863	40.439639	-118.4094765
NV	32029970200	683238145	1881143	263.8	0.726	39.4383853	-119.5246462
NV	32031000103	871213	0	0.336	0.	39.5294266	-119.8213696
NV	32031000104	557004	0	0.215	0.	39.525225	-119.8184375
NV	32031000105	1988339	0	0.768	0.	39.5335361	-119.7969587
NV	32031000106	520809	0	0.201	0.	39.5273959	-119.8093521
NV	32031000201	1075449	0	0.415	0.	39.5094801	-119.7970919
NV	32031000202	826399	0	0.319	0.	39.5210695	-119.8059094
NV	32031000301	681167	0	0.263	0.	39.5133657	-119.8148248
NV	32031000302	838600	0	0.324	0.	39.511759	-119.8093488
NV	32031000401	1614315	0	0.623	0.	39.514064	-119.8312331
NV	32031000402	1424089	0	0.55	0.	39.5136436	-119.8213275
NV	32031000701	977580	0	0.377	0.	39.5165766	-119.7961942
NV	32031000702	1298402	0	0.501	0.	39.5251086	-119.7960505
NV	32031000900	1197260	0	0.462	0.	39.5007661	-119.7949112
NV	32031001005	2476147	4238	0.956	0.002	39.4846383	-119.8021414
NV	32031001010	5600703	0	2.162	0.	39.4010929	-119.7695455
NV	32031001011	7494953	0	2.894	0.	39.4182357	-119.7741431
NV	32031001012	10840522	0	4.186	0.	39.4537464	-119.7912879
NV	32031001013	39582634	0	15.283	0.	39.4216634	-119.8206325
NV	32031001014	7560668	163229	2.919	0.063	39.4711102	-119.8390836
NV	32031001015	5186603	0	2.003	0.	39.4877701	-119.8214476
NV	32031001016	609671	80078	0.235	0.031	39.5001273	-119.8044174
NV	32031001017	154591	0	0.06	0.	39.4970293	-119.8101288
NV	32031001018	397334	0	0.153	0.	39.4931628	-119.8023338
NV	32031001019	212528	0	0.082	0.	39.4934876	-119.8096702
NV	32031001101	1612007	0	0.622	0.	39.5120278	-119.842378
NV	32031001103	11941090	36610	4.61	0.014	39.4892616	-119.8718506
NV	32031001104	3995318	0	1.543	0.	39.4926319	-119.8353409
NV	32031001105	4159675	0	1.606	0.	39.4979018	-119.8509189
NV	32031001201	4593242	0	1.773	0.	39.514393	-119.8710923
NV	32031001203	770064	0	0.297	0.	39.5227912	-119.8550877
NV	32031001204	1302669	0	0.503	0.	39.5243814	-119.837442
NV	32031001300	1589098	0	0.614	0.	39.5326061	-119.8397755
NV	32031001400	997967	0	0.385	0.	39.5358477	-119.8245448
NV	32031001501	3678260	0	1.42	0.	39.5574664	-119.8110185
NV	32031001503	1617753	0	0.625	0.	39.5430127	-119.805326
NV	32031001504	1443716	0	0.557	0.	39.5442526	-119.8158529
NV	32031001701	1303971	0	0.503	0.	39.5517399	-119.7932869
NV	32031001703	1105081	0	0.427	0.	39.5506733	-119.7825376
NV	32031001704	1460789	0	0.564	0.	39.5612985	-119.7850686
NV	32031001801	888556	0	0.343	0.	39.5410724	-119.7932928
NV	32031001802	876203	43436	0.338	0.017	39.5413776	-119.7806038
NV	32031001901	1053624	0	0.407	0.	39.5386391	-119.7718839
NV	32031001903	941219	0	0.363	0.	39.542409	-119.7618809
NV	32031001904	626999	0	0.242	0.	39.5365157	-119.7586888
NV	32031002103	23674618	14478	9.141	0.006	39.4841063	-119.7065137
NV	32031002104	7892742	5340	3.047	0.002	39.4790979	-119.7320585
NV	32031002105	1521504	0	0.587	0.	39.4893133	-119.7427542
NV	32031002106	1190215	0	0.46	0.	39.4839436	-119.7547749
NV	32031002107	2364133	127559	0.913	0.049	39.5190407	-119.7835119
NV	32031002204	4040241	0	1.56	0.	39.4725159	-119.7773819
NV	32031002207	5431806	0	2.097	0.	39.4194466	-119.7417189
NV	32031002208	3245603	0	1.253	0.	39.4326621	-119.7546505
NV	32031002210	33005015	0	12.743	0.	39.4167422	-119.6898807
NV	32031002211	1912951	0	0.739	0.	39.4931725	-119.7885978
NV	32031002212	1022398	0	0.395	0.	39.4888933	-119.7798264
NV	32031002213	2095529	0	0.809	0.	39.4438024	-119.7354607
NV	32031002214	6307427	184664	2.435	0.071	39.4518998	-119.7459275
NV	32031002215	2437337	0	0.941	0.	39.4628317	-119.7649639
NV	32031002216	2280776	0	0.881	0.	39.4478459	-119.7669556
NV	32031002217	2668552	0	1.03	0.	39.4383282	-119.7238482
NV	32031002218	1862411	0	0.719	0.	39.4230201	-119.72357
NV	32031002219	2459480	0	0.95	0.	39.4096774	-119.7268564
NV	32031002302	42904703	626605	16.566	0.242	39.515618	-119.9760615
NV	32031002303	20036766	0	7.736	0.	39.5533581	-119.9349098
NV	32031002304	6510494	0	2.514	0.	39.5249311	-119.9340557
NV	32031002401	2357849	53792	0.91	0.021	39.5446584	-119.8532148
NV	32031002406	2206867	0	0.852	0.	39.5329405	-119.8559625
NV	32031002407	2257872	0	0.872	0.	39.5383431	-119.8763787
NV	32031002408	1964523	0	0.759	0.	39.5352442	-119.8899471
NV	32031002409	6342981	0	2.449	0.	39.5304738	-119.9068186
NV	32031002411	2426958	0	0.937	0.	39.5250955	-119.8736875
NV	32031002412	6284282	90604	2.426	0.035	39.5555	-119.8961005
NV	32031002413	1160348	0	0.448	0.	39.5227789	-119.8899468
NV	32031002414	559250	0	0.216	0.	39.5169065	-119.8943754
NV	32031002500	4975812	24159	1.921	0.009	39.5498168	-119.8345857
NV	32031002603	15131183	1973899	5.842	0.762	39.6676563	-119.9170238
NV	32031002610	4143441	17600	1.6	0.007	39.6311954	-119.8913421
NV	32031002611	9446612	3321616	3.647	1.282	39.6499576	-119.8443248
NV	32031002612	35986610	4519534	13.895	1.745	39.648393	-119.9652218
NV	32031002613	24433608	0	9.434	0.	39.7014961	-119.9688824
NV	32031002614	2401735	0	0.927	0.	39.6208529	-119.8765065
NV	32031002615	4376060	0	1.69	0.	39.6283513	-119.8616645
NV	32031002616	1760390	0	0.68	0.	39.6371379	-119.876077
NV	32031002618	74663506	213306	28.828	0.082	39.6793695	-119.8380025
NV	32031002620	5954482	0	2.299	0.	39.5808089	-119.8386354
NV	32031002621	14861446	0	5.738	0.	39.6102311	-119.8842351
NV	32031002622	3800464	0	1.467	0.	39.5738601	-119.8190856
NV	32031002623	6649608	0	2.567	0.	39.5933307	-119.8174584
NV	32031002703	5092760	0	1.966	0.	39.5769368	-119.7918495
NV	32031002704	5411193	0	2.089	0.	39.5758966	-119.7692841
NV	32031002705	23990120	0	9.263	0.	39.6228838	-119.780719
NV	32031002706	2734458	0	1.056	0.	39.606466	-119.768767
NV	32031002707	4810107	0	1.857	0.	39.5965779	-119.7602053
NV	32031002801	3262074	0	1.259	0.	39.5579534	-119.7648853
NV	32031002802	1437095	0	0.555	0.	39.5491946	-119.7619546
NV	32031002901	1426067	0	0.551	0.	39.5605108	-119.7429585
NV	32031002902	1594411	0	0.616	0.	39.5517566	-119.743302
NV	32031003001	1343227	0	0.519	0.	39.5428583	-119.7451881
NV	32031003002	922242	0	0.356	0.	39.5382323	-119.7414716
NV	32031003105	1272196	0	0.491	0.	39.5635824	-119.7291563
NV	32031003106	2194381	0	0.847	0.	39.5483767	-119.7255506
NV	32031003108	2031459	0	0.784	0.	39.5626502	-119.7161784
NV	32031003109	2193263	16606	0.847	0.006	39.5530865	-119.7001908
NV	32031003110	1817525	0	0.702	0.	39.5505092	-119.7119748
NV	32031003111	20430907	9695	7.888	0.004	39.5305761	-119.7175269
NV	32031003112	1045409	0	0.404	0.	39.5388317	-119.7238184
NV	32031003203	42024249	0	16.226	0.	39.3659242	-119.794269
NV	32031003205	70341601	37296	27.159	0.014	39.3466824	-119.7436528
NV	32031003206	129839904	249604	50.131	0.096	39.3021427	-119.8616604
NV	32031003207	79247582	22909359	30.598	8.845	39.2754644	-119.7639827
NV	32031003305	1457947	0	0.563	0.	39.2547492	-119.9590733
NV	32031003306	1435063	148537	0.554	0.057	39.2453786	-119.9593153
NV	32031003307	2158930	172816	0.834	0.067	39.2400342	-119.9394881
NV	32031003308	18646336	76236	7.199	0.029	39.2649045	-119.967779
NV	32031003310	39568106	1347245	15.277	0.52	39.2279497	-119.916776
NV	32031003311	2606239	0	1.006	0.	39.258468	-119.9463282
NV	32031003501	13330383293	40548508	5146.89	15.656	40.8936359	-119.6423719
NV	32031003503	20739082	0	8.007	0.	39.6281467	-119.7440278
NV	32031003507	3549599	0	1.371	0.	39.5747655	-119.7076839
NV	32031003508	4628553	0	1.787	0.	39.5765608	-119.732182
NV	32031003510	1792777	0	0.692	0.	39.59341	-119.7340095
NV	32031003511	4731086	87128	1.827	0.034	39.6176016	-119.6850005
NV	32031003512	7809714	0	3.015	0.	39.5950383	-119.6947716
NV	32031003513	12516489	0	4.833	0.	39.5623689	-119.6766328
NV	32031003514	7080434	0	2.734	0.	39.648365	-119.6926867
NV	32031003516	100816740	855173	38.926	0.33	39.6494961	-119.6445694
NV	32031003517	4236619	0	1.636	0.	39.6259369	-119.6672959
NV	32031003518	3945783	0	1.523	0.	39.6521312	-119.7173457
NV	32031003519	23848402	0	9.208	0.	39.6864764	-119.7205844
NV	32031003520	5693788	68150	2.198	0.026	39.6252419	-119.7092346
NV	32031003521	1572996	0	0.607	0.	39.5930501	-119.7224797
NV	32031003522	4061812	112236	1.568	0.043	39.6065289	-119.7185268
NV	32031940200	1435930857	28337415	554.416	10.941	40.1857919	-119.6497555
NV	32031980000	10303537	0	3.978	0.	39.5028262	-119.7652399
NV	32031980100	15257943	0	5.891	0.	39.6691187	-119.8859611
NV	32031980200	70349201	0	27.162	0.	39.591908	-119.9235145
NV	32031980300	269498433	18144	104.054	0.007	39.384094	-119.9354393
NV	32031990000	0	54006500	0.	20.852	39.2037138	-119.9682208
NV	32031990100	0	422244510	0.	163.03	40.0455109	-119.5652064
NV	32033970100	16757639288	22685880	6470.161	8.759	39.5742448	-114.8154403
NV	32033970200	6168597972	740704	2381.709	0.286	39.1151145	-115.1951682
NV	32033970300	90119227	0	34.795	0.	39.273356	-114.9117884
NV	32510000100	2502726	0	0.966	0.	39.1628671	-119.7717286
NV	32510000200	2616614	0	1.01	0.	39.1786112	-119.7749023
NV	32510000300	115200587	1616903	44.479	0.624	39.1369395	-119.8699383
NV	32510000400	39647318	46714	15.308	0.018	39.2174905	-119.7225184
NV	32510000501	3156516	12795	1.219	0.005	39.1837828	-119.7566392
NV	32510000502	1615152	0	0.624	0.	39.1751392	-119.754117
NV	32510000601	3591862	0	1.387	0.	39.1560919	-119.7500744
NV	32510000602	3224808	98474	1.245	0.038	39.1673424	-119.7446076
NV	32510000701	2058848	0	0.795	0.	39.1455983	-119.7552213
NV	32510000702	1561712	0	0.603	0.	39.1373784	-119.7582352
NV	32510000800	26729935	199059	10.32	0.077	39.1289297	-119.7254128
NV	32510000900	5393633	0	2.082	0.	39.1885581	-119.7310047
NV	32510001001	1213602	0	0.469	0.	39.1730549	-119.7296064
NV	32510001002	165828058	935847	64.027	0.361	39.1412276	-119.6444041
NV	32510990000	0	29684290	0.	11.461	39.1412571	-119.9741471
