USPS	GEOID	ALAND	AWATER	ALAND_SQMI	AWATER_SQMI	INTPTLAT	INTPTLONG
NH	33001965100	129578162	11880041	50.03	4.587	43.6511696	-71.6135268
NH	33001965200	35332773	27838428	13.642	10.748	43.6557882	-71.4426578
NH	33001965300	68459834	9700756	26.432	3.745	43.6080811	-71.5500813
NH	33001965400	122695138	5894757	47.373	2.276	43.5241863	-71.6016068
NH	33001965598	28865157	2063526	11.145	0.797	43.4712114	-71.5764584
NH	33001965600	149961213	4431033	57.9	1.711	43.4315902	-71.366322
NH	33001965700	111524823	4866664	43.06	1.879	43.348588	-71.2568961
NH	33001965801	35268103	4524152	13.617	1.747	43.4744551	-71.4822076
NH	33001965802	42284243	499214	16.326	0.193	43.4554725	-71.4514896
NH	33001965900	4016175	20952	1.551	0.008	43.5201193	-71.4574838
NH	33001966000	17717755	6171305	6.841	2.383	43.561852	-71.4986019
NH	33001966100	16596459	4731767	6.408	1.827	43.5765351	-71.4822628
NH	33001966200	13050193	5242476	5.039	2.024	43.5918678	-71.4528247
NH	33001966401	13390141	37862182	5.17	14.619	43.6110999	-71.3675435
NH	33001966403	30712734	16542	11.858	0.006	43.5448852	-71.4300836
NH	33001966404	56351906	343036	21.758	0.132	43.5194993	-71.3758377
NH	33001966501	102423206	27136513	39.546	10.477	43.4740823	-71.2518495
NH	33001966502	62552130	23317377	24.152	9.003	43.5120927	-71.2261592
NH	33003955101	277506441	815349	107.146	0.315	44.1721655	-71.2549813
NH	33003955102	143978918	659594	55.591	0.255	44.0474989	-71.234278
NH	33003955301	217192956	1495138	83.859	0.577	44.127498	-71.0606912
NH	33003955302	34684177	1175043	13.392	0.454	44.0246879	-71.1300866
NH	33003955401	20339129	684877	7.853	0.264	43.960576	-71.11062
NH	33003955402	54599088	3904766	21.081	1.508	43.9741828	-71.0366058
NH	33003955500	162625007	9540228	62.79	3.684	43.8899143	-71.1065239
NH	33003955601	310220635	9433528	119.777	3.642	43.8330999	-71.4054563
NH	33003955602	274019033	3429820	105.799	1.324	43.9594503	-71.2742511
NH	33003955801	100423901	2962199	38.774	1.144	43.7467328	-71.0419102
NH	33003955802	89961659	8215955	34.734	3.172	43.8420363	-71.0751609
NH	33003955901	91850399	11476026	35.464	4.431	43.7709369	-71.1815047
NH	33003955902	90683892	961733	35.013	0.371	43.6899318	-71.1034396
NH	33003956000	161723224	14706900	62.442	5.678	43.5847334	-71.0436631
NH	33003956101	53753559	8848120	20.754	3.416	43.6193534	-71.2182748
NH	33003956102	70439903	18325451	27.197	7.075	43.5928449	-71.1574605
NH	33003956301	52530462	23269465	20.282	8.984	43.711327	-71.4279998
NH	33003956302	102057576	16597011	39.405	6.408	43.7325783	-71.3496771
NH	33003956400	104925463	23119073	40.512	8.926	43.6698767	-71.2758915
NH	33005970100	251619612	3562207	97.151	1.375	43.0867987	-72.2862659
NH	33005970200	91233882	3741818	35.226	1.445	43.081102	-72.4031267
NH	33005970401	120554712	6920758	46.546	2.672	42.9161766	-72.0860391
NH	33005970402	267516717	10277196	103.289	3.968	43.042756	-72.1380004
NH	33005970500	99454615	4600353	38.4	1.776	42.8292541	-72.0599005
NH	33005970600	96104786	6962970	37.106	2.688	42.756663	-72.013247
NH	33005970700	186940157	4129633	72.178	1.594	42.7653677	-72.2114253
NH	33005970800	98081521	1010759	37.869	0.39	42.856871	-72.1858893
NH	33005970901	64092008	785763	24.746	0.303	42.8594724	-72.2588989
NH	33005970902	52391804	137120	20.229	0.053	42.862995	-72.3304411
NH	33005971000	33601462	227852	12.974	0.088	42.9834698	-72.2721561
NH	33005971100	17811037	310893	6.877	0.12	42.9396697	-72.2524711
NH	33005971300	2477159	34705	0.956	0.013	42.9388999	-72.2840079
NH	33005971402	25269510	71151	9.757	0.027	42.9472474	-72.3342523
NH	33005971403	16912823	26212	6.53	0.01	42.920039	-72.2992025
NH	33005971500	210735173	7807944	81.365	3.015	42.9221504	-72.4329256
NH	33005971600	53139997	5525602	20.517	2.133	42.8092977	-72.5048221
NH	33005971700	142430274	1456116	54.993	0.562	42.7893136	-72.3952385
NH	33007950100	1054356499	32934190	407.089	12.716	45.0585436	-71.2170876
NH	33007950200	262326611	1402327	101.285	0.541	44.8472422	-71.4390795
NH	33007950300	1182916890	37153689	456.727	14.345	44.7411003	-71.2005885
NH	33007950400	564766231	8334805	218.057	3.218	44.6687623	-71.4365253
NH	33007950500	195923554	2946954	75.647	1.138	44.4740637	-71.5071123
NH	33007950600	17842467	754835	6.889	0.291	44.4896968	-71.1568117
NH	33007950700	25380396	506551	9.799	0.196	44.5114259	-71.1978223
NH	33007950800	115671019	946319	44.661	0.365	44.4843279	-71.2771227
NH	33007950900	404367278	3807929	156.127	1.47	44.367172	-71.0871154
NH	33007951000	664326623	1089388	256.498	0.421	44.3136679	-71.4028281
NH	33007951100	160046320	2665144	61.794	1.029	44.3789458	-71.6288622
NH	33009960101	66865812	4588195	25.817	1.772	44.330805	-71.7686683
NH	33009960102	62525528	5870979	24.141	2.267	44.3137569	-71.8443464
NH	33009960200	448488897	2195137	173.163	0.848	44.1770455	-71.6187325
NH	33009960300	451042672	8357679	174.149	3.227	44.1939726	-71.9144889
NH	33009960401	129736257	1565393	50.091	0.604	43.9478765	-71.6357846
NH	33009960402	669687225	2204228	258.568	0.851	44.1008199	-71.4940493
NH	33009960500	402725121	3233204	155.493	1.248	44.0359247	-71.8465565
NH	33009960600	132063075	3546955	50.99	1.369	44.075844	-72.0046505
NH	33009960700	327649984	8572685	126.506	3.31	43.9176806	-72.0334208
NH	33009960801	134254955	1810586	51.836	0.699	43.8308622	-71.6460699
NH	33009960802	163449639	2691760	63.108	1.039	43.8347065	-71.7743353
NH	33009960900	404384624	10694159	156.134	4.129	43.748186	-71.9881837
NH	33009961001	15600299	898826	6.023	0.347	43.7826625	-71.7277273
NH	33009961002	56926520	364726	21.979	0.141	43.7144891	-71.7227474
NH	33009961101	29078899	1411734	11.227	0.545	43.7259668	-71.6425789
NH	33009961102	78860822	14101574	30.448	5.445	43.7617614	-71.5825286
NH	33009961201	40595387	1241632	15.674	0.479	43.6091053	-71.7184622
NH	33009961202	58440451	12700281	22.564	4.904	43.6839335	-71.6961623
NH	33009961300	278915862	3095700	107.69	1.195	43.6088635	-71.906623
NH	33009961400	138196132	4568920	53.358	1.764	43.687687	-72.0439868
NH	33009961500	104390258	7373194	40.305	2.847	43.6033139	-72.118598
NH	33009961601	115270312	1873531	44.506	0.723	43.7210227	-72.1852072
NH	33009961603	6017295	633344	2.323	0.245	43.7141853	-72.2742908
NH	33009961604	5694573	361480	2.199	0.14	43.69907	-72.2688318
NH	33009961701	36583019	248056	14.125	0.096	43.6588673	-72.22976
NH	33009961702	8952680	1236678	3.457	0.477	43.6522616	-72.2970305
NH	33009961801	54515462	1023254	21.049	0.395	43.6233155	-72.2514532
NH	33009961802	4338196	0	1.675	0.	43.6386923	-72.2458226
NH	33011000103	4374309	281848	1.689	0.109	43.0281489	-71.466226
NH	33011000104	2479915	59952	0.958	0.023	43.0155138	-71.4575821
NH	33011000202	2840335	131924	1.097	0.051	43.0004714	-71.4898916
NH	33011000203	1934450	353478	0.747	0.136	43.0264015	-71.4842553
NH	33011000204	9126837	73175	3.524	0.028	43.022046	-71.4926215
NH	33011000300	515285	0	0.199	0.	42.9950523	-71.4824077
NH	33011000600	497690	0	0.192	0.	43.0021343	-71.4620351
NH	33011000700	1253386	0	0.484	0.	43.0054825	-71.4524237
NH	33011000800	531789	0	0.205	0.	42.9976288	-71.4514532
NH	33011000901	2788560	0	1.077	0.	43.0073249	-71.4409524
NH	33011000902	4740049	0	1.83	0.	43.007111	-71.4181986
NH	33011001000	12561076	2243593	4.85	0.866	42.9748588	-71.3994194
NH	33011001100	4964495	58284	1.917	0.023	42.9812578	-71.4222681
NH	33011001200	822864	0	0.318	0.	42.9914093	-71.4394813
NH	33011001300	504285	0	0.195	0.	42.9932002	-71.4511133
NH	33011001400	488562	0	0.189	0.	42.9874112	-71.4595137
NH	33011001500	384224	0	0.148	0.	42.98615	-71.4552001
NH	33011001600	693902	0	0.268	0.	42.9861276	-71.448999
NH	33011001700	682423	0	0.263	0.	42.9842321	-71.4387344
NH	33011001800	1504874	0	0.581	0.	42.976819	-71.4407529
NH	33011001900	1540047	34074	0.595	0.013	42.9757238	-71.4613127
NH	33011002000	461991	65686	0.178	0.025	42.9821338	-71.4740115
NH	33011002100	1519169	67573	0.587	0.026	42.9881012	-71.4790246
NH	33011002200	1928990	96528	0.745	0.037	42.9840371	-71.4922053
NH	33011002300	1960114	82942	0.757	0.032	42.9701547	-71.4806316
NH	33011002400	4105331	286003	1.585	0.11	42.9600368	-71.4639568
NH	33011002500	4328550	66505	1.671	0.026	42.9650872	-71.4407616
NH	33011002600	12226687	469283	4.721	0.181	42.942001	-71.422142
NH	33011002701	37337780	192150	14.416	0.074	43.0074325	-71.6067169
NH	33011002702	40232925	943194	15.534	0.364	43.0347104	-71.5448646
NH	33011002801	12616132	54421	4.871	0.021	43.003124	-71.5495248
NH	33011002802	5664205	340388	2.187	0.131	42.9948096	-71.5147857
NH	33011002901	26100595	406817	10.077	0.157	42.9294712	-71.488189
NH	33011002902	23374344	268463	9.025	0.104	42.9621066	-71.536791
NH	33011002903	35423883	52649	13.677	0.02	42.9392474	-71.5533283
NH	33011010100	5809805	477218	2.243	0.184	42.7886703	-71.4763334
NH	33011010201	3984456	93338	1.538	0.036	42.792925	-71.5059787
NH	33011010202	10015140	116433	3.867	0.045	42.7879594	-71.5424396
NH	33011010301	3756790	74086	1.451	0.029	42.7594629	-71.5174287
NH	33011010302	3250382	55987	1.255	0.022	42.7609436	-71.5042717
NH	33011010400	3887804	267246	1.501	0.103	42.7690039	-71.4721238
NH	33011010500	1010980	49113	0.39	0.019	42.7659669	-71.4638275
NH	33011010600	2321543	253309	0.896	0.098	42.7577013	-71.4499884
NH	33011010700	785559	0	0.303	0.	42.7563254	-71.4618204
NH	33011010801	419492	17405	0.162	0.007	42.7517365	-71.4660291
NH	33011010802	2310582	126635	0.892	0.049	42.7568779	-71.4871822
NH	33011010900	2965553	8595	1.145	0.003	42.7447878	-71.4767104
NH	33011011000	5176462	311563	1.999	0.12	42.7428723	-71.4529334
NH	33011011101	1110538	7032	0.429	0.003	42.703785	-71.4587374
NH	33011011102	3008173	129996	1.161	0.05	42.7127653	-71.4435737
NH	33011011200	8034373	25601	3.102	0.01	42.717307	-71.4670938
NH	33011011300	3067445	0	1.184	0.	42.7265022	-71.4841076
NH	33011011401	10882328	100080	4.202	0.039	42.716584	-71.5112759
NH	33011011402	4049751	0	1.564	0.	42.7295282	-71.4970944
NH	33011011500	4010791	212771	1.549	0.082	42.7256743	-71.5272997
NH	33011012101	10571387	221382	4.082	0.085	42.793846	-71.4360488
NH	33011012102	17283528	418987	6.673	0.162	42.7985465	-71.4077065
NH	33011012201	1844294	96178	0.712	0.037	42.7475593	-71.4322498
NH	33011012202	6119825	373627	2.363	0.144	42.7668698	-71.4306599
NH	33011012301	23171007	972414	8.946	0.375	42.747295	-71.3894267
NH	33011012302	14261011	452760	5.506	0.175	42.7298975	-71.4218508
NH	33011013101	17825965	439561	6.883	0.17	42.8177201	-71.4484427
NH	33011013102	20827647	550813	8.042	0.213	42.8629197	-71.446588
NH	33011014101	5797200	362586	2.238	0.14	42.8828297	-71.4777005
NH	33011014102	9658205	1080765	3.729	0.417	42.8187364	-71.4838752
NH	33011014201	25046090	181773	9.67	0.07	42.8755895	-71.5462989
NH	33011014202	13208158	19269	5.1	0.007	42.8886941	-71.4957487
NH	33011014301	12721346	451692	4.912	0.174	42.820281	-71.5219709
NH	33011014302	17984772	89913	6.944	0.035	42.8364263	-71.5379636
NH	33011015100	47906456	269182	18.497	0.104	42.8872905	-71.6249107
NH	33011015200	39908503	1055526	15.409	0.408	42.8491261	-71.5982157
NH	33011016100	11394658	18883	4.4	0.007	42.856543	-71.6828973
NH	33011016202	45507272	111620	17.57	0.043	42.8074361	-71.6739908
NH	33011016203	3533634	0	1.364	0.	42.825525	-71.6356784
NH	33011016204	5379499	14307	2.077	0.006	42.8316445	-71.678708
NH	33011017101	32009729	580245	12.359	0.224	42.7220016	-71.5841945
NH	33011017102	50168292	888097	19.37	0.343	42.7613278	-71.5835926
NH	33011018001	27765956	742001	10.72	0.286	42.7566683	-71.6893279
NH	33011018002	23607329	192687	9.115	0.074	42.7533265	-71.6432745
NH	33011018501	17814497	0	6.878	0.	42.7579351	-71.799416
NH	33011018502	61990098	143147	23.935	0.055	42.7421807	-71.7509684
NH	33011019000	66331989	234112	25.611	0.09	42.8353016	-71.7691548
NH	33011019501	78829083	300378	30.436	0.116	42.8964089	-71.7683309
NH	33011019502	43573630	212964	16.824	0.082	42.9088845	-71.694199
NH	33011020000	110889239	1027645	42.815	0.397	42.9812095	-71.6775203
NH	33011021001	96923733	2152637	37.422	0.831	43.1013769	-71.730528
NH	33011021002	56058200	529286	21.644	0.204	43.0460535	-71.7112691
NH	33011021500	185870026	3695090	71.765	1.427	43.0310184	-71.8430056
NH	33011022000	67887115	1414365	26.211	0.546	42.9387402	-71.8794244
NH	33011022501	46236468	505277	17.852	0.195	42.7454496	-71.9118416
NH	33011022502	136720129	893113	52.788	0.345	42.7979739	-71.8857842
NH	33011023001	32274990	144851	12.461	0.056	42.8639431	-71.9504125
NH	33011023002	66196536	911828	25.559	0.352	42.9047491	-71.92812
NH	33011024000	77623192	3326700	29.97	1.284	42.9773389	-71.9978207
NH	33011025000	92449640	2119618	35.695	0.818	43.0502919	-71.9819675
NH	33011025501	44222077	231415	17.074	0.089	43.1757694	-71.9336651
NH	33011025502	90325617	3061601	34.875	1.182	43.1366564	-71.9816073
NH	33011200101	20405361	504382	7.879	0.195	42.7333475	-71.3577903
NH	33011200201	12286639	86103	4.744	0.033	42.7180683	-71.3337607
NH	33011200300	20241456	809202	7.815	0.312	42.7294006	-71.3021609
NH	33011200400	1555740	267924	0.601	0.103	42.9910638	-71.4666481
NH	33011200500	15295146	0	5.905	0.	42.7533911	-71.3130169
NH	33011980101	2331743	198516	0.9	0.077	42.9410438	-71.437277
NH	33013003001	32109467	1398031	12.398	0.54	43.0756328	-71.4763075
NH	33013003006	10423536	20148	4.025	0.008	43.0277678	-71.4268442
NH	33013003100	52998689	291215	20.463	0.112	43.1433412	-71.3861063
NH	33013003201	15161964	433327	5.854	0.167	43.1579636	-71.4567481
NH	33013003202	43463356	18050	16.781	0.007	43.189412	-71.4456436
NH	33013030000	79934537	1197090	30.863	0.462	43.112473	-71.6074786
NH	33013031001	47617141	641240	18.385	0.248	43.1252445	-71.5110972
NH	33013031002	25345122	332897	9.786	0.129	43.1310874	-71.56372
NH	33013032100	4339068	36041	1.675	0.014	43.1854102	-71.5404665
NH	33013032200	2550722	344159	0.985	0.133	43.1904367	-71.5258444
NH	33013032300	795208	31879	0.307	0.012	43.205059	-71.5386826
NH	33013032400	3179955	520215	1.228	0.201	43.2174756	-71.5328387
NH	33013032500	33731584	1498816	13.024	0.579	43.1914567	-71.5846722
NH	33013032600	14201989	2083068	5.483	0.804	43.2264912	-71.575198
NH	33013032701	13297931	758070	5.134	0.293	43.2550643	-71.63692
NH	33013032706	6470390	538745	2.498	0.208	43.2763055	-71.5849013
NH	33013032800	48908325	1686805	18.884	0.651	43.2710668	-71.5188217
NH	33013032900	3095497	115687	1.195	0.045	43.2221571	-71.5022008
NH	33013033000	54875050	274156	21.187	0.106	43.2652592	-71.4088353
NH	33013034000	89140734	512717	34.417	0.198	43.2048124	-71.348563
NH	33013035000	62222714	746414	24.024	0.288	43.2885012	-71.3093678
NH	33013036000	119549179	1448517	46.158	0.559	43.3081345	-71.44913
NH	33013037000	113639101	2149727	43.876	0.83	43.3525669	-71.5337648
NH	33013038000	64460538	1656034	24.888	0.639	43.3117165	-71.6653806
NH	33013038500	216111474	2149829	83.441	0.83	43.2878094	-71.7975163
NH	33013039000	112137155	4634943	43.296	1.79	43.2021909	-71.6967887
NH	33013040000	114267231	1767818	44.119	0.683	43.1694073	-71.831201
NH	33013040501	91270057	1789466	35.24	0.691	43.2241279	-71.9661752
NH	33013040502	203038338	7884907	78.394	3.044	43.3267493	-71.966295
NH	33013041001	25581857	5640981	9.877	2.178	43.408278	-72.0179388
NH	33013041002	32277817	2337425	12.463	0.902	43.4126896	-71.9561399
NH	33013041500	242679598	1790958	93.699	0.691	43.508323	-71.8598281
NH	33013042500	206496818	2900256	79.729	1.12	43.4070218	-71.7885879
NH	33013043001	33173246	724937	12.808	0.28	43.4199908	-71.6640229
NH	33013043002	37876778	3771637	14.624	1.456	43.4756393	-71.6768289
NH	33013044000	73830962	952217	28.506	0.368	43.4017881	-71.5553905
NH	33013044100	16816724	748898	6.493	0.289	43.2027667	-71.5003262
NH	33013044200	50852737	1350883	19.634	0.522	43.0789662	-71.4185621
NH	33013044300	18275141	0	7.056	0.	43.2429285	-71.6110725
NH	33015003301	21463686	563512	8.287	0.218	42.9177968	-71.2687954
NH	33015003302	11947533	67298	4.613	0.026	42.9181932	-71.3280235
NH	33015003400	5423497	100174	2.094	0.039	42.8922805	-71.3188164
NH	33015003500	5603677	0	2.164	0.	42.8792876	-71.3161634
NH	33015003601	18588642	92568	7.177	0.036	42.8559615	-71.2982195
NH	33015003602	28850097	1304584	11.139	0.504	42.8776442	-71.2591061
NH	33015003701	12544309	28875	4.843	0.011	42.878551	-71.3621498
NH	33015003703	36505608	165333	14.095	0.064	42.9096413	-71.3776926
NH	33015003801	13949636	37896	5.386	0.015	42.868588	-71.3872474
NH	33015003802	22807702	67740	8.806	0.026	42.8774226	-71.4250393
NH	33015003901	8625603	32874	3.33	0.013	42.8440478	-71.3465393
NH	33015003902	10477496	0	4.045	0.	42.8232938	-71.3719271
NH	33015004000	65655941	8963150	25.35	3.461	43.011276	-71.3663838
NH	33015050000	78575353	590885	30.338	0.228	43.0568952	-71.3406349
NH	33015051000	67365785	293102	26.01	0.113	42.9845301	-71.2551041
NH	33015052000	36089611	1266349	13.934	0.489	42.9340178	-71.1836046
NH	33015053000	30169971	468225	11.649	0.181	42.9278919	-71.1198885
NH	33015054000	44478180	587950	17.173	0.227	43.0003692	-71.1191619
NH	33015055001	44433745	1316623	17.156	0.508	43.0188261	-71.2279108
NH	33015055002	30204779	742501	11.662	0.287	43.0514205	-71.1736449
NH	33015056000	131461497	3466465	50.758	1.338	43.1363215	-71.255077
NH	33015057000	72923038	5422958	28.156	2.094	43.2118559	-71.2233933
NH	33015058000	120424461	5020638	46.496	1.938	43.1298473	-71.1318591
NH	33015059000	67408843	472698	26.027	0.183	43.0510273	-71.0882538
NH	33015060000	43554707	408191	16.817	0.158	42.9837228	-71.0539976
NH	33015061001	33976128	528856	13.118	0.204	42.9942433	-70.9806613
NH	33015062000	25684809	145601	9.917	0.056	42.9258646	-71.0026333
NH	33015062500	51775425	101053	19.991	0.039	42.9117563	-70.9532803
NH	33015063001	8643583	0	3.337	0.	42.8933146	-70.8913109
NH	33015063003	12017601	532841	4.64	0.206	42.8841694	-70.8549339
NH	33015063004	2564766	1308839	0.99	0.505	42.8809366	-70.8245109
NH	33015064000	31684837	1149462	12.234	0.444	42.9248106	-70.8862417
NH	33015065005	2022971	752088	0.781	0.29	42.9340328	-70.8081532
NH	33015065006	2649089	642717	1.023	0.248	42.9482522	-70.7980218
NH	33015065007	3212046	463379	1.24	0.179	42.9272886	-70.8144488
NH	33015065008	4897803	2272809	1.891	0.878	42.9210969	-70.8304143
NH	33015065009	5771239	6702	2.228	0.003	42.9458465	-70.8225235
NH	33015065010	14876756	314622	5.744	0.121	42.9492615	-70.8619962
NH	33015066000	35969084	1288672	13.888	0.498	42.9799344	-70.8294406
NH	33015067000	39180933	875089	15.128	0.338	43.0149932	-70.9026023
NH	33015067502	6822484	3158831	2.634	1.22	43.082285	-70.9094504
NH	33015067503	6153036	919895	2.376	0.355	43.0673405	-70.9329395
NH	33015067504	19640288	51893	7.583	0.02	43.0696296	-70.9933511
NH	33015067505	18365703	434251	7.091	0.168	43.0385087	-70.9679535
NH	33015069100	1712106	800335	0.661	0.309	43.0717077	-70.7533776
NH	33015069200	1034600	0	0.399	0.	43.0695021	-70.768661
NH	33015069300	2183966	754876	0.843	0.291	43.0833653	-70.772084
NH	33015069700	5651587	5003828	2.182	1.932	43.069927	-70.7406687
NH	33015071001	19542340	40088822	7.545	15.478	43.0148561	-70.7397764
NH	33015071002	13189568	3730434	5.093	1.44	43.0354581	-70.7413673
NH	33015100100	20938813	1485379	8.085	0.574	42.8165809	-71.2189302
NH	33015100200	8264153	193280	3.191	0.075	42.794944	-71.2131338
NH	33015100301	12943166	609621	4.997	0.235	42.776541	-71.2542125
NH	33015100302	8905571	18885	3.438	0.007	42.7521142	-71.2425523
NH	33015100401	8847341	407205	3.416	0.157	42.7586878	-71.2036053
NH	33015100402	4435016	16937	1.712	0.007	42.7799432	-71.1920948
NH	33015101101	13807139	15406	5.331	0.006	42.8233362	-71.0829877
NH	33015101102	13623469	0	5.26	0.	42.8547548	-71.1101818
NH	33015102100	25414478	379073	9.813	0.146	42.8703694	-71.0459151
NH	33015103100	28893236	471773	11.156	0.182	42.8391129	-71.1671916
NH	33015104101	16732426	177050	6.46	0.068	42.8732824	-71.1488862
NH	33015104102	18024844	1545956	6.959	0.597	42.8873883	-71.1902924
NH	33015105100	51265043	3215369	19.794	1.241	42.9137308	-71.0735952
NH	33015106101	38417507	327690	14.833	0.127	42.8250939	-71.2945107
NH	33015106102	30848295	2354130	11.911	0.909	42.786831	-71.3056525
NH	33015106200	6206635	183612	2.396	0.071	42.9702289	-70.955399
NH	33015106400	10641824	265674	4.109	0.103	42.9729794	-70.924998
NH	33015107100	3469170	22844	1.339	0.009	43.0887799	-70.786834
NH	33015107200	14661754	217071	5.661	0.084	43.040957	-70.7837575
NH	33015107400	13941664	0	5.383	0.	43.0628725	-70.8029801
NH	33015107500	48157323	18391049	18.594	7.101	43.0501941	-70.8580762
NH	33015980011	3860109	0	1.49	0.	42.9241706	-71.4359826
NH	33015990000	0	131522062	0.	50.781	42.9043288	-70.7543495
NH	33017080100	40515319	4656699	15.643	1.798	43.1045439	-70.9095766
NH	33017080202	8115256	1322025	3.133	0.51	43.1406374	-70.8937255
NH	33017080203	4114677	47639	1.589	0.018	43.1357668	-70.944818
NH	33017080204	5303303	70379	2.048	0.027	43.1494205	-70.9429265
NH	33017080500	81869042	2007945	31.61	0.775	43.1408298	-70.9777341
NH	33017081101	7877384	82064	3.041	0.032	43.1722038	-70.8977709
NH	33017081102	6950598	1014947	2.684	0.392	43.1510903	-70.8595056
NH	33017081200	13144577	3334855	5.075	1.288	43.1581613	-70.8452474
NH	33017081300	3211386	68330	1.24	0.026	43.1898266	-70.8732868
NH	33017081400	4489284	1210965	1.733	0.468	43.1954929	-70.8450156
NH	33017081500	3893546	58741	1.503	0.023	43.2106935	-70.8824163
NH	33017081600	29659973	226210	11.452	0.087	43.2131792	-70.9155094
NH	33017082000	18873478	727546	7.287	0.281	43.2198154	-70.8431074
NH	33017083001	10886055	217989	4.203	0.084	43.2640208	-70.879417
NH	33017083002	14499259	289437	5.598	0.112	43.2419026	-70.891478
NH	33017084100	21425873	0	8.273	0.	43.2808388	-70.9357632
NH	33017084201	18179266	18941	7.019	0.007	43.344942	-70.9821673
NH	33017084202	11851617	0	4.576	0.	43.3156739	-70.9347269
NH	33017084301	2214255	0	0.855	0.	43.2976806	-70.9694695
NH	33017084302	5011403	72763	1.935	0.028	43.3162401	-70.9724625
NH	33017084400	3830202	142840	1.479	0.055	43.3018684	-70.9864118
NH	33017084500	24571062	280516	9.487	0.108	43.2512289	-70.9666701
NH	33017084600	29519817	561074	11.398	0.217	43.3096539	-71.0256175
NH	33017085001	50011403	1752675	19.31	0.677	43.2433185	-71.0299443
NH	33017085002	70820222	3343902	27.344	1.291	43.2032	-71.0281928
NH	33017086000	126986476	5666471	49.03	2.188	43.2753845	-71.1699559
NH	33017087001	16534327	0	6.384	0.	43.3990739	-71.0715336
NH	33017087002	78224507	909784	30.203	0.351	43.3550698	-71.0664024
NH	33017088000	85600114	3170778	33.05	1.224	43.4522291	-71.0146523
NH	33017088500	153559749	7898557	59.29	3.05	43.4749957	-71.1198351
NH	33019975100	243979774	3622565	94.201	1.399	43.5218726	-72.3069561
NH	33019975200	278684160	6463799	107.601	2.496	43.479165	-72.1281666
NH	33019975300	54527182	10625286	21.053	4.102	43.3900947	-72.0931359
NH	33019975401	20024109	35416	7.731	0.014	43.3876551	-72.1690904
NH	33019975402	92826466	150002	35.841	0.058	43.358578	-72.2084465
NH	33019975500	260284246	6405484	100.496	2.473	43.2193441	-72.1244183
NH	33019975600	238371076	1411665	92.036	0.545	43.2457743	-72.3129581
NH	33019975700	92628168	5894435	35.764	2.276	43.2466311	-72.3838927
NH	33019975800	29359014	1708828	11.336	0.66	43.3650059	-72.3785993
NH	33019975901	56658239	614598	21.876	0.237	43.3989265	-72.3270208
NH	33019975902	25748883	0	9.942	0.	43.3488392	-72.3104886
