USPS	GEOID	ALAND	AWATER	ALAND_SQMI	AWATER_SQMI	INTPTLAT	INTPTLONG
OK	40001376600	205931993	2861371	79.511	1.105	36.1119482	-94.6588008
OK	40001376700	361471232	1464194	139.565	0.565	36.0093076	-94.6623452
OK	40001376800	476998253	3114628	184.17	1.203	35.8021662	-94.7315418
OK	40001376900	39834851	230637	15.38	0.089	35.8117205	-94.6393417
OK	40001377000	402109228	1194103	155.255	0.461	35.7647281	-94.5749495
OK	40003955600	1095591882	37090369	423.01	14.321	36.8508289	-98.2983545
OK	40003955700	297904081	179363	115.021	0.069	36.7430512	-98.4407255
OK	40003956000	850896701	1276944	328.533	0.493	36.5606474	-98.3171198
OK	40005587600	941868825	20073524	363.658	7.75	34.524702	-95.9523082
OK	40005587700	162906459	8504376	62.899	3.284	34.4130287	-96.1342031
OK	40005587800	651879843	4814761	251.692	1.859	34.2589606	-96.2888031
OK	40005587900	769757502	3876454	297.205	1.497	34.2491624	-95.9645439
OK	40007951600	1971018179	6122262	761.014	2.364	36.8777411	-100.4680246
OK	40007951700	2710575211	1224899	1046.559	0.473	36.6637874	-100.4440844
OK	40007951800	18813683	0	7.264	0.	36.8077914	-100.5344068
OK	40009966100	107432877	986389	41.48	0.381	35.4055234	-99.3890932
OK	40009966200	369882147	1062571	142.812	0.41	35.4019771	-99.4938324
OK	40009966500	978933280	527167	377.968	0.204	35.2276245	-99.8748282
OK	40009966800	879080418	2945617	339.415	1.137	35.2406316	-99.5850657
OK	40011958600	378911852	61293	146.299	0.024	36.0937039	-98.3258038
OK	40011958700	335543754	25632007	129.554	9.897	36.0511088	-98.5642231
OK	40011958800	1076751841	423903	415.736	0.164	35.7903215	-98.3220226
OK	40011958900	68891872	118142	26.599	0.046	35.8543991	-98.4108971
OK	40011959000	544607537	685975	210.274	0.265	35.6205592	-98.4823728
OK	40013795600	811762571	17460384	313.423	6.741	33.9489124	-96.0693963
OK	40013795700	449903241	1477153	173.709	0.57	34.0640993	-96.2135936
OK	40013795900	216769030	9085861	83.695	3.508	33.7924798	-96.3283284
OK	40013796002	245411232	3673912	94.754	1.419	33.9238709	-96.3386037
OK	40013796003	242388552	18887289	93.587	7.292	34.0703897	-96.4628465
OK	40013796004	52179584	17931696	20.147	6.923	33.9739484	-96.5393691
OK	40013796101	26718348	122410	10.316	0.047	34.0352555	-96.3970225
OK	40013796102	32608948	0	12.59	0.	33.9966461	-96.4296744
OK	40013796200	3409268	0	1.316	0.	34.0072158	-96.3800179
OK	40013796300	1600183	0	0.618	0.	33.9952365	-96.3816492
OK	40013796400	10687557	12468	4.126	0.005	33.973438	-96.4000179
OK	40013796500	51461535	90448	19.869	0.035	33.9912369	-96.346308
OK	40013796600	197349982	33067417	76.197	12.767	33.8681858	-96.5104598
OK	40015161601	110845267	437205	42.798	0.169	35.4712988	-98.3460313
OK	40015161602	573774160	2666777	221.535	1.03	35.3557414	-98.3328548
OK	40015161700	392778557	861996	151.653	0.333	35.4270891	-98.5541292
OK	40015161800	556540023	12313768	214.881	4.754	35.0939389	-98.5461247
OK	40015161900	291095891	5236742	112.393	2.022	35.1137756	-98.4350396
OK	40015162000	733605799	7744217	283.247	2.99	35.129864	-98.2253305
OK	40015162101	51017734	24939	19.698	0.01	35.0571405	-98.2894385
OK	40015162102	47648578	471082	18.397	0.182	35.0874718	-98.2082326
OK	40015162200	325523887	2023411	125.685	0.781	34.9219158	-98.3964435
OK	40015162300	226536536	318940	87.466	0.123	34.9224882	-98.1703605
OK	40017300100	718086977	4336701	277.255	1.674	35.5431776	-98.2099545
OK	40017300201	264073064	3386159	101.959	1.307	35.6766109	-97.8258164
OK	40017300202	457001994	2263144	176.449	0.874	35.6191306	-97.978487
OK	40017300300	2400404	0	0.927	0.	35.5298864	-97.945325
OK	40017300400	3084901	0	1.191	0.	35.5410947	-97.9644736
OK	40017300500	1969871	2157	0.761	0.001	35.5265011	-97.9624243
OK	40017300600	3536650	0	1.366	0.	35.514612	-97.9604588
OK	40017300701	4945810	666586	1.91	0.257	35.5252191	-97.9824827
OK	40017300702	397844653	2846667	153.609	1.099	35.442845	-97.9642965
OK	40017300802	6075595	9248	2.346	0.004	35.5870891	-97.7295179
OK	40017300803	79781130	669505	30.804	0.258	35.5723954	-97.7820675
OK	40017300804	10264564	60256	3.963	0.023	35.5583811	-97.736147
OK	40017300805	45401539	385520	17.53	0.149	35.606121	-97.7061908
OK	40017300806	16804742	117749	6.488	0.045	35.5583696	-97.700611
OK	40017300901	21373535	178006	8.252	0.069	35.5301866	-97.7160452
OK	40017300902	1472486	0	0.569	0.	35.5012333	-97.7296584
OK	40017300904	7935378	4968334	3.064	1.918	35.4946188	-97.6884476
OK	40017300905	5106518	20967	1.972	0.008	35.5008346	-97.7130197
OK	40017301001	9928786	38500	3.834	0.015	35.4679055	-97.698899
OK	40017301003	7387566	22395	2.852	0.009	35.4661448	-97.7500514
OK	40017301006	4410670	9953	1.703	0.004	35.4561719	-97.6919937
OK	40017301010	7819747	1981	3.019	0.001	35.4267411	-97.7335372
OK	40017301011	7802622	10493	3.013	0.004	35.4467968	-97.7290798
OK	40017301012	5171716	11026	1.997	0.004	35.4267144	-97.6802249
OK	40017301013	4990978	19248	1.927	0.007	35.4439308	-97.6899436
OK	40017301014	2587142	4213	0.999	0.002	35.45925	-97.733591
OK	40017301015	1968165	427	0.76	0.	35.4560623	-97.7151992
OK	40017301100	4804363	5605	1.855	0.002	35.4886946	-97.7317038
OK	40017301201	2583027	0	0.997	0.	35.5006353	-97.7513799
OK	40017301202	1973870	16822	0.762	0.006	35.4853188	-97.7499399
OK	40017301301	30922200	181168	11.939	0.07	35.4109237	-97.7658379
OK	40017301302	75756249	197893	29.25	0.076	35.4755453	-97.7863683
OK	40017301406	12921115	26052	4.989	0.01	35.3890165	-97.6933591
OK	40017301407	10324850	37859	3.986	0.015	35.390981	-97.7591092
OK	40017301408	75780525	2649499	29.259	1.023	35.3564975	-97.7544128
OK	40017301409	2605453	2621	1.006	0.001	35.3844704	-97.7324442
OK	40017301410	5213893	0	2.013	0.	35.3989611	-97.7246071
OK	40019892100	726520137	10754580	280.511	4.152	34.3521027	-97.2563243
OK	40019892200	253374446	782113	97.828	0.302	34.3720745	-97.5074816
OK	40019892301	76229700	56221	29.432	0.022	34.2201062	-97.5185118
OK	40019892302	24638801	684914	9.513	0.264	34.2529354	-97.467477
OK	40019892400	396013956	398787	152.902	0.154	34.1484016	-97.4137339
OK	40019892501	136785129	2257483	52.813	0.872	34.2184952	-97.2383347
OK	40019892502	167881726	267288	64.819	0.103	34.1274481	-97.2382934
OK	40019892601	2657394	2497	1.026	0.001	34.1965067	-97.1318485
OK	40019892602	61101907	1978960	23.592	0.764	34.2250307	-97.1182106
OK	40019892700	237244422	12335526	91.601	4.763	34.1357112	-97.0312776
OK	40019892801	2399212	0	0.926	0.	34.16339	-97.1251772
OK	40019892802	18736737	84150	7.234	0.032	34.1662746	-97.0907003
OK	40019892900	2535556	0	0.979	0.	34.1726116	-97.1343365
OK	40019893001	17418727	115170	6.725	0.044	34.1475232	-97.1484976
OK	40019893002	3952188	15634	1.526	0.006	34.1762573	-97.1542732
OK	40019893100	2260411	0	0.873	0.	34.1831993	-97.1304034
OK	40021977600	465232674	967784	179.627	0.374	36.0840222	-94.986623
OK	40021977701	162550960	20203779	62.761	7.801	35.8784724	-95.1799127
OK	40021977702	225043025	3705825	86.89	1.431	35.9813249	-95.1612519
OK	40021977801	60910092	33669	23.518	0.013	35.8465453	-95.0652913
OK	40021977802	80565548	239089	31.107	0.092	35.9225378	-95.0273059
OK	40021977901	43273676	645627	16.708	0.249	35.9555177	-94.9266401
OK	40021977902	11772542	9145	4.545	0.004	35.9340622	-94.9873437
OK	40021978000	8897865	28062	3.435	0.011	35.9044335	-94.9898558
OK	40021978100	14701544	369847	5.676	0.143	35.9050865	-94.9521278
OK	40021978201	260202179	2792163	100.465	1.078	35.9622449	-94.8482976
OK	40021978202	251757339	18251103	97.204	7.047	35.7387878	-94.873333
OK	40021978301	92995066	14610520	35.906	5.641	35.7752671	-94.9460881
OK	40021978302	262326420	7804638	101.285	3.013	35.7423001	-95.0510153
OK	40023966900	570116688	32037170	220.123	12.37	34.0481769	-95.2872706
OK	40023967000	554096226	38650049	213.938	14.923	34.0201456	-95.4359951
OK	40023967100	37058236	269524	14.308	0.104	34.0248088	-95.4989958
OK	40023967200	37416376	237330	14.447	0.092	34.0317654	-95.5412846
OK	40023967300	796594372	4281613	307.567	1.653	34.0517845	-95.8280797
OK	40025950100	4707519121	15923999	1817.583	6.148	36.6346417	-102.7661165
OK	40025950300	44612698	0	17.225	0.	36.7386886	-102.5029456
OK	40027200100	641044	0	0.248	0.	35.2207954	-97.4436013
OK	40027200200	1287238	0	0.497	0.	35.2258446	-97.4354994
OK	40027200300	2693268	101194	1.04	0.039	35.2383266	-97.4469226
OK	40027200400	1561401	0	0.603	0.	35.2254368	-97.4535631
OK	40027200500	1987277	0	0.767	0.	35.2121869	-97.4511887
OK	40027200602	2064454	0	0.797	0.	35.2120142	-97.430918
OK	40027200603	1323516	8562	0.511	0.003	35.2125927	-97.4093992
OK	40027200604	1250032	0	0.483	0.	35.2126396	-97.418665
OK	40027200700	1102086	0	0.426	0.	35.2261163	-97.4274675
OK	40027200800	7463636	270760	2.882	0.105	35.2347593	-97.4198148
OK	40027200900	3916883	3228	1.512	0.001	35.2256924	-97.4743883
OK	40027201000	3525722	0	1.361	0.	35.2114931	-97.4710905
OK	40027201102	1913567	1176	0.739	0.	35.195835	-97.4584988
OK	40027201103	2460272	0	0.95	0.	35.193805	-97.4652105
OK	40027201104	5294814	376997	2.044	0.146	35.1809048	-97.467809
OK	40027201201	1974635	10487	0.762	0.004	35.1985115	-97.4383895
OK	40027201202	1299256	0	0.502	0.	35.2038982	-97.4456772
OK	40027201204	3542074	4866	1.368	0.002	35.1861238	-97.4375413
OK	40027201205	7463497	113100	2.882	0.044	35.1705824	-97.4300988
OK	40027201302	1203541	568	0.465	0.	35.2014513	-97.4245415
OK	40027201303	2640850	14373	1.02	0.006	35.1952338	-97.4136778
OK	40027201403	38272912	433941	14.777	0.168	35.2667804	-97.3974635
OK	40027201404	27449712	358393	10.598	0.138	35.1832537	-97.3650452
OK	40027201405	20070084	580058	7.749	0.224	35.2215068	-97.3890174
OK	40027201505	3872495	8106	1.495	0.003	35.2405038	-97.4995355
OK	40027201508	6690116	527794	2.583	0.204	35.2057949	-97.5001193
OK	40027201509	23565704	295256	9.099	0.114	35.2657002	-97.4645976
OK	40027201511	1408916	0	0.544	0.	35.2248159	-97.5068373
OK	40027201512	2443966	6358	0.944	0.002	35.2262973	-97.4941009
OK	40027201513	15226817	150157	5.879	0.058	35.2691884	-97.516374
OK	40027201514	31608537	697173	12.204	0.269	35.2406159	-97.5389263
OK	40027201602	1025011	0	0.396	0.	35.3413324	-97.508609
OK	40027201603	1802253	0	0.696	0.	35.3411302	-97.498889
OK	40027201604	3191184	6886	1.232	0.003	35.3306187	-97.503369
OK	40027201607	10218420	120467	3.945	0.047	35.323323	-97.5408433
OK	40027201609	5127658	47462	1.98	0.018	35.3252847	-97.5522013
OK	40027201610	18562850	496812	7.167	0.192	35.3102607	-97.5683733
OK	40027201611	2534696	79650	0.979	0.031	35.3237385	-97.5235589
OK	40027201612	2591076	16161	1.	0.006	35.341589	-97.5169888
OK	40027201700	48413469	748555	18.693	0.289	35.355958	-97.6230996
OK	40027201801	5165953	93490	1.995	0.036	35.3573827	-97.5746485
OK	40027201802	2573294	6711	0.994	0.003	35.3593382	-97.5391124
OK	40027201902	2468928	308	0.953	0.	35.3719566	-97.5421514
OK	40027201903	1740765	1077	0.672	0.	35.3691351	-97.5711099
OK	40027201904	2414439	78528	0.932	0.03	35.3697486	-97.5572157
OK	40027202002	6207184	15852	2.397	0.006	35.3691372	-97.5007338
OK	40027202004	2681685	2128	1.035	0.001	35.3541677	-97.4854047
OK	40027202005	4923907	167916	1.901	0.065	35.3553665	-97.5128475
OK	40027202006	1234914	4186	0.477	0.002	35.3697133	-97.5261582
OK	40027202007	9945268	361398	3.84	0.14	35.364455	-97.443505
OK	40027202008	4937991	71413	1.907	0.028	35.3554783	-97.4623893
OK	40027202102	2347056	6611	0.906	0.003	35.3448989	-97.4854908
OK	40027202104	1924437	0	0.743	0.	35.3270351	-97.4833879
OK	40027202105	2575385	0	0.994	0.	35.3269873	-97.4679888
OK	40027202106	5166816	18313	1.995	0.007	35.3391831	-97.4563595
OK	40027202107	7201391	177744	2.78	0.069	35.3272019	-97.4321541
OK	40027202201	12827441	285725	4.953	0.11	35.309996	-97.451929
OK	40027202203	6017957	167218	2.324	0.065	35.3035882	-97.4781107
OK	40027202205	5178094	33705	1.999	0.013	35.3101176	-97.5168093
OK	40027202207	2124345	14755	0.82	0.006	35.3161848	-97.500037
OK	40027202208	4336254	65473	1.674	0.025	35.3034703	-97.5084475
OK	40027202301	112526336	10934094	43.447	4.222	35.3114343	-97.3399463
OK	40027202302	89731407	520262	34.645	0.201	35.3367992	-97.1967896
OK	40027202403	122773203	5768076	47.403	2.227	35.245375	-97.3242495
OK	40027202404	102487854	1472077	39.571	0.568	35.0887682	-97.3102166
OK	40027202405	262347702	2630702	101.293	1.016	35.0459635	-97.2027296
OK	40027202406	94539941	17959501	36.502	6.934	35.2544716	-97.2231602
OK	40027202407	100248327	635312	38.706	0.245	35.1798964	-97.2029076
OK	40027202501	23221999	507227	8.966	0.196	35.113659	-97.3739389
OK	40027202502	21456622	829705	8.284	0.32	35.1298741	-97.3982736
OK	40027202600	51701861	952705	19.962	0.368	34.9948086	-97.3078243
OK	40029388100	663365766	8181363	256.127	3.159	34.5856983	-96.2055744
OK	40029388200	675068702	3894623	260.645	1.504	34.5859336	-96.3838191
OK	40031000100	2627462	0	1.014	0.	34.6342936	-98.4048336
OK	40031000200	1234552	0	0.477	0.	34.6346466	-98.4308996
OK	40031000300	3891699	0	1.503	0.	34.6272369	-98.4485099
OK	40031000402	2618322	0	1.011	0.	34.6307901	-98.4834484
OK	40031000403	20886387	0	8.064	0.	34.6126015	-98.505585
OK	40031000404	2290976	0	0.885	0.	34.6226039	-98.4669805
OK	40031000405	1615470	0	0.624	0.	34.6334089	-98.4649466
OK	40031000503	3812383	0	1.472	0.	34.6053214	-98.4658639
OK	40031000504	2592520	0	1.001	0.	34.612593	-98.4569841
OK	40031000505	11702790	0	4.518	0.	34.5820261	-98.4406393
OK	40031000506	10384111	8390	4.009	0.003	34.5873846	-98.4665778
OK	40031000600	2045611	0	0.79	0.	34.6205336	-98.4352578
OK	40031000700	1943695	0	0.75	0.	34.6194718	-98.4265343
OK	40031000800	2649992	0	1.023	0.	34.6268902	-98.4046195
OK	40031000900	2524734	0	0.975	0.	34.6195712	-98.4048031
OK	40031001000	1292070	0	0.499	0.	34.6124166	-98.413428
OK	40031001100	1310993	0	0.506	0.	34.6123542	-98.3959889
OK	40031001400	1351325	0	0.522	0.	34.6050893	-98.4307581
OK	40031001500	2426413	0	0.937	0.	34.5977956	-98.4225043
OK	40031001600	1928049	0	0.744	0.	34.5882683	-98.4119158
OK	40031001700	1990258	0	0.768	0.	34.5939403	-98.3983017
OK	40031001901	6090055	0	2.351	0.	34.6302642	-98.3762803
OK	40031001902	42748867	0	16.505	0.	34.5536669	-98.3960004
OK	40031002001	31025308	127615	11.979	0.049	34.6195392	-98.3259954
OK	40031002003	306930386	534913	118.506	0.207	34.5743266	-98.2397253
OK	40031002004	42978377	862616	16.594	0.333	34.5718143	-98.3093233
OK	40031002005	40308597	190660	15.563	0.074	34.5592757	-98.359529
OK	40031002101	20032096	58221	7.734	0.022	34.7854435	-98.2754108
OK	40031002102	338352368	650284	130.639	0.251	34.7677203	-98.1819226
OK	40031002201	118827600	20157428	45.88	7.783	34.8304675	-98.3440009
OK	40031002202	614284357	12028945	237.177	4.644	34.772999	-98.6972206
OK	40031002301	452119328	955314	174.564	0.369	34.5146672	-98.5364372
OK	40031002302	289810767	531639	111.897	0.205	34.5875035	-98.7277543
OK	40031002401	208527527	1064323	80.513	0.411	34.6849615	-98.6036961
OK	40031002403	116258227	374500	44.888	0.145	34.7019859	-98.3226148
OK	40031002405	44951508	117046	17.356	0.045	34.6865145	-98.4306408
OK	40031002406	10439284	0	4.031	0.	34.6522033	-98.4037481
OK	40031002500	2726545	0	1.053	0.	34.604874	-98.4048284
OK	40033871100	794390054	7754664	306.716	2.994	34.3799676	-98.3745316
OK	40033871200	844133097	16231596	325.922	6.267	34.2050522	-98.3696386
OK	40035373100	863846288	1314089	333.533	0.507	36.8956162	-95.1894644
OK	40035373200	700208912	1327240	270.352	0.512	36.6783519	-95.2965802
OK	40035373300	33082660	32391	12.773	0.013	36.6539998	-95.1496618
OK	40035373400	40271302	180003	15.549	0.069	36.6369536	-95.1608104
OK	40035373500	334233397	796058	129.048	0.307	36.6340615	-95.0711107
OK	40037020101	9913291	99087	3.828	0.038	36.0609275	-96.0528713
OK	40037020102	9490881	31511	3.664	0.012	36.0554775	-96.081686
OK	40037020103	17162650	151848	6.627	0.059	36.0356028	-96.0523621
OK	40037020602	6094855	11533	2.353	0.004	35.9809825	-96.1280781
OK	40037020603	24992236	124851	9.65	0.048	35.9265502	-96.1099213
OK	40037020604	55806793	193451	21.547	0.075	35.9489104	-96.1585313
OK	40037020702	443466232	9113613	171.223	3.519	35.9082429	-96.4592895
OK	40037020704	119600669	1448006	46.178	0.559	36.0865833	-96.5529645
OK	40037020705	193970465	8907973	74.892	3.439	36.0971588	-96.4650208
OK	40037020706	171898709	15085045	66.37	5.824	36.0691502	-96.3347803
OK	40037020707	78820509	889879	30.433	0.344	36.0315273	-96.2062064
OK	40037020800	109231528	556868	42.175	0.215	36.0014505	-96.5522443
OK	40037020900	85415534	1134165	32.979	0.438	35.8777026	-96.4137537
OK	40037021000	122777217	1481235	47.405	0.572	35.8142891	-96.3671181
OK	40037021101	586755654	6277985	226.548	2.424	35.6991702	-96.4242742
OK	40037021102	231994460	1759781	89.574	0.679	35.8500056	-96.2372854
OK	40037021201	19712422	248612	7.611	0.096	36.0648486	-96.1295761
OK	40037021202	36639631	1663755	14.147	0.642	36.0291382	-96.131
OK	40037021300	3622969	1055	1.399	0.	36.0005767	-96.1052574
OK	40037021401	12779411	129667	4.934	0.05	36.0040922	-96.0590605
OK	40037021402	7982092	105562	3.082	0.041	36.0073899	-96.0858683
OK	40037021500	100707061	1348109	38.883	0.521	35.9117236	-96.0848693
OK	40037021600	11379522	53666	4.394	0.021	35.9833549	-96.0808354
OK	40039950800	120387904	244900	46.482	0.095	35.5072967	-98.9004571
OK	40039960401	476159701	729835	183.846	0.282	35.573716	-99.0356257
OK	40039960402	3862576	0	1.491	0.	35.5076878	-98.9818793
OK	40039960600	239497781	0	92.471	0.	35.5565522	-98.7845841
OK	40039960701	6604516	0	2.55	0.	35.5385848	-98.6917948
OK	40039960702	145580959	174997	56.209	0.068	35.5461261	-98.6664872
OK	40039961000	1568831508	33176900	605.729	12.81	35.6899696	-99.0592457
OK	40041375601	164020894	6140619	63.329	2.371	36.5371577	-94.7070985
OK	40041375602	98782437	16231982	38.14	6.267	36.632019	-94.6917666
OK	40041375701	20969050	20963642	8.096	8.094	36.5989503	-94.8142706
OK	40041375702	31450904	1309261	12.143	0.506	36.5997028	-94.7495767
OK	40041375803	88382330	17163	34.125	0.007	36.6197268	-94.9542961
OK	40041375804	30938861	21047716	11.946	8.127	36.5436953	-94.9627595
OK	40041375805	40891307	29504007	15.788	11.392	36.6009073	-94.8798261
OK	40041375806	13007556	9491562	5.022	3.665	36.6542705	-94.815321
OK	40041375901	203659075	19199917	78.633	7.413	36.4538616	-94.8874014
OK	40041375902	54809023	7157842	21.162	2.764	36.4677402	-94.9618918
OK	40041376000	359857135	4014812	138.942	1.55	36.40921	-94.7224547
OK	40041376100	478589052	4285554	184.784	1.655	36.255204	-94.8837983
OK	40041976200	325417324	1123274	125.644	0.434	36.2441971	-94.675962
OK	40043959100	880710206	9366607	340.044	3.616	36.0383333	-98.7782142
OK	40043959200	479575635	402128	185.165	0.155	36.0799284	-99.2448666
OK	40043959300	1228738191	12900147	474.418	4.981	35.9131463	-99.0791414
OK	40045952600	1416197360	167646	546.797	0.065	36.4108916	-99.8130111
OK	40045952800	1773312619	784589	684.68	0.303	36.0493926	-99.6890488
OK	40047000101	3156312	0	1.219	0.	36.3984218	-97.8875507
OK	40047000102	3307265	0	1.277	0.	36.412185	-97.8797252
OK	40047000200	15078318	0	5.822	0.	36.4302518	-97.8647197
OK	40047000601	2158568	0	0.833	0.	36.387066	-97.8938937
OK	40047000602	12097988	0	4.671	0.	36.3801401	-97.8507594
OK	40047000701	1862156	0	0.719	0.	36.4056063	-97.8648023
OK	40047000702	2102443	0	0.812	0.	36.3962572	-97.8634316
OK	40047001100	972877962	1905317	375.63	0.736	36.5136413	-97.7560915
OK	40047001200	1088710651	1666003	420.354	0.643	36.2540131	-97.755189
OK	40047001301	10356174	0	3.999	0.	36.4162024	-97.9215808
OK	40047001302	5277710	31297	2.038	0.012	36.4307428	-97.9053356
OK	40047001401	2664558	0	1.029	0.	36.3973228	-97.9073316
OK	40047001402	3850249	0	1.487	0.	36.398073	-97.9303593
OK	40047001500	310547430	314647	119.903	0.121	36.3834335	-97.7558999
OK	40047001602	145345934	95571	56.118	0.037	36.3511236	-97.9710599
OK	40047001603	44059177	0	17.011	0.	36.387126	-98.0553738
OK	40047001604	118068431	63095	45.586	0.024	36.4266489	-98.0009174
OK	40049681100	296231348	7197057	114.376	2.779	34.7455574	-96.9931967
OK	40049681200	393586225	8832323	151.964	3.41	34.7838039	-97.1880706
OK	40049681300	20529412	342076	7.926	0.132	34.7590065	-97.2079168
OK	40049681400	247758393	3640563	95.66	1.406	34.6326088	-97.2333558
OK	40049681500	42938892	502142	16.579	0.194	34.6492562	-97.1499165
OK	40049681600	152047801	2112943	58.706	0.816	34.7937407	-97.3968549
OK	40049681700	304670157	3263206	117.634	1.26	34.7695095	-97.569834
OK	40049681800	31809630	434172	12.282	0.168	34.8390228	-97.620595
OK	40049681900	587974694	3695369	227.018	1.427	34.6157312	-97.426104
OK	40051000100	15767087	0	6.088	0.	35.0696163	-97.9413876
OK	40051000400	5022991	77315	1.939	0.03	35.0470823	-97.9598335
OK	40051000501	4031831	19227	1.557	0.007	35.0271744	-97.9563927
OK	40051000502	19457741	26959	7.513	0.01	35.0033214	-97.9551362
OK	40051000600	342543421	1062730	132.257	0.41	34.9882934	-98.018448
OK	40051000701	669764892	4701044	258.598	1.815	34.7633525	-97.8954775
OK	40051000702	576840380	3310138	222.719	1.278	34.9341118	-97.8026216
OK	40051000801	161978398	227118	62.54	0.088	35.1457912	-97.7504676
OK	40051000802	427502748	905738	165.06	0.35	35.1377823	-97.9070017
OK	40051000901	343101697	848253	132.472	0.328	35.2737873	-97.9743421
OK	40051000902	170716283	195858	65.914	0.076	35.2709729	-97.8214361
OK	40051000904	23601597	0	9.113	0.	35.2690826	-97.6976428
OK	40051000905	50347421	0	19.439	0.	35.3107886	-97.7347536
OK	40051000906	31856183	0	12.3	0.	35.2252471	-97.7070867
OK	40051001000	7853987	0	3.032	0.	35.0421547	-97.9297379
OK	40053956400	691978973	3272202	267.175	1.263	36.6869777	-97.9340725
OK	40053956500	1899925453	3770451	733.565	1.456	36.8324254	-97.7412995
OK	40055967100	851528815	10301196	328.777	3.977	35.0184358	-99.5620391
OK	40055967200	804211410	847351	310.508	0.327	34.8581991	-99.5696074
OK	40057967800	1391491971	3800411	537.258	1.467	34.745971	-99.8441936
OK	40059952100	1521795430	2435406	587.569	0.94	36.8048199	-99.5214044
OK	40059952200	1168124160	2824041	451.015	1.09	36.7679627	-99.8462145
OK	40061279100	212224575	63206595	81.94	24.404	35.2877536	-94.8839111
OK	40061279200	266971823	26816621	103.078	10.354	35.3439615	-95.0786494
OK	40061279300	547601802	27133192	211.43	10.476	35.1831477	-95.2972489
OK	40061279400	466913022	9091462	180.276	3.51	35.1698147	-95.0558817
OK	40063484600	466787925	7229512	180.228	2.791	35.2472323	-96.1833033
OK	40063484700	866220770	14725101	334.45	5.685	35.0760107	-96.2763057
OK	40063484800	42579832	535329	16.44	0.207	35.0978192	-96.4449452
OK	40063484900	17121486	190780	6.611	0.074	35.093172	-96.3750262
OK	40063485000	690865240	3781271	266.745	1.46	34.8814948	-96.2280525
OK	40065968100	776829934	2298456	299.936	0.887	34.6134267	-99.2394809
OK	40065968200	132926092	0	51.323	0.	34.7438024	-99.3769877
OK	40065968300	1042649485	1290091	402.569	0.498	34.5432821	-99.557004
OK	40065968400	44785393	461428	17.292	0.178	34.674353	-99.3558652
OK	40065968500	58206380	64443	22.474	0.025	34.6622419	-99.275446
OK	40065968600	3491424	0	1.348	0.	34.6455323	-99.3307675
OK	40065968700	11404651	0	4.403	0.	34.6245843	-99.3493434
OK	40065968800	8567138	0	3.308	0.	34.6207841	-99.3168844
OK	40067371600	577168351	3161427	222.846	1.221	34.1505023	-97.6567424
OK	40067371700	778232399	10847863	300.477	4.188	34.0174679	-97.8671283
OK	40067371800	610285235	25408300	235.632	9.81	34.1945399	-97.9559038
OK	40069660198	544677310	18562658	210.301	7.167	34.2612831	-96.5054876
OK	40069660201	73370336	6940628	28.328	2.68	34.2154949	-96.6882459
OK	40069660202	578481043	7220841	223.353	2.788	34.3857902	-96.6613679
OK	40069660300	468963794	6920972	181.068	2.672	34.3103399	-96.8326768
OK	40071000100	16248729	0	6.274	0.	36.7305169	-97.096887
OK	40071000201	2605306	0	1.006	0.	36.7127307	-97.0736413
OK	40071000202	6953465	0	2.685	0.	36.7387288	-97.064891
OK	40071000300	14013338	1077802	5.411	0.416	36.7164123	-97.0407327
OK	40071000400	5024335	147209	1.94	0.057	36.6922295	-97.0725227
OK	40071000500	6978740	0	2.695	0.	36.6986509	-97.1054598
OK	40071000600	377430890	7033070	145.727	2.715	36.645461	-97.1842837
OK	40071001100	348659008	3034141	134.618	1.171	36.6609823	-97.361573
OK	40071001200	859396431	52975620	331.815	20.454	36.9474377	-97.0502668
OK	40071001301	99049448	51446	38.243	0.02	36.7760965	-97.3855793
OK	40071001302	645419190	1225927	249.198	0.473	36.8913448	-97.2913166
OK	40073958100	901800954	7522539	348.187	2.904	36.0659192	-97.8811906
OK	40073958200	862568514	6776368	333.04	2.616	35.9202199	-98.023213
OK	40073958300	84610225	639342	32.668	0.247	35.8509698	-97.9169638
OK	40073958400	477051548	5648657	184.191	2.181	35.775247	-97.899856
OK	40075963600	709447363	3510072	273.919	1.355	35.0077596	-98.7714119
OK	40075963700	414741196	1385883	160.132	0.535	35.0161674	-99.041026
OK	40075964200	1504851328	35400788	581.026	13.668	34.8514338	-99.0617046
OK	40077087100	627847438	2863083	242.413	1.105	34.9755988	-95.1235053
OK	40077087200	480873291	5212270	185.666	2.012	34.9244518	-95.3908474
OK	40077087300	761528541	10162141	294.028	3.924	34.7765244	-95.2311123
OK	40079040102	100744471	684502	38.898	0.264	35.2428516	-94.4903366
OK	40079040198	31274606	672605	12.075	0.26	35.3670658	-94.4417948
OK	40079040299	204377666	10355399	78.911	3.998	35.276198	-94.7283101
OK	40079040301	453139315	1741695	174.958	0.672	35.1272915	-94.798935
OK	40079040302	375260066	3001246	144.889	1.159	35.0833973	-94.5247589
OK	40079040303	149173724	4497243	57.596	1.736	35.2544037	-94.575444
OK	40079040401	21396426	379404	8.261	0.146	35.0848457	-94.623168
OK	40079040402	42085819	1034932	16.249	0.4	35.0434402	-94.61042
OK	40079040500	609921042	10789558	235.492	4.166	34.9176442	-94.865138
OK	40079040601	423451360	2822835	163.495	1.09	34.8332404	-94.5094452
OK	40079040602	490832757	10887997	189.512	4.204	34.8356751	-94.7294953
OK	40079040700	1214904276	2878963	469.077	1.112	34.6332282	-94.7447451
OK	40081961100	443796534	5583153	171.351	2.156	35.8220435	-96.7061908
OK	40081961200	493810368	2459668	190.661	0.95	35.8650639	-96.990304
OK	40081961300	343404468	2254434	132.589	0.87	35.673687	-97.0437392
OK	40081961401	174196678	3545704	67.258	1.369	35.5310489	-96.9032843
OK	40081961402	205855735	2335449	79.481	0.902	35.5278418	-97.0682947
OK	40081961500	354456876	7299409	136.857	2.818	35.5539306	-96.7065208
OK	40081961600	279338905	7066458	107.853	2.728	35.6716485	-96.8149514
OK	40081961700	171770199	4178789	66.321	1.613	35.7336086	-96.8952336
OK	40083600101	5663671	0	2.187	0.	35.8891893	-97.4085475
OK	40083600200	13005035	560857	5.021	0.217	35.8926871	-97.443503
OK	40083600300	26683966	0	10.303	0.	35.8578899	-97.4365251
OK	40083600401	36514945	671279	14.098	0.259	35.7717403	-97.4471521
OK	40083600402	31105113	59379	12.01	0.023	35.7724663	-97.5181533
OK	40083600501	218593356	3401274	84.399	1.313	35.9231764	-97.3877677
OK	40083600502	59147073	0	22.837	0.	35.7622843	-97.3754969
OK	40083600600	452498564	4394140	174.711	1.697	35.8488276	-97.2372012
OK	40083600700	756116574	2378953	291.938	0.919	36.0392759	-97.5344298
OK	40083600801	24675682	0	9.527	0.	35.7372902	-97.4838482
OK	40083600802	265127085	1242712	102.366	0.48	35.8205403	-97.5760789
OK	40083600903	34186835	495106	13.2	0.191	35.823173	-97.4478331
OK	40083601000	2950178	0	1.139	0.	35.8757371	-97.4121737
OK	40085094100	56948849	335635	21.988	0.13	33.9291862	-97.1000941
OK	40085094200	668540273	38856803	258.125	15.003	33.8902039	-97.1147676
OK	40085094300	605542073	8307781	233.801	3.208	33.9699224	-97.4040998
OK	40087400103	160721926	1542845	62.055	0.596	35.1053766	-97.6048005
OK	40087400104	48556526	263300	18.748	0.102	35.1842561	-97.6434463
OK	40087400105	30122612	266381	11.63	0.103	35.2404286	-97.6357949
OK	40087400106	83419469	2059815	32.208	0.795	35.3103268	-97.6500796
OK	40087400201	446489203	8593762	172.39	3.318	34.9060586	-97.4770506
OK	40087400203	217346214	3212636	83.918	1.24	34.9976314	-97.5063035
OK	40087400204	191200727	2177760	73.823	0.841	35.1098045	-97.4867032
OK	40087400300	37169913	1389222	14.351	0.536	35.0235692	-97.3645141
OK	40087400400	263125018	5205392	101.593	2.01	34.8924346	-97.0992007
OK	40089098200	1776808909	52449805	686.03	20.251	34.3591439	-94.758168
OK	40089098300	414729900	9411862	160.128	3.634	34.1611117	-95.0046098
OK	40089098400	411948231	18878481	159.054	7.289	34.0057426	-95.0767194
OK	40089098501	322667873	6577021	124.583	2.539	34.0027766	-94.7808582
OK	40089098502	647069985	14855109	249.835	5.736	34.1090522	-94.6651874
OK	40089098600	56281712	572912	21.73	0.221	34.0235147	-94.7316279
OK	40089098700	276402148	10015747	106.719	3.867	33.8600395	-94.8910441
OK	40089098800	161421340	1956874	62.325	0.756	33.8689468	-94.7827386
OK	40089098900	726156601	19234783	280.371	7.427	33.8039777	-94.6092424
OK	40091779601	36613884	12013204	14.137	4.638	35.4428723	-95.5841686
OK	40091779602	367776285	9384601	141.999	3.623	35.4766108	-95.458365
OK	40091779700	41737981	177093	16.115	0.068	35.4673133	-95.5209295
OK	40091779900	724410470	87771125	279.696	33.889	35.3818171	-95.8108584
OK	40091780100	245846797	49055570	94.922	18.94	35.305992	-95.6971127
OK	40091780200	33055446	32781380	12.763	12.657	35.293214	-95.5821333
OK	40091780301	57664633	37469498	22.264	14.467	35.3283673	-95.4452472
OK	40091780302	94233085	14235810	36.384	5.496	35.3693569	-95.5108222
OK	40093955100	833731711	3672232	321.906	1.418	36.3547013	-98.273631
OK	40093955200	1506260506	2955084	581.57	1.141	36.30368	-98.6896926
OK	40093955300	133446341	1023693	51.524	0.395	36.2762117	-98.4806511
OK	40095094698	606157794	31324596	234.039	12.094	34.0602306	-96.7597327
OK	40095094700	30342976	94892	11.715	0.037	34.0895444	-96.7717345
OK	40095094803	75566967	43614161	29.177	16.84	33.8889376	-96.7266294
OK	40095094804	146765021	29171367	56.666	11.263	33.9546837	-96.8166424
OK	40095094805	57418081	7895518	22.169	3.048	33.9914668	-96.6819546
OK	40095094806	45903138	31619396	17.723	12.208	33.937586	-96.6445438
OK	40097040100	17022233	49334	6.572	0.019	36.305717	-95.312857
OK	40097040200	7453772	147909	2.878	0.057	36.2845368	-95.3090195
OK	40097040300	185739359	8747726	71.714	3.378	36.2558909	-95.2322183
OK	40097040400	306309458	5041422	118.267	1.947	36.1645353	-95.3487449
OK	40097040501	216499042	2401988	83.591	0.927	36.1457024	-95.1610529
OK	40097040502	137129507	9805797	52.946	3.786	36.2233485	-95.134185
OK	40097040600	157411473	13258836	60.777	5.119	36.3170201	-95.0884019
OK	40097040700	143884158	20189015	55.554	7.795	36.450758	-95.0725494
OK	40097040801	360831400	2592627	139.318	1.001	36.4523643	-95.3205433
OK	40097040802	165006278	10839086	63.709	4.185	36.3710174	-95.222746
OK	40099790600	429031188	8156478	165.65	3.149	34.562282	-96.8832044
OK	40099790701	144587098	3038142	55.825	1.173	34.5576016	-97.1218114
OK	40099790702	396181271	4852430	152.966	1.874	34.4353458	-97.1982922
OK	40099790801	27514237	388103	10.623	0.15	34.5045047	-96.944056
OK	40099790802	81092009	6275540	31.31	2.423	34.5006763	-97.0085792
OK	40101000100	9047801	40236	3.493	0.016	35.7540923	-95.4131298
OK	40101000200	8409929	35504	3.247	0.014	35.7732783	-95.3894735
OK	40101000300	2893436	0	1.117	0.	35.7528568	-95.3843825
OK	40101000400	12667436	1140470	4.891	0.44	35.7917144	-95.3064252
OK	40101000600	44224305	0	17.075	0.	35.6834615	-95.3667276
OK	40101000700	5273928	6887	2.036	0.003	35.7541511	-95.3530726
OK	40101000801	4396279	0	1.697	0.	35.7385105	-95.331596
OK	40101000802	5824224	3350	2.249	0.001	35.7680239	-95.3282312
OK	40101000901	15477892	0	5.976	0.	35.7108477	-95.3494011
OK	40101000902	3758244	0	1.451	0.	35.7409137	-95.3462983
OK	40101001000	10681160	0	4.124	0.	35.7211561	-95.3985957
OK	40101001100	371020968	1770766	143.252	0.684	35.6350811	-95.5043541
OK	40101001200	162900995	10074731	62.896	3.89	35.7581537	-95.4862403
OK	40101001301	33168820	1741074	12.807	0.672	35.7347968	-95.2389235
OK	40101001302	185751652	10698009	71.719	4.131	35.623104	-95.3220632
OK	40101001401	29133807	2230361	11.249	0.861	35.7978314	-95.2684549
OK	40101001402	271128027	18813574	104.683	7.264	35.6992119	-95.1785916
OK	40101001501	300517369	12705152	116.03	4.905	35.5042197	-95.2183001
OK	40101001502	296924123	9457199	114.643	3.651	35.3699292	-95.232109
OK	40101001600	326347627	7360733	126.004	2.842	35.7175674	-95.6887577
OK	40103956600	747177513	17790234	288.487	6.869	36.447873	-97.0967115
OK	40103956900	18647338	34292	7.2	0.013	36.3052906	-97.2944574
OK	40103957000	50776312	216150	19.605	0.083	36.2654066	-97.2889596
OK	40103957100	1078522061	10063031	416.42	3.885	36.3536936	-97.3106024
OK	40105172100	272663727	573458	105.276	0.221	36.958742	-95.6528177
OK	40105172200	476296308	1802285	183.899	0.696	36.8586073	-95.5779423
OK	40105172300	626071544	32344212	241.728	12.488	36.6614244	-95.7098375
OK	40105172400	90428830	4183935	34.915	1.615	36.7046208	-95.6205844
OK	40107080600	797322671	14568381	307.848	5.625	35.4875113	-96.3098397
OK	40107080700	401766417	4191969	155.123	1.619	35.5198682	-96.5265535
OK	40107080900	67908439	908107	26.22	0.351	35.4240977	-96.3034353
OK	40107081000	334802501	6980886	129.268	2.695	35.357618	-96.1246952
OK	40109100100	2133870	0	0.824	0.	35.5207566	-97.5315153
OK	40109100201	1140539	0	0.44	0.	35.4979965	-97.5560162
OK	40109100202	942593	0	0.364	0.	35.5100064	-97.5500669
OK	40109100203	1271511	0	0.491	0.	35.5049218	-97.5568085
OK	40109100300	2089098	0	0.807	0.	35.512356	-97.5259815
OK	40109100400	2593438	0	1.001	0.	35.5004315	-97.485575
OK	40109100500	2731851	0	1.055	0.	35.5006097	-97.5037754
OK	40109100800	1298603	0	0.501	0.	35.5041556	-97.5387757
OK	40109100900	835062	0	0.322	0.	35.495017	-97.5680659
OK	40109101000	1303210	0	0.503	0.	35.4968988	-97.5388006
OK	40109101100	649608	0	0.251	0.	35.4968867	-97.5254672
OK	40109101200	611078	0	0.236	0.	35.496818	-97.5168541
OK	40109101300	1926513	0	0.744	0.	35.4895217	-97.4724013
OK	40109101400	908409	0	0.351	0.	35.4881034	-97.4901865
OK	40109101500	1839331	0	0.71	0.	35.4878699	-97.5038893
OK	40109101800	646680	0	0.25	0.	35.4896268	-97.5255384
OK	40109101900	1298510	0	0.501	0.	35.4896272	-97.5388512
OK	40109102000	1314706	0	0.508	0.	35.4895768	-97.5566949
OK	40109102100	1293687	0	0.499	0.	35.4896001	-97.5745213
OK	40109102200	1293694	0	0.499	0.	35.4823333	-97.5745082
OK	40109102300	1306194	0	0.504	0.	35.4823002	-97.556751
OK	40109102400	1301671	0	0.503	0.	35.4823651	-97.5389252
OK	40109102500	764614	0	0.295	0.	35.4801152	-97.5209103
OK	40109103200	1024420	0	0.396	0.	35.4734541	-97.5239872
OK	40109103300	1067326	0	0.412	0.	35.4756117	-97.537818
OK	40109103900	3547063	0	1.37	0.	35.4456552	-97.5036249
OK	40109104100	3230884	0	1.247	0.	35.4498931	-97.5378828
OK	40109104200	2069153	0	0.799	0.	35.4344808	-97.5638245
OK	40109104300	1643617	0	0.635	0.	35.4385821	-97.5525715
OK	40109104400	1473818	0	0.569	0.	35.4346664	-97.544146
OK	40109104500	1314615	0	0.508	0.	35.4351513	-97.5346263
OK	40109104600	815623	0	0.315	0.	35.4398789	-97.5257933
OK	40109104700	1250794	0	0.483	0.	35.4411883	-97.5165064
OK	40109104800	1938708	0	0.749	0.	35.4280776	-97.5014078
OK	40109104900	1941761	0	0.75	0.	35.4279513	-97.5146981
OK	40109105000	1292026	0	0.499	0.	35.4279906	-97.5257763
OK	40109105101	5753844	0	2.222	0.	35.5210864	-97.5105726
OK	40109105201	1306778	0	0.505	0.	35.5149834	-97.4898836
OK	40109105202	1282739	0	0.495	0.	35.5149729	-97.4810471
OK	40109105300	7627232	0	2.945	0.	35.4422874	-97.4857207
OK	40109105400	1938949	0	0.749	0.	35.4135124	-97.5013927
OK	40109105500	1246864	0	0.481	0.	35.4242162	-97.5567344
OK	40109105600	3429332	0	1.324	0.	35.4449293	-97.5737215
OK	40109105903	1920745	0	0.742	0.	35.5058462	-97.5923119
OK	40109105904	2724468	0	1.052	0.	35.5036301	-97.5748526
OK	40109105905	1283001	0	0.495	0.	35.4969288	-97.5922231
OK	40109105906	1300387	0	0.502	0.	35.4896883	-97.5922294
OK	40109105907	2438976	0	0.942	0.	35.4792285	-97.5922293
OK	40109106000	20066244	54943	7.748	0.021	35.524014	-97.4450794
OK	40109106100	15170105	164724	5.857	0.064	35.5286276	-97.4694009
OK	40109106200	7176377	15052	2.771	0.006	35.5445186	-97.5071443
OK	40109106301	2544866	5534	0.983	0.002	35.5548304	-97.5248176
OK	40109106302	5140221	0	1.985	0.	35.5801326	-97.5225908
OK	40109106303	1983394	0	0.766	0.	35.5611048	-97.5364171
OK	40109106401	2685516	0	1.037	0.	35.5441365	-97.539145
OK	40109106402	2442599	26585	0.943	0.01	35.5432471	-97.557432
OK	40109106403	3791112	0	1.464	0.	35.5583104	-97.5541025
OK	40109106501	2203204	0	0.851	0.	35.5306086	-97.5561478
OK	40109106502	2425971	0	0.937	0.	35.5179852	-97.5569212
OK	40109106503	2617688	7266	1.011	0.003	35.527766	-97.5380138
OK	40109106601	1940523	0	0.749	0.	35.5167574	-97.5745988
OK	40109106602	1882989	97344	0.727	0.038	35.5171128	-97.5938892
OK	40109106606	1199245	0	0.463	0.	35.5290312	-97.5880685
OK	40109106607	1555751	0	0.601	0.	35.5310679	-97.5968867
OK	40109106608	2671980	40391	1.032	0.016	35.5421848	-97.5821232
OK	40109106609	967208	0	0.373	0.	35.5408971	-97.5707381
OK	40109106610	1021504	0	0.394	0.	35.5325821	-97.571468
OK	40109106611	1229165	9019	0.475	0.003	35.5260197	-97.5757421
OK	40109106702	2594112	0	1.002	0.	35.5296178	-97.6278421
OK	40109106704	5067256	757645	1.956	0.293	35.5181454	-97.6574836
OK	40109106705	1559901	0	0.602	0.	35.5414614	-97.6114241
OK	40109106706	2506284	93469	0.968	0.036	35.5296014	-97.6115292
OK	40109106708	9331624	0	3.603	0.	35.5373097	-97.6529976
OK	40109106709	830566	0	0.321	0.	35.544488	-97.6338305
OK	40109106710	1610209	113534	0.622	0.044	35.5398703	-97.6225336
OK	40109106801	817190	0	0.316	0.	35.5170414	-97.6325097
OK	40109106802	1088720	0	0.42	0.	35.5169099	-97.6238287
OK	40109106803	1966783	0	0.759	0.	35.5061192	-97.6280244
OK	40109106804	2599876	0	1.004	0.	35.5150408	-97.6100675
OK	40109106902	1287557	0	0.497	0.	35.4969478	-97.6278457
OK	40109106903	4309028	786063	1.664	0.304	35.4996926	-97.6532627
OK	40109106906	1292844	0	0.499	0.	35.5005345	-97.6055982
OK	40109106907	1307020	0	0.505	0.	35.5004961	-97.6145155
OK	40109106909	1283749	0	0.496	0.	35.4824267	-97.6454968
OK	40109106910	1297611	0	0.501	0.	35.4896914	-97.6454534
OK	40109106911	2070885	415309	0.8	0.16	35.4851182	-97.6620508
OK	40109106912	4557378	2324	1.76	0.001	35.4725131	-97.6626962
OK	40109106913	5787003	17761	2.234	0.007	35.4724584	-97.6212245
OK	40109106914	2568214	9262	0.992	0.004	35.4878595	-97.6268018
OK	40109106916	1309381	0	0.506	0.	35.4860311	-97.6055902
OK	40109106917	1302427	0	0.503	0.	35.4860447	-97.6145316
OK	40109107001	4546565	0	1.755	0.	35.4272778	-97.5846362
OK	40109107002	10988916	0	4.243	0.	35.4587639	-97.5854451
OK	40109107101	23631310	89157	9.124	0.034	35.3966556	-97.5991859
OK	40109107103	666591	0	0.257	0.	35.4146222	-97.5682456
OK	40109107104	1337599	0	0.516	0.	35.4134393	-97.5746135
OK	40109107206	2563998	0	0.99	0.	35.3843091	-97.5389938
OK	40109107207	3775589	0	1.458	0.	35.3843161	-97.5171361
OK	40109107212	2675545	0	1.033	0.	35.3862558	-97.5664414
OK	40109107213	1825994	0	0.705	0.	35.4005424	-97.5687044
OK	40109107214	1897382	0	0.733	0.	35.3990586	-97.5543779
OK	40109107215	1278011	0	0.493	0.	35.4134299	-97.5611906
OK	40109107216	1299224	0	0.502	0.	35.4134542	-97.552381
OK	40109107217	1295991	0	0.5	0.	35.4134699	-97.5435048
OK	40109107218	1263560	0	0.488	0.	35.4242714	-97.5390721
OK	40109107219	1296924	0	0.501	0.	35.4134815	-97.5346382
OK	40109107220	1255621	0	0.485	0.	35.4027096	-97.5392055
OK	40109107221	1383935	0	0.534	0.	35.3953443	-97.5388547
OK	40109107222	1316921	0	0.508	0.	35.3988501	-97.525721
OK	40109107223	1294755	0	0.5	0.	35.4134901	-97.5257774
OK	40109107224	1612520	0	0.623	0.	35.3834771	-97.5539568
OK	40109107225	1954466	0	0.755	0.	35.4134868	-97.5146789
OK	40109107226	1939256	0	0.749	0.	35.399	-97.5146233
OK	40109107302	1864364	0	0.72	0.	35.3992622	-97.5013408
OK	40109107303	11818208	0	4.563	0.	35.3909743	-97.4797881
OK	40109107305	7853604	0	3.032	0.	35.4428636	-97.4677833
OK	40109107306	5219652	0	2.015	0.	35.4135515	-97.47699
OK	40109107401	7872226	0	3.039	0.	35.3989978	-97.4502473
OK	40109107404	1643977	0	0.635	0.	35.4155238	-97.4309151
OK	40109107405	6088258	5972	2.351	0.002	35.4002683	-97.4330755
OK	40109107406	8946814	39110	3.454	0.015	35.4022306	-97.4147413
OK	40109107407	15413492	189395	5.951	0.073	35.3989505	-97.3620215
OK	40109107601	2558683	0	0.988	0.	35.4424462	-97.4148099
OK	40109107604	1332097	0	0.514	0.	35.4428702	-97.4013331
OK	40109107605	1224746	0	0.473	0.	35.4419777	-97.392753
OK	40109107608	5120496	0	1.977	0.	35.4424232	-97.3707999
OK	40109107703	5132130	0	1.982	0.	35.4568381	-97.3708011
OK	40109107704	1064421	0	0.411	0.	35.4526819	-97.415052
OK	40109107705	1492606	0	0.576	0.	35.4598421	-97.414969
OK	40109107706	1302334	0	0.503	0.	35.4601555	-97.3960441
OK	40109107707	1261269	0	0.487	0.	35.4534678	-97.3986518
OK	40109107801	2605800	0	1.006	0.	35.4280084	-97.4502604
OK	40109107804	2587659	0	0.999	0.	35.4424545	-97.4325263
OK	40109107805	1579712	0	0.61	0.	35.4532237	-97.4491314
OK	40109107806	9564845	0	3.693	0.	35.4682662	-97.4376733
OK	40109107807	1387054	0	0.536	0.	35.4246593	-97.4320563
OK	40109107808	1205518	0	0.465	0.	35.4318331	-97.4328944
OK	40109107809	1019858	0	0.394	0.	35.4381388	-97.4504918
OK	40109107810	1576926	0	0.609	0.	35.4452933	-97.4501883
OK	40109107900	4237224	0	1.636	0.	35.4853025	-97.4472687
OK	40109108003	8289456	36659	3.201	0.014	35.4912595	-97.4004129
OK	40109108005	33429168	0	12.907	0.	35.5274165	-97.3906336
OK	40109108006	2607242	0	1.007	0.	35.4713301	-97.4150896
OK	40109108007	2584261	0	0.998	0.	35.4713421	-97.3973802
OK	40109108008	2590035	0	1.	0.	35.4713008	-97.379695
OK	40109108009	2585471	0	0.998	0.	35.4712841	-97.3619781
OK	40109108010	5178147	0	1.999	0.	35.4930398	-97.3619948
OK	40109108011	5196421	0	2.006	0.	35.4930916	-97.379738
OK	40109108101	48838162	34115	18.857	0.013	35.5743245	-97.3956095
OK	40109108106	19406750	0	7.493	0.	35.7034971	-97.4383424
OK	40109108107	6049711	0	2.336	0.	35.6746345	-97.4396924
OK	40109108109	9117508	0	3.52	0.	35.6252748	-97.4413099
OK	40109108110	12332001	0	4.761	0.	35.5914472	-97.4487396
OK	40109108113	5199178	0	2.007	0.	35.6454746	-97.4425489
OK	40109108114	5482236	0	2.117	0.	35.6600333	-97.4415882
OK	40109108201	3532112	0	1.364	0.	35.6454795	-97.4725567
OK	40109108203	1858008	0	0.717	0.	35.6606993	-97.4892875
OK	40109108204	1776845	0	0.686	0.	35.6462094	-97.4902736
OK	40109108207	1303767	0	0.503	0.	35.6556953	-97.4715352
OK	40109108208	1912205	0	0.738	0.	35.6628626	-97.4714846
OK	40109108215	2595726	0	1.002	0.	35.6529685	-97.5183643
OK	40109108216	2624858	0	1.013	0.	35.6602127	-97.5050058
OK	40109108217	2600056	18670	1.004	0.007	35.6457247	-97.5047192
OK	40109108222	15524493	10906	5.994	0.004	35.7180229	-97.5413188
OK	40109108223	9882002	72098	3.815	0.028	35.7082772	-97.4970981
OK	40109108224	5509146	0	2.127	0.	35.6892894	-97.4952035
OK	40109108225	7634843	96193	2.948	0.037	35.6894122	-97.5430631
OK	40109108226	2556215	0	0.987	0.	35.6748609	-97.5584008
OK	40109108227	2593649	0	1.001	0.	35.6747616	-97.5407106
OK	40109108228	2575288	11899	0.994	0.005	35.6775056	-97.5220969
OK	40109108229	2613720	5280	1.009	0.002	35.6730033	-97.5005328
OK	40109108230	2313648	0	0.893	0.	35.6749532	-97.4880946
OK	40109108231	7908609	45119	3.054	0.017	35.7087552	-97.4721045
OK	40109108232	2871169	0	1.109	0.	35.6742662	-97.4703429
OK	40109108233	2568976	0	0.992	0.	35.6603237	-97.5583799
OK	40109108234	3815530	78967	1.473	0.03	35.6603085	-97.542305
OK	40109108235	2575975	0	0.995	0.	35.6457939	-97.5583261
OK	40109108236	759496	0	0.293	0.	35.6482897	-97.5456216
OK	40109108237	1845239	0	0.712	0.	35.6447186	-97.5385012
OK	40109108238	1297799	0	0.501	0.	35.6457298	-97.5272086
OK	40109108301	15457933	71668	5.968	0.028	35.5728176	-97.4870395
OK	40109108302	14446836	32480	5.578	0.013	35.5900815	-97.4867789
OK	40109108304	3882783	0	1.499	0.	35.6308031	-97.4735657
OK	40109108307	2599813	0	1.004	0.	35.5874302	-97.5582675
OK	40109108309	786559	0	0.304	0.	35.5757163	-97.5358361
OK	40109108310	2598769	5613	1.003	0.002	35.5847576	-97.5365623
OK	40109108314	3266762	0	1.261	0.	35.6016498	-97.5438899
OK	40109108317	4338437	10979	1.675	0.004	35.6282103	-97.4994808
OK	40109108318	11329352	29237	4.374	0.011	35.6148064	-97.5174667
OK	40109108319	2375181	19457	0.917	0.008	35.6187355	-97.4844101
OK	40109108320	2556886	45746	0.987	0.018	35.6125259	-97.4684011
OK	40109108321	423439	0	0.163	0.	35.5982455	-97.5642008
OK	40109108322	1192815	0	0.461	0.	35.6020675	-97.5602187
OK	40109108323	2807195	0	1.084	0.	35.6157836	-97.5403785
OK	40109108324	2627151	54132	1.014	0.021	35.6309271	-97.5412558
OK	40109108325	2631419	0	1.016	0.	35.6311144	-97.5583211
OK	40109108326	2685340	0	1.037	0.	35.6161242	-97.558329
OK	40109108402	1221235	0	0.472	0.	35.5731574	-97.5713844
OK	40109108403	1188381	0	0.459	0.	35.5729922	-97.5631167
OK	40109108404	2716780	20924	1.049	0.008	35.5736386	-97.550184
OK	40109108506	2612414	0	1.009	0.	35.5866658	-97.5755377
OK	40109108507	1069686	0	0.413	0.	35.5579085	-97.5707996
OK	40109108508	6027418	9149008	2.327	3.532	35.5552748	-97.6062333
OK	40109108513	2281704	300549	0.881	0.116	35.5695907	-97.628799
OK	40109108514	2053907	27247	0.793	0.011	35.5598926	-97.6281083
OK	40109108515	3240835	37678	1.251	0.015	35.5695769	-97.6452569
OK	40109108520	2538782	0	0.98	0.	35.6016788	-97.5762303
OK	40109108521	2408416	0	0.93	0.	35.5560288	-97.6450283
OK	40109108523	3204173	0	1.237	0.	35.5798491	-97.662698
OK	40109108524	3897745	105317	1.505	0.041	35.5965975	-97.667301
OK	40109108525	995331	0	0.384	0.	35.5539046	-97.6659803
OK	40109108526	2350854	0	0.908	0.	35.5631677	-97.6655292
OK	40109108527	2545552	9280	0.983	0.004	35.598258	-97.6296115
OK	40109108528	2564638	125679	0.99	0.049	35.6056465	-97.6469542
OK	40109108529	2533336	59898	0.978	0.023	35.5893034	-97.6328452
OK	40109108530	2599082	0	1.004	0.	35.58736	-97.6473523
OK	40109108531	5257527	0	2.03	0.	35.6530144	-97.5761439
OK	40109108532	41418433	59819	15.992	0.023	35.6584718	-97.6267926
OK	40109108533	46835352	143407	18.083	0.055	35.7055546	-97.6194268
OK	40109108534	15384642	180700	5.94	0.07	35.617385	-97.6193793
OK	40109108535	15902241	41866	6.14	0.016	35.6302877	-97.6149145
OK	40109108536	3246860	0	1.254	0.	35.5841779	-97.613591
OK	40109108537	4806664	126571	1.856	0.049	35.5875909	-97.5934739
OK	40109108538	2574657	0	0.994	0.	35.6018497	-97.6117927
OK	40109108603	15415446	22424	5.952	0.009	35.4039442	-97.65037
OK	40109108604	33247158	34186	12.837	0.013	35.4406052	-97.6266123
OK	40109108701	20672602	0	7.982	0.	35.406273	-97.3355374
OK	40109108706	5029739	0	1.942	0.	35.4569396	-97.3356473
OK	40109108707	5127795	0	1.98	0.	35.4426028	-97.3355235
OK	40109108708	31060126	0	11.992	0.	35.4459866	-97.1903597
OK	40109108709	46640414	0	18.008	0.	35.4036808	-97.183242
OK	40109108710	10221740	3054	3.947	0.001	35.447359	-97.302284
OK	40109108711	15117809	63973	5.837	0.025	35.4532806	-97.2529203
OK	40109108712	16748366	0	6.467	0.	35.3886625	-97.2849992
OK	40109108713	34404648	0	13.284	0.	35.4149914	-97.2689506
OK	40109108802	23221866	23576	8.966	0.009	35.4849831	-97.2699415
OK	40109108803	10221201	0	3.946	0.	35.5220188	-97.3356052
OK	40109108804	36128121	0	13.949	0.	35.531349	-97.2902872
OK	40109108805	15334336	33557	5.921	0.013	35.4950116	-97.329002
OK	40109108806	5150631	0	1.989	0.	35.4713289	-97.3179888
OK	40109108807	2559349	0	0.988	0.	35.471295	-97.3443678
OK	40109108900	77662994	16652	29.986	0.006	35.5821397	-97.2893899
OK	40109109001	83343022	2556	32.179	0.001	35.5966072	-97.1918974
OK	40109109003	25686627	0	9.918	0.	35.4803963	-97.1909546
OK	40109109004	80959456	1297478	31.259	0.501	35.5284203	-97.2037381
OK	40109109202	137998481	25629	53.282	0.01	35.6776501	-97.2209267
OK	40109109203	56624455	0	21.863	0.	35.7001522	-97.3541979
OK	40109109204	24302476	0	9.383	0.	35.6672457	-97.3793405
OK	40109109205	47269741	9185551	18.251	3.547	35.6308862	-97.3611484
OK	40109109300	1209344	0	0.467	0.	35.5041501	-97.5215985
OK	40109109400	1325798	0	0.512	0.	35.4868673	-97.5187573
OK	40109109500	7011337	5368	2.707	0.002	35.4765252	-97.4741577
OK	40109109600	1061628	0	0.41	0.	35.4761553	-97.506514
OK	40109109700	3831693	0	1.479	0.	35.4654209	-97.5025006
OK	40109109800	2679487	0	1.035	0.	35.4651432	-97.5386368
OK	40109109900	3266102	0	1.261	0.	35.4600743	-97.5214109
OK	40109110000	5837327	0	2.254	0.	35.4622866	-97.5571413
OK	40109980001	16524613	0	6.38	0.	35.4146047	-97.3910799
OK	40109980002	150662	0	0.058	0.	35.5293641	-97.5769688
OK	40109980003	465371	0	0.18	0.	35.533107	-97.5266911
OK	40109980004	192132	0	0.074	0.	35.6071023	-97.6005123
OK	40109980005	139948	0	0.054	0.	35.4838895	-97.4967196
OK	40109980006	122156	0	0.047	0.	35.4786228	-97.5234111
OK	40109980007	399975	0	0.154	0.	35.4670592	-97.5159959
OK	40109980008	403673	0	0.156	0.	35.4802668	-97.4980841
OK	40109980009	353386	0	0.136	0.	35.4599004	-97.5158171
OK	40111000100	10329165	92321	3.988	0.036	35.6389464	-95.940521
OK	40111000200	19969419	0	7.71	0.	35.6441438	-95.9871513
OK	40111000300	18585048	0	7.176	0.	35.6033834	-95.9962397
OK	40111000400	27611441	1759	10.661	0.001	35.5882734	-95.9515014
OK	40111000500	488013656	5986003	188.423	2.311	35.647263	-96.0327158
OK	40111000601	157774735	0	60.917	0.	35.7971989	-95.9466166
OK	40111000602	227525400	449395	87.848	0.174	35.7933106	-96.1124571
OK	40111000700	425726691	1029841	164.374	0.398	35.6905524	-95.8097436
OK	40111000800	254620488	3957976	98.31	1.528	35.4820639	-95.9257639
OK	40111000901	101919341	1289060	39.351	0.498	35.4763314	-96.0404828
OK	40111000902	74294532	154511	28.685	0.06	35.411038	-96.0298085
OK	40113940001	779286683	31758305	300.884	12.262	36.4200751	-96.396013
OK	40113940003	1087995721	18209981	420.078	7.031	36.5824515	-96.757239
OK	40113940004	1300424634	19808261	502.097	7.648	36.8312954	-96.1948828
OK	40113940005	130166268	1034844	50.257	0.4	36.2250441	-96.051733
OK	40113940006	7474316	32533	2.886	0.013	36.1746627	-96.0147038
OK	40113940007	172754672	12551479	66.701	4.846	36.2208182	-96.1932225
OK	40113940008	532289181	5443989	205.518	2.102	36.5253297	-96.1376841
OK	40113940009	252361819	34300069	97.437	13.243	36.3253653	-96.1385529
OK	40113940011	1095631578	19562366	423.026	7.553	36.8290647	-96.6110481
OK	40113940012	393190220	4658601	151.812	1.799	36.6367678	-96.339115
OK	40113940013	13695372	219340	5.288	0.085	36.6633896	-96.3325231
OK	40113940014	31997425	767697	12.354	0.296	36.3381513	-96.0319572
OK	40113940015	21610297	183176	8.344	0.071	36.3886466	-96.0250322
OK	40115574100	350345644	2719913	135.269	1.05	36.9486897	-94.7783147
OK	40115574200	28447422	61328	10.984	0.024	36.9360135	-94.8935724
OK	40115574300	30927448	459375	11.941	0.177	36.8995952	-94.9049986
OK	40115574400	1855870	0	0.717	0.	36.884329	-94.884415
OK	40115574500	1655420	50212	0.639	0.019	36.8740573	-94.8800454
OK	40115574600	29650578	216764	11.448	0.084	36.897477	-94.8503682
OK	40115574700	285573464	5392207	110.261	2.082	36.8367342	-94.9007881
OK	40115574800	233070054	12165716	89.989	4.697	36.7212437	-94.8643835
OK	40115574900	257884635	14648588	99.57	5.656	36.7497839	-94.6803636
OK	40117957100	47064251	7152133	18.172	2.761	36.2944212	-96.475542
OK	40117957200	120780881	36633827	46.634	14.144	36.2067255	-96.3674055
OK	40117957300	249184846	1642413	96.211	0.634	36.2300384	-96.5566004
OK	40117957400	1017990058	23412744	393.048	9.04	36.3584935	-96.7714571
OK	40117957500	37007924	8401	14.289	0.003	36.3229221	-96.8037329
OK	40119010101	30104016	720998	11.623	0.278	36.1677998	-97.043808
OK	40119010102	2739732	35516	1.058	0.014	36.1390289	-97.0536372
OK	40119010201	12217707	389606	4.717	0.15	36.1610841	-97.0816047
OK	40119010202	6035241	12565	2.33	0.005	36.1390613	-97.0803059
OK	40119010300	3069052	0	1.185	0.	36.1219117	-97.0888371
OK	40119010400	2026969	0	0.783	0.	36.1261266	-97.0756032
OK	40119010501	1224392	0	0.473	0.	36.1238923	-97.0558475
OK	40119010502	240165	0	0.093	0.	36.1241347	-97.0615481
OK	40119010503	591242	0	0.228	0.	36.1185462	-97.0634183
OK	40119010600	9099635	0	3.513	0.	36.117561	-97.032216
OK	40119010700	6672291	0	2.576	0.	36.101934	-97.0571928
OK	40119010800	3264209	0	1.26	0.	36.1104254	-97.0833868
OK	40119010901	6553623	15868	2.53	0.006	36.1081966	-97.1317611
OK	40119010902	17652790	168564	6.816	0.065	36.0989787	-97.1017923
OK	40119011001	361827881	16171177	139.703	6.244	36.121301	-97.212291
OK	40119011002	212424892	1624477	82.018	0.627	36.0047861	-97.1499773
OK	40119011101	336678323	2929085	129.992	1.131	36.1530099	-96.9169249
OK	40119011103	178403959	1597139	68.882	0.617	36.0295811	-96.9307576
OK	40119011104	76232198	2156900	29.433	0.833	35.9622435	-97.0281779
OK	40119011200	201597878	1151292	77.837	0.445	36.1107931	-96.7226076
OK	40119011301	149569641	1356744	57.749	0.524	36.0020214	-96.686205
OK	40119011302	12931399	29646	4.993	0.011	35.9610024	-96.7571943
OK	40119011400	142728615	3632303	55.108	1.402	35.9930241	-96.8469456
OK	40121485601	32922276	13054919	12.711	5.041	35.2633136	-95.4906033
OK	40121485602	111510825	25160934	43.055	9.715	35.1908854	-95.5238559
OK	40121485700	428805174	38094118	165.563	14.708	35.0692419	-95.5106182
OK	40121485800	405225017	72702072	156.458	28.07	35.1145879	-95.756903
OK	40121485900	601671230	3103051	232.307	1.198	34.9808535	-95.9785645
OK	40121486000	201642255	20331689	77.855	7.85	34.9600368	-95.6796848
OK	40121486100	14637240	73268	5.651	0.028	34.9490724	-95.7450668
OK	40121486200	12682534	536392	4.897	0.207	34.9705301	-95.7732713
OK	40121486300	8543820	283720	3.299	0.11	34.9492927	-95.810316
OK	40121486400	17935261	0	6.925	0.	34.9148001	-95.7889368
OK	40121486500	8246866	14414	3.184	0.006	34.9120436	-95.7595863
OK	40121486600	352946353	3604945	136.273	1.392	34.8375538	-95.9164294
OK	40121486700	712603289	8158977	275.138	3.15	34.7462379	-95.6226218
OK	40121486800	471889397	2324831	182.198	0.898	34.7080479	-95.8920483
OK	40123088600	347640436	3458601	134.225	1.335	34.8383868	-96.5536494
OK	40123088700	339193158	2876030	130.963	1.11	34.6469895	-96.5389893
OK	40123088801	31797133	169591	12.277	0.065	34.7553268	-96.6197595
OK	40123088802	48486912	25155	18.721	0.01	34.8052566	-96.6309495
OK	40123088900	4241420	0	1.638	0.	34.7787396	-96.6608125
OK	40123089000	87672546	312591	33.851	0.121	34.7580258	-96.7040688
OK	40123089100	4668297	0	1.802	0.	34.7784296	-96.6902696
OK	40123089200	1959012	0	0.756	0.	34.7760086	-96.6782833
OK	40123089300	5216357	0	2.014	0.	34.7609234	-96.677674
OK	40123089598	501259125	4170847	193.537	1.61	34.8039054	-96.8395743
OK	40123089600	493571053	1712719	190.569	0.661	34.604996	-96.7600845
OK	40125500200	13116284	27235	5.064	0.011	35.3169296	-96.9198276
OK	40125500301	2603084	0	1.005	0.	35.3399745	-96.9032184
OK	40125500302	5271001	0	2.035	0.	35.325326	-96.894696
OK	40125500400	2605341	0	1.006	0.	35.3399732	-96.9210113
OK	40125500500	6606799	0	2.551	0.	35.3501913	-96.9425632
OK	40125500600	2593056	0	1.001	0.	35.3544554	-96.9209973
OK	40125500700	5212258	0	2.012	0.	35.3690103	-96.9297628
OK	40125500800	10351488	56876	3.997	0.022	35.3570903	-96.8992865
OK	40125500901	134390863	77914	51.889	0.03	35.3591186	-96.8523458
OK	40125500902	151918383	227705	58.656	0.088	35.4397717	-96.7615813
OK	40125501003	98586866	5612122	38.065	2.167	35.3114131	-97.0980321
OK	40125501004	112374141	187214	43.388	0.072	35.3213603	-97.0086339
OK	40125501005	61009874	205187	23.556	0.079	35.4121526	-97.1066217
OK	40125501006	132991263	330182	51.348	0.127	35.4345766	-96.9916991
OK	40125501101	88178550	597898	34.046	0.231	35.2806478	-96.8851708
OK	40125501103	101645483	0	39.246	0.	35.2023757	-97.0974706
OK	40125501104	216520033	309432	83.599	0.119	35.1765963	-96.9888059
OK	40125501105	130620657	838881	50.433	0.324	35.2168891	-96.8664909
OK	40125501201	250907489	582364	96.876	0.225	35.0944269	-96.8607508
OK	40125501300	512872726	5792663	198.021	2.237	35.0076339	-96.9929826
OK	40127097600	1205291925	54777508	465.366	21.15	34.580974	-95.2910987
OK	40127097701	29942503	655474	11.561	0.253	34.2284588	-95.6119294
OK	40127097702	668198432	5407668	257.993	2.088	34.3083745	-95.6794005
OK	40127097800	1710996794	9151044	660.62	3.533	34.3451317	-95.3298591
OK	40129960000	2955524813	13688537	1141.135	5.285	35.7085544	-99.7415716
OK	40131050101	6159477	0	2.378	0.	36.2945745	-95.6209826
OK	40131050103	2649078	0	1.023	0.	36.3289635	-95.6233056
OK	40131050104	1970347	0	0.761	0.	36.3154187	-95.6234677
OK	40131050105	20780700	0	8.023	0.	36.3086263	-95.649248
OK	40131050201	21396132	1164415	8.261	0.45	36.3327364	-95.5575237
OK	40131050202	2308946	0	0.891	0.	36.3144872	-95.6048063
OK	40131050203	4465550	24469	1.724	0.009	36.3110288	-95.5924289
OK	40131050301	84831019	9042648	32.753	3.491	36.4299126	-95.5998041
OK	40131050302	62584485	62669	24.164	0.024	36.4293195	-95.4818555
OK	40131050303	60289985	610191	23.278	0.236	36.3723302	-95.5221383
OK	40131050304	67973287	244681	26.245	0.094	36.3613436	-95.6371256
OK	40131050403	59808736	292830	23.092	0.113	36.3507507	-95.7614078
OK	40131050404	15529419	0	5.996	0.	36.3002516	-95.7942526
OK	40131050405	46747864	664945	18.049	0.257	36.2788053	-95.7357422
OK	40131050406	24866275	54841	9.601	0.021	36.2571796	-95.784576
OK	40131050407	36397147	125401	14.053	0.048	36.1962357	-95.7878972
OK	40131050408	25427669	114790	9.818	0.044	36.21365	-95.738862
OK	40131050409	53706508	1454827	20.736	0.562	36.1841422	-95.6637182
OK	40131050501	183688240	1185491	70.922	0.458	36.183923	-95.4945008
OK	40131050502	75014488	1444463	28.963	0.558	36.1272394	-95.543429
OK	40131050601	29893881	320500	11.542	0.124	36.2636498	-95.6538587
OK	40131050602	19209605	241959	7.417	0.093	36.2287705	-95.7049435
OK	40131050603	61901520	872956	23.9	0.337	36.2352204	-95.6179703
OK	40131050604	126905985	266941	48.999	0.103	36.3009621	-95.4972734
OK	40131050701	13088800	56517	5.054	0.022	36.5345039	-95.4341153
OK	40131050702	267522005	33881053	103.291	13.082	36.5329208	-95.4837932
OK	40131050801	106354372	435386	41.064	0.168	36.4014788	-95.7335836
OK	40131050802	268704976	40384124	103.748	15.592	36.5281151	-95.7069923
OK	40133583100	273928280	2509922	105.764	0.969	35.3290648	-96.5009608
OK	40133583200	338324327	2009255	130.628	0.776	35.322805	-96.6446876
OK	40133583300	51066288	331936	19.717	0.128	35.2424022	-96.645229
OK	40133583400	97106383	440217	37.493	0.17	35.2409422	-96.7154568
OK	40133583500	3743979	0	1.446	0.	35.2254554	-96.6748135
OK	40133583600	66235232	450169	25.574	0.174	35.168723	-96.4790173
OK	40133583700	221293754	1639480	85.442	0.633	35.1214215	-96.6927847
OK	40133583800	261038560	8506453	100.788	3.284	34.9719757	-96.7001174
OK	40133583900	326257084	4073275	125.969	1.573	35.0364471	-96.5446539
OK	40135030101	386451968	2983991	149.21	1.152	35.5482463	-94.7702238
OK	40135030103	59479682	2706269	22.965	1.045	35.3959346	-94.4848687
OK	40135030105	335293737	1965295	129.458	0.759	35.5429151	-94.5511666
OK	40135030106	15273858	93691	5.897	0.036	35.4209368	-94.5326586
OK	40135030201	162676956	13309421	62.81	5.139	35.6075894	-94.9960379
OK	40135030202	370018458	54090802	142.865	20.885	35.4945126	-94.9618822
OK	40135030301	15427190	121009	5.956	0.047	35.4626306	-94.8174194
OK	40135030303	4082342	6012	1.576	0.002	35.4552257	-94.7921762
OK	40135030304	30596388	453924	11.813	0.175	35.4520791	-94.7711858
OK	40135030401	221012929	21778189	85.334	8.409	35.3954237	-94.7279411
OK	40135030403	40033520	493451	15.457	0.191	35.4353141	-94.5935609
OK	40135030404	104206498	7071337	40.234	2.73	35.3531348	-94.5670912
OK	40137000101	17321384	231710	6.688	0.089	34.5290945	-97.9890592
OK	40137000102	30643451	309813	11.832	0.12	34.4742448	-97.987243
OK	40137000200	8467691	62777	3.269	0.024	34.541093	-97.9584775
OK	40137000300	1888372	0	0.729	0.	34.5073268	-97.9603847
OK	40137000400	25402592	156126	9.808	0.06	34.5289131	-97.9392687
OK	40137000600	17082334	224215	6.596	0.087	34.4818294	-97.9421054
OK	40137000800	436065422	13271413	168.366	5.124	34.4776135	-98.0594448
OK	40137000901	156426771	2839821	60.397	1.096	34.6440381	-98.0609291
OK	40137000902	458108466	11936948	176.877	4.609	34.6109505	-97.736372
OK	40137001000	500166837	3943457	193.116	1.523	34.4332272	-97.6787701
OK	40137001100	602265956	21848531	232.536	8.436	34.3572512	-97.9040139
OK	40139950600	1215319140	3345709	469.237	1.292	36.841634	-101.1429966
OK	40139950700	2210062371	6148326	853.31	2.374	36.6819654	-101.393682
OK	40139950800	5124635	0	1.979	0.	36.6822098	-101.4744372
OK	40139950901	24121357	22792	9.313	0.009	36.6821532	-101.4476601
OK	40139950902	57072412	205021	22.036	0.079	36.7003614	-101.4996682
OK	40139951000	1775223253	9447493	685.418	3.648	36.7478103	-101.8437201
OK	40141070100	1134248254	13514455	437.936	5.218	34.485907	-98.9169535
OK	40141070200	301555908	550768	116.431	0.213	34.5146304	-99.1147717
OK	40141070300	38104280	207495	14.712	0.08	34.4206669	-99.0215622
OK	40141070400	53848372	271170	20.791	0.105	34.3569407	-99.0234161
OK	40141070500	728470135	6351166	281.264	2.452	34.3211983	-98.7373926
OK	40143000200	6815430	20651	2.631	0.008	36.1956021	-95.9490655
OK	40143000300	2573341	0	0.994	0.	36.1843553	-95.9313948
OK	40143000400	2559766	0	0.988	0.	36.1842953	-95.9491942
OK	40143000500	1745228	0	0.674	0.	36.1859714	-95.9688381
OK	40143000800	1130739	0	0.437	0.	36.1842882	-95.997392
OK	40143000900	1203646	0	0.465	0.	36.1691227	-95.9973811
OK	40143001000	1436037	0	0.554	0.	36.1695117	-95.9886808
OK	40143001200	3092312	0	1.194	0.	36.1685993	-95.9752346
OK	40143001300	2187196	0	0.844	0.	36.172754	-95.9624259
OK	40143001400	2917469	0	1.126	0.	36.1689713	-95.9492494
OK	40143001500	2910721	0	1.124	0.	36.1689367	-95.9314123
OK	40143001600	2922808	0	1.129	0.	36.1689222	-95.9135392
OK	40143001700	2306927	0	0.891	0.	36.1543151	-95.9135539
OK	40143001800	1155389	0	0.446	0.	36.1542699	-95.9269671
OK	40143001900	1150641	0	0.444	0.	36.1542856	-95.9358864
OK	40143002000	1078021	0	0.416	0.	36.1577642	-95.9492362
OK	40143002100	1236035	0	0.477	0.	36.1512727	-95.9493056
OK	40143002301	2617177	0	1.01	0.	36.1538255	-95.9689396
OK	40143002500	3834121	0	1.48	0.	36.1523851	-95.9906634
OK	40143002700	3691470	542600	1.425	0.209	36.1543853	-96.0185985
OK	40143002900	5922022	0	2.287	0.	36.1546731	-96.0627335
OK	40143003000	1907665	369036	0.737	0.142	36.1490655	-96.0380276
OK	40143003100	1118437	357005	0.432	0.138	36.1389945	-95.9943752
OK	40143003200	1278892	0	0.494	0.	36.1389113	-95.9810892
OK	40143003300	1261870	4742	0.487	0.002	36.1373853	-95.9665051
OK	40143003400	1264352	0	0.488	0.	36.14422	-95.9669138
OK	40143003500	1292074	0	0.499	0.	36.1441689	-95.9492814
OK	40143003600	1299201	0	0.502	0.	36.1369051	-95.9492851
OK	40143003700	2586337	0	0.999	0.	36.1405578	-95.9314448
OK	40143003800	2599455	0	1.004	0.	36.1406128	-95.9135402
OK	40143003900	2581111	0	0.997	0.	36.1260534	-95.9313906
OK	40143004000	2586205	0	0.999	0.	36.1115715	-95.9313121
OK	40143004101	2584033	0	0.998	0.	36.1115529	-95.9491651
OK	40143004200	2568947	15111	0.992	0.006	36.1255753	-95.9496595
OK	40143004301	2534138	0	0.978	0.	36.1260524	-95.9669367
OK	40143004302	2558396	0	0.988	0.	36.111531	-95.9669018
OK	40143004400	1350283	205102	0.521	0.079	36.111938	-95.9820847
OK	40143004500	1726983	263411	0.667	0.102	36.1251266	-95.9846747
OK	40143004600	1405542	263935	0.543	0.102	36.1318877	-96.0017861
OK	40143004700	3249224	0	1.255	0.	36.0981837	-96.03721
OK	40143004800	3411898	0	1.317	0.	36.0970141	-96.0211218
OK	40143004900	7829353	1382437	3.023	0.534	36.1067541	-95.9990449
OK	40143005001	1347772	279283	0.52	0.108	36.097022	-95.9826906
OK	40143005002	2547928	0	0.984	0.	36.0970843	-95.9669507
OK	40143005100	2467395	0	0.953	0.	36.0973587	-95.9490932
OK	40143005200	2592881	0	1.001	0.	36.0970764	-95.9312322
OK	40143005300	2588212	0	0.999	0.	36.1261279	-95.9135099
OK	40143005401	47385243	149950	18.296	0.058	36.372012	-95.899152
OK	40143005403	9035664	46681	3.489	0.018	36.3660959	-95.8499635
OK	40143005404	42742646	157846	16.503	0.061	36.3817572	-95.8240034
OK	40143005500	69565837	389003	26.86	0.15	36.3750326	-95.9623082
OK	40143005600	44057660	236667	17.011	0.091	36.301441	-95.9645164
OK	40143005700	4268494	9576	1.648	0.004	36.2296793	-95.9628116
OK	40143005801	6159498	10676	2.378	0.004	36.2672705	-95.8577802
OK	40143005805	7804501	20410	3.013	0.008	36.2724091	-95.8391488
OK	40143005808	64190246	280726	24.784	0.108	36.2828819	-95.8923175
OK	40143005809	7695388	21860	2.971	0.008	36.2956123	-95.8535319
OK	40143005810	6460485	14906	2.494	0.006	36.3303795	-95.8397439
OK	40143005811	9952621	0	3.843	0.	36.3109324	-95.8333664
OK	40143005812	2598723	0	1.003	0.	36.2858016	-95.8211508
OK	40143005813	5193701	22645	2.005	0.009	36.2592552	-95.8200953
OK	40143005900	47636504	218876	18.393	0.085	36.1988841	-95.8418784
OK	40143006000	2918568	0	1.127	0.	36.1688963	-95.8956305
OK	40143006200	4558752	0	1.76	0.	36.1995729	-95.9847186
OK	40143006506	10004815	2461	3.863	0.001	36.1145026	-96.0865673
OK	40143006507	15400025	0	5.946	0.	36.0899914	-96.0917664
OK	40143006600	26595543	1589307	10.269	0.614	36.1261112	-96.0383162
OK	40143006701	7684208	530078	2.967	0.205	36.0810178	-96.0199479
OK	40143006703	7953528	2221123	3.071	0.858	36.0220896	-95.9689411
OK	40143006708	21304970	2069781	8.226	0.799	35.9779154	-95.9462284
OK	40143006709	15435912	147166	5.96	0.057	36.0106679	-96.0116336
OK	40143006710	7814583	127196	3.017	0.049	35.9996112	-95.9847415
OK	40143006711	6190108	514561	2.39	0.199	36.0686593	-96.0015346
OK	40143006712	8468873	520536	3.27	0.201	36.0441332	-95.9917504
OK	40143006713	6418354	17211	2.478	0.007	36.048782	-96.0167344
OK	40143006801	1330413	308397	0.514	0.119	36.0834089	-95.9808396
OK	40143006803	1320234	0	0.51	0.	36.0827295	-95.9623709
OK	40143006804	1282908	0	0.495	0.	36.082435	-95.9713165
OK	40143006901	2587555	0	0.999	0.	36.0825894	-95.9311733
OK	40143006902	2588445	0	0.999	0.	36.0826047	-95.9133011
OK	40143006903	2587539	0	0.999	0.	36.0826383	-95.8954364
OK	40143006905	2596735	0	1.003	0.	36.0971484	-95.8954934
OK	40143006906	2597788	0	1.003	0.	36.0972033	-95.8775798
OK	40143006907	2588930	15340	1.	0.006	36.0862123	-95.8819783
OK	40143007000	2584996	0	0.998	0.	36.1116264	-95.9134604
OK	40143007101	2602013	0	1.005	0.	36.1407218	-95.8955975
OK	40143007102	3022567	102703	1.167	0.04	36.139163	-95.8728756
OK	40143007200	2274712	0	0.878	0.	36.154349	-95.8956494
OK	40143007304	2030429	0	0.784	0.	36.1405001	-95.8581589
OK	40143007306	2586432	0	0.999	0.	36.1262059	-95.8421746
OK	40143007308	22472021	988675	8.676	0.382	36.1401875	-95.7895439
OK	40143007309	2260199	0	0.873	0.	36.1543219	-95.8422519
OK	40143007310	2588584	0	0.999	0.	36.1407266	-95.8421865
OK	40143007311	4839807	19620	1.869	0.008	36.1461971	-95.8254309
OK	40143007312	2578063	7142	0.995	0.003	36.129999	-95.8258754
OK	40143007313	1234742	0	0.477	0.	36.1262606	-95.8553629
OK	40143007314	1438146	37424	0.555	0.014	36.1262241	-95.8652667
OK	40143007402	2566819	0	0.991	0.	36.0538151	-95.7884706
OK	40143007408	2583010	11479	0.997	0.004	36.054859	-95.7716248
OK	40143007409	5178332	10566	1.999	0.004	36.0674978	-95.8376726
OK	40143007410	2496287	46776	0.964	0.018	36.0692301	-95.8616412
OK	40143007411	2544515	0	0.982	0.	36.0536354	-95.8597407
OK	40143007412	2596902	0	1.003	0.	36.0536254	-95.8420567
OK	40143007413	2572367	0	0.993	0.	36.0536557	-95.8242309
OK	40143007414	2587685	0	0.999	0.	36.0681854	-95.8063717
OK	40143007415	2597018	0	1.003	0.	36.0536804	-95.8063832
OK	40143007416	2588348	0	0.999	0.	36.068232	-95.7705835
OK	40143007417	2388627	0	0.922	0.	36.0677211	-95.7882851
OK	40143007503	2639357	0	1.019	0.	36.0393014	-95.7885462
OK	40143007507	2586766	0	0.999	0.	36.0246805	-95.8064065
OK	40143007510	2588038	0	0.999	0.	36.0391744	-95.8064071
OK	40143007511	5192032	0	2.005	0.	36.0101872	-95.7795274
OK	40143007512	2595267	0	1.002	0.	36.0101639	-95.8063354
OK	40143007518	2579876	0	0.996	0.	36.0391319	-95.8420761
OK	40143007519	2585720	0	0.998	0.	36.0391594	-95.8242467
OK	40143007520	5058216	0	1.953	0.	36.0028827	-95.8598592
OK	40143007522	2604764	0	1.006	0.	35.995612	-95.8063078
OK	40143007523	2578913	0	0.996	0.	35.9811025	-95.8062707
OK	40143007525	2592640	0	1.001	0.	36.0246784	-95.78853
OK	40143007526	5204652	0	2.01	0.	36.0319531	-95.7706177
OK	40143007527	2584104	0	0.998	0.	36.039112	-95.8773972
OK	40143007528	2530652	0	0.977	0.	36.0391395	-95.859757
OK	40143007529	2584218	0	0.998	0.	36.024673	-95.8242577
OK	40143007530	5139001	0	1.984	0.	36.0246293	-95.8508635
OK	40143007531	10433735	0	4.028	0.	36.0028424	-95.8331956
OK	40143007532	7769355	0	3.	0.	35.981075	-95.8419198
OK	40143007533	14407577	3215709	5.563	1.242	35.9520243	-95.8416454
OK	40143007534	9597754	2497967	3.706	0.964	35.958686	-95.7797786
OK	40143007535	5200865	0	2.008	0.	35.9956629	-95.7795024
OK	40143007536	5203994	0	2.009	0.	35.981108	-95.7794729
OK	40143007608	731769	241191	0.283	0.093	36.0689609	-95.9794686
OK	40143007611	2735577	298	1.056	0.	36.068092	-95.9455698
OK	40143007612	2529631	0	0.977	0.	36.0536842	-95.9490831
OK	40143007613	2590136	0	1.	0.	36.0681062	-95.9310671
OK	40143007614	2638819	0	1.019	0.	36.0535733	-95.9311936
OK	40143007615	2582249	15694	0.997	0.006	36.0682768	-95.9081969
OK	40143007616	2592607	1326	1.001	0.001	36.0681258	-95.8928088
OK	40143007617	2578194	4095	0.995	0.002	36.0683616	-95.8755406
OK	40143007619	2615235	0	1.01	0.	36.0536197	-95.8952388
OK	40143007629	2576870	0	0.995	0.	36.0245963	-95.8953639
OK	40143007630	2605704	0	1.006	0.	36.0246124	-95.877513
OK	40143007631	2581785	0	0.997	0.	36.0391239	-95.9310707
OK	40143007632	2602799	0	1.005	0.	36.0391263	-95.9132023
OK	40143007633	2579781	19682	0.996	0.008	36.0241274	-95.9124743
OK	40143007634	4400819	102471	1.699	0.04	36.0224313	-95.9305727
OK	40143007636	5168360	0	1.996	0.	36.002779	-95.8954528
OK	40143007638	9237666	1278924	3.567	0.494	36.0022089	-95.9335119
OK	40143007639	2605622	0	1.006	0.	36.0391245	-95.8952531
OK	40143007641	1343067	132316	0.519	0.051	36.0522258	-95.9631427
OK	40143007642	680984	608517	0.263	0.235	36.0534087	-95.9707339
OK	40143007643	690902	28202	0.267	0.011	36.0665649	-95.9594497
OK	40143007644	1837404	42984	0.709	0.017	36.0695192	-95.9688233
OK	40143007645	1287048	0	0.497	0.	36.0500337	-95.8773369
OK	40143007646	1286951	0	0.497	0.	36.0573041	-95.8774049
OK	40143007647	1418629	1000	0.548	0.	36.0498414	-95.9122015
OK	40143007648	1155850	0	0.446	0.	36.057432	-95.9141847
OK	40143007649	1306067	0	0.504	0.	36.039179	-95.9444694
OK	40143007650	1937717	415209	0.748	0.16	36.039088	-95.9567589
OK	40143007651	2604835	0	1.006	0.	35.9955788	-95.8775823
OK	40143007652	2624584	0	1.013	0.	36.0101018	-95.8775298
OK	40143007653	2592409	0	1.001	0.	35.9955834	-95.9133037
OK	40143007654	2601737	0	1.005	0.	36.010086	-95.9132646
OK	40143007655	4565149	1464647	1.763	0.566	35.9610468	-95.8795949
OK	40143007656	5216226	0	2.014	0.	35.9810256	-95.886565
OK	40143007703	68166334	16266	26.319	0.006	35.8936418	-95.9887386
OK	40143007704	5238019	0	2.022	0.	35.9518686	-95.9939316
OK	40143007705	18125834	0	6.998	0.	35.9332134	-96.005277
OK	40143007706	2595255	0	1.002	0.	35.9664575	-95.9848921
OK	40143007707	10433247	0	4.028	0.	35.9737905	-96.0116585
OK	40143007801	33601958	4078035	12.974	1.575	35.921719	-95.8201858
OK	40143007803	23176458	132091	8.948	0.051	35.9388089	-95.916316
OK	40143007804	83421179	57534	32.209	0.022	35.8950503	-95.8648927
OK	40143007900	3739248	0	1.444	0.	36.2277187	-95.9884706
OK	40143008001	4491138	6436	1.734	0.002	36.216406	-95.9604159
OK	40143008002	3721404	6586	1.437	0.003	36.2138	-95.9869364
OK	40143008200	2923840	0	1.129	0.	36.1688774	-95.8777219
OK	40143008300	2274925	0	0.878	0.	36.1543632	-95.8777356
OK	40143008400	2602133	0	1.005	0.	36.1261856	-95.8956112
OK	40143008501	2430761	11230	0.939	0.004	36.1251802	-95.8797001
OK	40143008502	5176564	17930	1.999	0.007	36.1131149	-95.8900408
OK	40143008600	2586435	0	0.999	0.	36.0971157	-95.9133704
OK	40143008700	2554061	0	0.986	0.	36.0832401	-95.9492174
OK	40143008800	2841379	677419	1.097	0.262	36.1430318	-96.0595148
OK	40143008900	2226128	0	0.86	0.	36.1543359	-95.8599966
OK	40143009006	2583938	2498	0.998	0.001	36.1113777	-95.8405662
OK	40143009008	5137855	10192	1.984	0.004	36.0973276	-95.8409496
OK	40143009010	1189874	0	0.459	0.	36.1118875	-95.8290576
OK	40143009011	1315097	0	0.508	0.	36.1117209	-95.8641419
OK	40143009012	1232681	0	0.476	0.	36.1117309	-95.8553611
OK	40143009013	7770368	0	3.	0.	36.111662	-95.7884445
OK	40143009014	1393746	0	0.538	0.	36.1115789	-95.82017
OK	40143009015	2532544	56284	0.978	0.022	36.0996768	-95.7742484
OK	40143009016	2543871	23528	0.982	0.009	36.0988444	-95.7926756
OK	40143009017	2568008	24534	0.992	0.009	36.1000901	-95.8201731
OK	40143009018	2587410	0	0.999	0.	36.097206	-95.8063616
OK	40143009019	10472865	49994	4.044	0.019	36.0803806	-95.8288291
OK	40143009020	2606411	0	1.006	0.	36.081843	-95.7881207
OK	40143009021	2549942	36977	0.985	0.014	36.0812353	-95.7661358
OK	40143009101	11717832	2792	4.524	0.001	36.2569884	-95.9841384
OK	40143009104	18978993	27864	7.328	0.011	36.2551789	-95.9507258
OK	40143009200	8493955	1267662	3.28	0.489	36.1418867	-96.0957282
OK	40143009300	14042509	1739277	5.422	0.672	36.1468353	-96.1358556
OK	40143009401	19036555	794149	7.35	0.307	36.1176917	-96.1649322
OK	40143009403	2817846	0	1.088	0.	36.0976073	-96.1272049
OK	40143009404	13289513	21474	5.131	0.008	36.0898824	-96.1513032
OK	40143009500	97812745	7305166	37.766	2.821	36.1206217	-96.2368965
OK	40143011300	32782969	1918722	12.658	0.741	36.1957662	-95.8935265
OK	40143011400	2558918	0	0.988	0.	36.1841599	-95.984689
OK	40145030101	21393043	946681	8.26	0.366	35.9703874	-95.3599509
OK	40145030102	21941287	2299934	8.472	0.888	35.9459355	-95.361665
OK	40145030201	116300111	24869980	44.904	9.602	36.0331526	-95.2539693
OK	40145030202	131492533	20972460	50.77	8.098	35.8809027	-95.3151958
OK	40145030300	242508698	4787291	93.633	1.848	36.0043567	-95.4449056
OK	40145030402	80049521	60660	30.907	0.023	36.1115714	-95.677018
OK	40145030403	15401630	1191	5.947	0.	36.1314235	-95.745474
OK	40145030406	5162505	8969	1.993	0.003	36.0962925	-95.7428411
OK	40145030407	2567051	5846	0.991	0.002	36.1139507	-95.7555493
OK	40145030408	2795884	0	1.079	0.	36.1121143	-95.7342142
OK	40145030502	15519305	0	5.992	0.	36.039146	-95.7438204
OK	40145030505	10391154	14786	4.012	0.006	36.0716788	-95.7038614
OK	40145030506	7748269	0	2.992	0.	36.0778162	-95.7408843
OK	40145030507	2578871	0	0.996	0.	36.0681795	-95.7527666
OK	40145030508	5218183	0	2.015	0.	36.0462857	-95.7170119
OK	40145030509	10269824	0	3.965	0.	36.0463025	-95.6901592
OK	40145030510	7810808	0	3.016	0.	36.024554	-95.6992448
OK	40145030511	18124183	0	6.998	0.	36.0038701	-95.7298
OK	40145030512	33810875	0	13.054	0.	36.0188713	-95.6620288
OK	40145030601	156324154	5865310	60.357	2.265	35.9188259	-95.7047277
OK	40145030603	11348042	0	4.382	0.	35.9722338	-95.6535438
OK	40145030604	7051734	354804	2.723	0.137	35.9332753	-95.6437163
OK	40145030605	5220134	0	2.016	0.	35.9446884	-95.6635587
OK	40145030798	308170785	10969819	118.985	4.235	35.8425285	-95.5090698
OK	40145030800	216157550	3657571	83.459	1.412	36.0098903	-95.6008385
OK	40147000100	2725680	0	1.052	0.	36.7758718	-95.9933309
OK	40147000200	5050177	0	1.95	0.	36.7544083	-95.9899976
OK	40147000300	3346281	0	1.292	0.	36.7500448	-95.9693428
OK	40147000400	12278691	0	4.741	0.	36.7604059	-95.9352038
OK	40147000500	5212578	0	2.013	0.	36.7497496	-95.9173744
OK	40147000601	5172658	0	1.997	0.	36.7352552	-95.9172411
OK	40147000602	10280312	15974	3.969	0.006	36.7188816	-95.9096001
OK	40147000700	13417695	32200	5.181	0.012	36.7240262	-95.9482873
OK	40147000800	4702325	0	1.816	0.	36.7304108	-95.9724209
OK	40147000900	5231599	0	2.02	0.	36.7272003	-95.9900821
OK	40147001000	260186759	18413819	100.459	7.11	36.9282726	-95.9067578
OK	40147001100	151868409	406763	58.637	0.157	36.8210639	-95.9053678
OK	40147001200	154943162	1073154	59.824	0.414	36.7209983	-95.8879894
OK	40147001300	441785205	2929255	170.574	1.131	36.5470199	-95.9111456
OK	40149964900	542670381	3705868	209.526	1.431	35.3960693	-99.1870567
OK	40149965000	616973815	2809153	238.215	1.085	35.196909	-99.1925716
OK	40149965100	496893337	2864782	191.852	1.106	35.2695654	-98.9496689
OK	40149965400	941452045	5199200	363.497	2.007	35.28511	-98.7924153
OK	40151954201	1350005252	2984304	521.24	1.152	36.8954775	-99.0024895
OK	40151954202	774579508	3605153	299.067	1.392	36.7387175	-98.73059
OK	40151954300	20280746	40386	7.83	0.016	36.7853838	-98.65242
OK	40151954400	1187106273	2451452	458.344	0.947	36.5871755	-98.7515219
OK	40153953100	1413767859	2457482	545.859	0.949	36.4984089	-99.1477234
OK	40153953200	1704564495	7086032	658.136	2.736	36.3419148	-99.3820879
OK	40153953300	36724913	43636	14.18	0.017	36.412379	-99.3672948
OK	40153953400	27792535	0	10.731	0.	36.4529907	-99.4471873
OK	40153953500	35951387	106423	13.881	0.041	36.4089051	-99.4278606
