USPS	GEOID	ALAND	AWATER	ALAND_SQMI	AWATER_SQMI	INTPTLAT	INTPTLONG
OR	41001950100	2875398036	14489031	1110.197	5.594	44.6150082	-118.1527414
OR	41001950200	20004679	0	7.724	0.	44.778647	-117.8751526
OR	41001950300	1747508928	5231275	674.717	2.02	44.5605166	-117.5792357
OR	41001950400	5381655	178981	2.078	0.069	44.79115	-117.8172115
OR	41001950500	501035961	1304623	193.451	0.504	44.9044089	-117.7863816
OR	41001950600	2796667556	30628721	1079.799	11.826	44.851074	-117.2473647
OR	41003000101	3486073	0	1.346	0.	44.5453941	-123.2669718
OR	41003000102	5499245	252878	2.123	0.098	44.5290776	-123.2600147
OR	41003000202	13690267	0	5.286	0.	44.5379846	-123.3076795
OR	41003000401	1829644	0	0.706	0.	44.5888852	-123.2898753
OR	41003000402	7263750	0	2.805	0.	44.6023532	-123.2801269
OR	41003000500	18924312	0	7.307	0.	44.6322952	-123.2601965
OR	41003000600	27138019	717216	10.478	0.277	44.610372	-123.1979735
OR	41003000900	9591548	0	3.703	0.	44.5846545	-123.3116193
OR	41003001001	1639309	0	0.633	0.	44.5895553	-123.2587324
OR	41003001002	1656250	0	0.639	0.	44.5829828	-123.272064
OR	41003001101	669130	0	0.258	0.	44.5738237	-123.2789951
OR	41003001102	1566823	0	0.605	0.	44.5727663	-123.2672324
OR	41003010101	12208466	780776	4.714	0.301	44.6523384	-123.1106267
OR	41003010102	38920540	573984	15.027	0.222	44.6702229	-123.1514352
OR	41003010200	486761800	309173	187.94	0.119	44.6254144	-123.4048254
OR	41003010300	627552472	864234	242.299	0.334	44.4023107	-123.5185177
OR	41003010400	426428829	3633575	164.645	1.403	44.383458	-123.3333466
OR	41003010601	1284638	115816	0.496	0.045	44.5632977	-123.2632627
OR	41003010602	954875	0	0.369	0.	44.5636798	-123.2734269
OR	41003010702	3474423	0	1.341	0.	44.5647662	-123.2928736
OR	41003010800	8467467	37232	3.269	0.014	44.5405029	-123.3596186
OR	41003010900	49773946	386013	19.218	0.149	44.5832422	-123.360602
OR	41005020101	2328007	0	0.899	0.	45.4287181	-122.6918413
OR	41005020102	2446584	217055	0.945	0.084	45.427728	-122.6711637
OR	41005020201	2466224	1068664	0.952	0.413	45.414307	-122.6873633
OR	41005020202	3209230	1450	1.239	0.001	45.4172831	-122.7029414
OR	41005020302	3453237	0	1.333	0.	45.410702	-122.7334592
OR	41005020303	2097442	0	0.81	0.	45.4260425	-122.7163408
OR	41005020304	2433046	1260	0.939	0.	45.4253875	-122.7388948
OR	41005020401	4025095	42715	1.554	0.016	45.3932368	-122.7296011
OR	41005020403	4047327	115028	1.563	0.044	45.3913924	-122.7065764
OR	41005020404	3042613	601917	1.175	0.232	45.4044858	-122.6914809
OR	41005020503	2352120	18518	0.908	0.007	45.4041623	-122.6674282
OR	41005020504	6477845	3088	2.501	0.001	45.3853349	-122.6593179
OR	41005020505	3420546	634391	1.321	0.245	45.3922427	-122.6392883
OR	41005020506	10699242	0	4.131	0.	45.3717841	-122.6729314
OR	41005020507	2398866	0	0.926	0.	45.3566454	-122.6443125
OR	41005020601	2404444	421269	0.928	0.163	45.3709141	-122.6176323
OR	41005020602	3892456	411047	1.503	0.159	45.3611386	-122.6287985
OR	41005020700	3141054	407647	1.213	0.157	45.349675	-122.6603465
OR	41005020800	3980174	336532	1.537	0.13	45.4475739	-122.639202
OR	41005020900	1763509	0	0.681	0.	45.4550889	-122.6277083
OR	41005021000	2458551	247	0.949	0.	45.4533417	-122.6109135
OR	41005021100	2476296	3783	0.956	0.001	45.4431814	-122.6103187
OR	41005021200	1983884	323315	0.766	0.125	45.4302863	-122.6437862
OR	41005021300	3408283	209415	1.316	0.081	45.4126599	-122.6441273
OR	41005021400	3310141	26034	1.278	0.01	45.4217042	-122.6227386
OR	41005021500	6182997	2777	2.387	0.001	45.4265789	-122.606918
OR	41005021601	2465479	27224	0.952	0.011	45.4550878	-122.5855437
OR	41005021602	2627139	1895	1.014	0.001	45.4402738	-122.5860445
OR	41005021700	4464013	508908	1.724	0.196	45.390632	-122.6213643
OR	41005021801	3752696	0	1.449	0.	45.4089152	-122.6037481
OR	41005021802	1796155	0	0.693	0.	45.4006919	-122.6139373
OR	41005021900	1537947	0	0.594	0.	45.3840971	-122.6024259
OR	41005022000	3606614	3390	1.393	0.001	45.3885307	-122.5897297
OR	41005022101	3256865	10910	1.257	0.004	45.4084269	-122.5790239
OR	41005022105	4595151	0	1.774	0.	45.4160149	-122.5422535
OR	41005022107	4579722	0	1.768	0.	45.425875	-122.560552
OR	41005022108	7174289	161674	2.77	0.062	45.400154	-122.5450998
OR	41005022109	1772139	0	0.684	0.	45.4195503	-122.5194985
OR	41005022110	1939806	0	0.749	0.	45.4182905	-122.5064186
OR	41005022201	2034575	0	0.786	0.	45.4454048	-122.5746079
OR	41005022205	2554197	0	0.986	0.	45.4379285	-122.5490814
OR	41005022206	5847581	0	2.258	0.	45.4507636	-122.5550892
OR	41005022207	4048390	0	1.563	0.	45.4356136	-122.5238648
OR	41005022208	11415369	0	4.407	0.	45.4468921	-122.5072224
OR	41005022301	18827897	762779	7.269	0.295	45.3847428	-122.5453333
OR	41005022302	18529687	25698	7.154	0.01	45.3449818	-122.5531906
OR	41005022400	2934815	156697	1.133	0.061	45.3571823	-122.5971128
OR	41005022501	2104244	140142	0.812	0.054	45.3446143	-122.6126495
OR	41005022502	3533284	0	1.364	0.	45.3434417	-122.5911247
OR	41005022602	11908145	893620	4.598	0.345	45.3204993	-122.6453549
OR	41005022603	3727711	4886	1.439	0.002	45.3196511	-122.5719486
OR	41005022605	6302324	6066	2.433	0.002	45.3209006	-122.5906135
OR	41005022606	5342814	0	2.063	0.	45.3211822	-122.6146646
OR	41005022702	51024416	2108368	19.701	0.814	45.3354298	-122.704445
OR	41005022707	17196175	5289	6.639	0.002	45.3228412	-122.8006574
OR	41005022708	30661916	753084	11.839	0.291	45.2975949	-122.836123
OR	41005022710	2787494	271973	1.076	0.105	45.3055335	-122.7474075
OR	41005022800	36657255	1465420	14.153	0.566	45.2800534	-122.7422751
OR	41005022901	24429488	410251	9.432	0.158	45.2649782	-122.6422378
OR	41005022904	2602554	50597	1.005	0.02	45.2662193	-122.69582
OR	41005022905	8354447	534766	3.226	0.206	45.2865462	-122.7064663
OR	41005022906	2722592	29199	1.051	0.011	45.2514765	-122.700875
OR	41005022907	1534104	0	0.592	0.	45.259325	-122.6821519
OR	41005023001	24784626	87710	9.569	0.034	45.3065155	-122.5180806
OR	41005023002	48974828	51598	18.909	0.02	45.2773876	-122.5583213
OR	41005023100	97269480	990468	37.556	0.382	45.3472062	-122.4700783
OR	41005023201	26365347	3361	10.18	0.001	45.445922	-122.4516028
OR	41005023202	22147607	517388	8.551	0.2	45.4052565	-122.4636439
OR	41005023300	39811817	19864	15.371	0.008	45.4308103	-122.3901666
OR	41005023401	48645186	170978	18.782	0.066	45.4260782	-122.3149571
OR	41005023403	9369254	1327	3.617	0.001	45.3840047	-122.2621936
OR	41005023404	13400004	29610	5.174	0.011	45.4108907	-122.2717298
OR	41005023500	93490257	1134835	36.097	0.438	45.3529265	-122.326152
OR	41005023600	123961616	1058606	47.862	0.409	45.2470661	-122.3787744
OR	41005023700	101234048	108371	39.087	0.042	45.2287696	-122.5466997
OR	41005023800	198174855	525412	76.516	0.203	45.1629231	-122.6926678
OR	41005023901	6095106	0	2.353	0.	45.1621337	-122.5881278
OR	41005023902	33703365	0	13.013	0.	45.1470771	-122.5724625
OR	41005024000	598020305	482463	230.897	0.186	45.0064031	-122.4358236
OR	41005024100	288478975	226549	111.382	0.087	45.1501895	-122.3801736
OR	41005024200	95066221	1048735	36.705	0.405	45.2685799	-122.238472
OR	41005024302	268415378	339872	103.636	0.131	45.3335038	-122.1252192
OR	41005024303	13612473	1514	5.256	0.001	45.3507355	-121.9860613
OR	41005024304	643063559	5201385	248.288	2.008	45.345402	-121.8624427
OR	41005024401	1903540	0	0.735	0.	45.3182883	-122.7494699
OR	41005024402	3988745	0	1.54	0.	45.3183534	-122.7610321
OR	41005980000	1634590508	6684470	631.119	2.581	45.0641988	-121.9884098
OR	41007950100	2654831	4118181	1.025	1.59	46.1796867	-123.8553732
OR	41007950200	3064389	1192855	1.183	0.461	46.1825123	-123.8334621
OR	41007950300	11741589	4416694	4.533	1.705	46.1921396	-123.7837173
OR	41007950400	308769794	86353719	119.217	33.341	46.1300279	-123.6746386
OR	41007950500	42304537	30921453	16.334	11.939	46.2010873	-123.9558558
OR	41007950600	185476191	5488210	71.613	2.119	46.0631037	-123.8231889
OR	41007950700	21641991	1689182	8.356	0.652	46.0423363	-123.9001951
OR	41007950900	5018084	1351651	1.937	0.522	45.9967289	-123.9256123
OR	41007951100	462992959	10876905	178.763	4.2	45.8862814	-123.8379637
OR	41007951200	1064534891	39234734	411.019	15.149	45.9865785	-123.5159182
OR	41007951300	36929121	5546510	14.258	2.142	46.0990511	-123.9199867
OR	41007990000	0	470183014	0.	181.539	46.0762956	-123.9866069
OR	41009970201	379509140	123240	146.529	0.048	46.0350314	-123.1842635
OR	41009970202	126084341	23011692	48.681	8.885	46.1410055	-123.1786407
OR	41009970300	86257098	15042461	33.304	5.808	46.0814686	-122.9817339
OR	41009970400	145955255	10599442	56.354	4.092	45.9757089	-122.933781
OR	41009970500	223812852	1950497	86.415	0.753	45.875701	-122.949006
OR	41009970600	53861343	1109804	20.796	0.428	45.816024	-122.8827409
OR	41009970700	4815260	2432493	1.859	0.939	45.857773	-122.8032444
OR	41009970800	5406023	0	2.087	0.	45.8576	-122.83192
OR	41009970900	62236462	23973017	24.03	9.256	45.7808201	-122.8085753
OR	41009971000	68842060	0	26.58	0.	45.7599239	-122.9554145
OR	41009971100	549204516	211598	212.049	0.082	45.8810115	-123.2001406
OR	41011000101	23266333	4092223	8.983	1.58	43.5907194	-124.2063322
OR	41011000102	58562852	17810617	22.611	6.877	43.5156298	-124.2354212
OR	41011000103	250867134	10606323	96.86	4.095	43.5187838	-124.1486643
OR	41011000200	967955548	15981390	373.73	6.17	43.3626548	-123.9659105
OR	41011000300	3139079	259823	1.212	0.1	43.3987805	-124.226695
OR	41011000401	4310110	2746581	1.664	1.06	43.4149965	-124.237233
OR	41011000402	2906233	1354	1.122	0.001	43.3958369	-124.2446833
OR	41011000502	152549783	40093978	58.9	15.48	43.3060182	-124.3333724
OR	41011000503	2822204	3210538	1.09	1.24	43.4103552	-124.270201
OR	41011000505	3894802	515376	1.504	0.199	43.3808421	-124.2555756
OR	41011000506	12889017	2348657	4.976	0.907	43.3623212	-124.2808487
OR	41011000600	7149404	196334	2.76	0.076	43.369432	-124.2440574
OR	41011000701	9006260	609709	3.477	0.235	43.3564369	-124.228565
OR	41011000702	28036755	980057	10.825	0.378	43.3160168	-124.228254
OR	41011000800	28144123	1799428	10.867	0.695	43.3265541	-124.1804271
OR	41011000901	84844181	255428	32.759	0.099	43.1522851	-124.1201834
OR	41011000902	219708992	2921704	84.83	1.128	43.2014519	-124.213399
OR	41011001001	12393145	5164472	4.785	1.994	43.1142518	-124.4166207
OR	41011001002	326188088	21505801	125.942	8.303	43.058954	-124.3467726
OR	41011001101	1254256258	2893085	484.271	1.117	42.9230352	-123.988735
OR	41011001102	680843621	2235826	262.875	0.863	43.1317684	-123.9875674
OR	41011990101	0	408478928	0.	157.715	43.2844238	-124.4048934
OR	41013950101	42534924	0	16.423	0.	44.3191426	-120.7400263
OR	41013950102	1292017290	4329371	498.851	1.672	44.3795403	-120.4906439
OR	41013950200	432230333	152052	166.885	0.059	44.4326444	-120.860844
OR	41013950301	414506360	524961	160.042	0.203	44.2548528	-121.0078402
OR	41013950302	1987199	0	0.767	0.	44.3016427	-120.8473217
OR	41013950401	157738534	0	60.903	0.	44.2287253	-120.7596623
OR	41013950402	5374376235	15998089	2075.058	6.177	44.0420698	-120.2163272
OR	41015950100	1690327400	98894328	652.639	38.183	42.714849	-124.1810565
OR	41015950201	162620865	13368947	62.788	5.162	42.3806177	-124.3716059
OR	41015950202	263342020	71885559	101.677	27.755	42.5702569	-124.3788399
OR	41015950301	1471037379	24387422	567.971	9.416	42.2661637	-124.1650816
OR	41015950302	8831275	4126242	3.41	1.593	42.0628105	-124.2960404
OR	41015950401	617909985	2561864	238.576	0.989	42.116865	-123.9370837
OR	41015950402	3422613	2432195	1.321	0.939	42.0367343	-124.2520453
OR	41015990101	0	716956249	0.	276.818	42.4864631	-124.4879058
OR	41017000100	3459504708	10528740	1335.722	4.065	43.7611386	-120.8356595
OR	41017000201	93569264	0	36.127	0.	43.6614799	-121.5060832
OR	41017000202	723717525	66252592	279.429	25.58	43.7256814	-121.7130224
OR	41017000301	104815734	0	40.47	0.	43.8016212	-121.4434833
OR	41017000302	50278331	0	19.413	0.	43.7378141	-121.5318849
OR	41017000401	143431479	294274	55.379	0.114	43.9314989	-121.3743124
OR	41017000403	35682365	863727	13.777	0.333	43.9021221	-121.4497991
OR	41017000404	19103591	0	7.376	0.	43.846064	-121.4854592
OR	41017000501	336046336	194595	129.748	0.075	44.3632055	-121.6403505
OR	41017000502	1634086993	14851164	630.925	5.734	44.0439864	-121.639724
OR	41017000601	173962779	142012	67.167	0.055	44.3317589	-121.3738889
OR	41017000602	102423285	580696	39.546	0.224	44.1603611	-121.3934961
OR	41017000603	165995689	0	64.091	0.	44.2468625	-121.3586558
OR	41017000701	31386638	0	12.118	0.	44.2937882	-121.1378109
OR	41017000702	109258381	267013	42.185	0.103	44.3561422	-121.1963192
OR	41017000800	9168971	0	3.54	0.	44.2934761	-121.1835354
OR	41017000901	13343173	1879	5.152	0.001	44.2579337	-121.1666232
OR	41017000902	2232577	0	0.862	0.	44.2684485	-121.1896019
OR	41017001002	78743046	0	30.403	0.	44.184002	-121.2091975
OR	41017001003	18512677	0	7.148	0.	44.2903948	-121.2195462
OR	41017001004	3743351	0	1.445	0.	44.2601598	-121.2086491
OR	41017001005	62483035	0	24.125	0.	44.2289944	-121.1751084
OR	41017001101	8884815	0	3.43	0.	44.0934956	-121.2841871
OR	41017001102	45284679	0	17.485	0.	44.1238545	-121.3185022
OR	41017001200	253625662	118350	97.925	0.046	44.0982176	-121.1228485
OR	41017001301	6630309	59656	2.56	0.023	44.0739865	-121.3251815
OR	41017001302	11357354	0	4.385	0.	44.0666211	-121.3594917
OR	41017001401	10883016	0	4.202	0.	44.0416812	-121.356164
OR	41017001402	1881878	152141	0.727	0.059	44.0502469	-121.3258734
OR	41017001501	2386986	0	0.922	0.	44.0423798	-121.3035122
OR	41017001502	2289872	115646	0.884	0.045	44.0519759	-121.3118706
OR	41017001601	2746098	46843	1.06	0.018	44.0712517	-121.2981915
OR	41017001602	2155841	12769	0.832	0.005	44.0604492	-121.3016034
OR	41017001701	3083964	0	1.191	0.	44.0745585	-121.2655831
OR	41017001702	1742786	0	0.673	0.	44.0720903	-121.2807625
OR	41017001801	2815771	0	1.087	0.	44.0600416	-121.2785819
OR	41017001802	3626501	0	1.4	0.	44.0459048	-121.2804774
OR	41017001901	35355551	0	13.651	0.	44.026159	-121.2182389
OR	41017001903	6154362	0	2.376	0.	44.0505933	-121.255514
OR	41017001904	16027939	0	6.188	0.	44.0143279	-121.2637538
OR	41017002001	4692541	0	1.812	0.	44.0011305	-121.3036849
OR	41017002002	8159621	0	3.15	0.	44.0214507	-121.3004864
OR	41017002101	6524338	0	2.519	0.	44.000805	-121.3499225
OR	41017002102	3599249	190676	1.39	0.074	44.0245972	-121.3449735
OR	41017002103	4174219	54855	1.612	0.021	44.0173988	-121.341453
OR	41019010000	773896942	46711485	298.803	18.035	43.7920826	-123.908142
OR	41019020000	559051602	17466383	215.851	6.744	43.5257611	-123.7368589
OR	41019030000	1451469727	9916499	560.416	3.829	43.704987	-123.5056301
OR	41019040000	366256253	244130	141.412	0.094	43.5497487	-123.2724357
OR	41019050001	451723258	517455	174.411	0.2	43.456287	-123.1368818
OR	41019050003	30910376	763413	11.935	0.295	43.367977	-123.2968755
OR	41019050004	2396486	0	0.925	0.	43.3936823	-123.3004511
OR	41019060000	276794401	4184954	106.871	1.616	43.4003565	-123.4454317
OR	41019070000	743598488	2327428	287.105	0.899	43.3144075	-123.6519105
OR	41019080001	26588736	834771	10.266	0.322	43.262257	-123.3907344
OR	41019080002	9580421	338853	3.699	0.131	43.2259159	-123.3881478
OR	41019090001	9890657	134691	3.819	0.052	43.2620493	-123.3408808
OR	41019090002	103651353	2375171	40.02	0.917	43.3232209	-123.2687575
OR	41019100000	2972506995	16731802	1147.691	6.46	43.3251132	-122.5428476
OR	41019110000	347239546	1531989	134.07	0.592	43.1916048	-123.1817545
OR	41019120001	37084255	74136	14.318	0.029	43.2470464	-123.2972484
OR	41019120002	4463005	0	1.723	0.	43.22668	-123.3469646
OR	41019130001	4419716	724330	1.706	0.28	43.1957317	-123.3572678
OR	41019130002	7191134	0	2.777	0.	43.2080287	-123.3094118
OR	41019140000	18867894	334845	7.285	0.129	43.185059	-123.3849435
OR	41019150001	7429586	310497	2.869	0.12	43.1554633	-123.3763128
OR	41019150002	4095723	50255	1.581	0.019	43.1479435	-123.3932382
OR	41019160001	52118340	341262	20.123	0.132	43.1389942	-123.4504358
OR	41019160002	29384658	4189	11.345	0.002	43.1091417	-123.3891963
OR	41019170000	738041332	53260	284.959	0.021	43.0164153	-123.5886579
OR	41019180000	349582104	20841	134.974	0.008	43.0975607	-123.153871
OR	41019190000	40864158	0	15.778	0.	42.9995352	-123.3142596
OR	41019200000	244952195	240125	94.577	0.093	42.9293427	-123.3683694
OR	41019210000	3378289378	718984	1304.365	0.278	42.9460136	-122.9778874
OR	41019990000	0	145009623	0.	55.989	43.7367426	-124.2278165
OR	41021960100	3120213758	46914702	1204.721	18.114	45.382955	-120.276246
OR	41023960100	7090801379	1331501	2737.774	0.514	44.6276205	-118.8397803
OR	41023960201	4045697326	386166	1562.053	0.149	44.2549652	-119.3101087
OR	41023960202	590427180	176140	227.965	0.068	44.4461475	-118.9315318
OR	41025960101	24989565	0	9.649	0.	43.5738108	-119.1032987
OR	41025960102	3178753814	3123078	1227.324	1.206	43.7275537	-119.3883625
OR	41025960200	23044329530	238445176	8897.466	92.064	42.9497423	-118.9026357
OR	41027950100	1080650166	18046063	417.241	6.968	45.4966594	-121.6818391
OR	41027950201	62722835	3914696	24.217	1.511	45.6673209	-121.6096856
OR	41027950202	4468150	0	1.725	0.	45.7011336	-121.5458795
OR	41027950301	4028572	4797636	1.555	1.852	45.714967	-121.5205092
OR	41027950302	1624515	0	0.627	0.	45.705234	-121.5276127
OR	41027950400	198961511	2285955	76.819	0.883	45.6149428	-121.5211869
OR	41029000100	2557714	0	0.988	0.	42.3275466	-122.8717923
OR	41029000201	1343171	0	0.519	0.	42.3273055	-122.8813263
OR	41029000202	1033559	0	0.399	0.	42.3231895	-122.8863034
OR	41029000203	1419295	0	0.548	0.	42.315657	-122.8819249
OR	41029000300	4058330	40123	1.567	0.015	42.3516035	-122.8890359
OR	41029000403	3158376	0	1.219	0.	42.3379871	-122.834558
OR	41029000404	2895092	0	1.118	0.	42.3529453	-122.8346907
OR	41029000405	1968819	0	0.76	0.	42.3455497	-122.8584856
OR	41029000406	2836014	0	1.095	0.	42.3525824	-122.861912
OR	41029000501	1950928	0	0.753	0.	42.3245378	-122.8584075
OR	41029000502	2492808	0	0.962	0.	42.3364357	-122.8585961
OR	41029000603	6867563	0	2.652	0.	42.3253096	-122.8074395
OR	41029000604	2565303	0	0.99	0.	42.3195833	-122.8242063
OR	41029000605	1986522	0	0.767	0.	42.3131728	-122.8295277
OR	41029000606	9489762	12206	3.664	0.005	42.3038589	-122.8137888
OR	41029000701	5987347	16509	2.312	0.006	42.3051898	-122.8684909
OR	41029000702	8257335	0	3.188	0.	42.2945902	-122.8933405
OR	41029000800	16126606	0	6.227	0.	42.3228606	-122.9202705
OR	41029000901	26543906	70630	10.249	0.027	42.3663415	-122.9457242
OR	41029000902	3368283	0	1.301	0.	42.3728081	-122.9254126
OR	41029001001	3053245	0	1.179	0.	42.3686523	-122.9016052
OR	41029001002	3408282	0	1.316	0.	42.3881191	-122.9246866
OR	41029001100	53305392	1766101	20.581	0.682	42.4193853	-122.9520334
OR	41029001200	18231747	21085	7.039	0.008	42.3735768	-122.8528178
OR	41029001301	36321622	638185	14.024	0.246	42.4209174	-122.8497893
OR	41029001303	1979532	0	0.764	0.	42.4312357	-122.828091
OR	41029001304	94189193	1049160	36.367	0.405	42.3757357	-122.7765752
OR	41029001401	3027301	0	1.169	0.	42.4784789	-122.8021595
OR	41029001402	56105619	703447	21.663	0.272	42.4914283	-122.829285
OR	41029001403	20699170	53921	7.992	0.021	42.4600386	-122.7924962
OR	41029001500	85463518	11345	32.998	0.004	42.3147758	-123.005461
OR	41029001601	4551210	0	1.757	0.	42.2909492	-122.831331
OR	41029001602	30456885	0	11.759	0.	42.2694183	-122.8598147
OR	41029001701	3149786	0	1.216	0.	42.228868	-122.760671
OR	41029001702	14192744	37144	5.48	0.014	42.2403866	-122.7911897
OR	41029001801	4344305	0	1.677	0.	42.1830103	-122.6712926
OR	41029001802	6992455	1056	2.7	0.	42.2069827	-122.707923
OR	41029001900	1571595	0	0.607	0.	42.1875107	-122.6949851
OR	41029002000	1062023	0	0.41	0.	42.1952957	-122.7080722
OR	41029002100	12230551	1646	4.722	0.001	42.1879381	-122.7423015
OR	41029002200	10853079	874	4.19	0.	42.1644066	-122.686727
OR	41029002300	592947696	89723	228.938	0.035	42.1155678	-122.8148677
OR	41029002400	46883206	2599786	18.102	1.004	42.2197374	-122.7054858
OR	41029002500	1475612869	11786207	569.737	4.551	42.1900163	-122.5645355
OR	41029002600	2001500420	17903058	772.784	6.912	42.6708667	-122.476427
OR	41029002701	463648235	1554839	179.016	0.6	42.689648	-122.7878813
OR	41029002702	194894958	331717	75.249	0.128	42.6736714	-122.8720314
OR	41029002800	264191900	2221368	102.005	0.858	42.5082673	-122.9772141
OR	41029002901	68016288	557518	26.261	0.215	42.4658651	-123.1398296
OR	41029002902	552393923	17984	213.28	0.007	42.6269099	-123.1133427
OR	41029003001	245748317	458629	94.884	0.177	42.3380481	-123.0844979
OR	41029003002	730655709	4830587	282.108	1.865	42.1799382	-123.1000595
OR	41031940000	1052550417	8834853	406.392	3.411	44.7215937	-121.5154243
OR	41031960100	2168990310	3135497	837.452	1.211	44.6380955	-120.8262504
OR	41031960201	10422397	0	4.024	0.	44.6168974	-121.1442277
OR	41031960202	44123235	0	17.036	0.	44.6401937	-121.1032823
OR	41031960301	63692363	3137688	24.592	1.211	44.4649265	-121.2947415
OR	41031960303	1030365436	7733342	397.826	2.986	44.5038747	-121.5703778
OR	41031960304	98021910	690525	37.846	0.267	44.5234928	-121.2604714
OR	41031960305	146404905	2680210	56.527	1.035	44.5871827	-121.2213672
OR	41033360100	903076323	556627	348.68	0.215	42.6087897	-123.5626652
OR	41033360300	87831325	222583	33.912	0.086	42.5504316	-123.431072
OR	41033360400	216728411	188744	83.679	0.073	42.5333029	-123.2753322
OR	41033360500	5227431	0	2.018	0.	42.4418589	-123.308363
OR	41033360601	2608672	0	1.007	0.	42.4540679	-123.3256308
OR	41033360602	11936616	0	4.609	0.	42.4643286	-123.3523631
OR	41033360701	3421466	0	1.321	0.	42.4386529	-123.3374265
OR	41033360703	1997330	98276	0.771	0.038	42.4324053	-123.34977
OR	41033360704	2598610	216408	1.003	0.084	42.4240328	-123.3021365
OR	41033360800	77533333	1044657	29.936	0.403	42.4651722	-123.4340244
OR	41033360900	655942475	1139903	253.261	0.44	42.4635032	-123.7080812
OR	41033361000	48285133	431259	18.643	0.167	42.390573	-123.4071893
OR	41033361101	5686520	180011	2.196	0.07	42.4263113	-123.3721584
OR	41033361102	7287900	0	2.814	0.	42.4197267	-123.3950012
OR	41033361201	2836069	135983	1.095	0.053	42.4191234	-123.3081653
OR	41033361202	3562487	0	1.375	0.	42.4165093	-123.3373628
OR	41033361301	27260038	0	10.525	0.	42.3778006	-123.3411099
OR	41033361302	84215515	203468	32.516	0.079	42.3726611	-123.2627646
OR	41033361400	199102887	0	76.874	0.	42.2461052	-123.3047481
OR	41033361500	715463325	559681	276.242	0.216	42.3143745	-123.6675827
OR	41033361601	404751474	511122	156.275	0.197	42.1433045	-123.7008134
OR	41033361602	776727419	143051	299.896	0.055	42.1077262	-123.4490342
OR	41035970100	4297356070	95223151	1659.219	36.766	43.269122	-121.7828995
OR	41035970201	3844083080	24619990	1484.209	9.506	42.7277508	-121.5223577
OR	41035970202	609303696	11881871	235.253	4.588	42.5113904	-121.7570181
OR	41035970300	2484555080	223307996	959.292	86.22	42.339393	-122.1124772
OR	41035970400	557853929	9436700	215.389	3.644	42.296906	-121.6229474
OR	41035970500	2543334828	30832199	981.987	11.904	42.290362	-121.1010725
OR	41035970600	128650756	80199	49.672	0.031	42.0257224	-121.4404072
OR	41035970700	397975067	2343865	153.659	0.905	42.0729985	-121.6603754
OR	41035970800	90370178	4561456	34.892	1.761	42.1356812	-121.7665531
OR	41035970901	115637002	36938584	44.648	14.262	42.2641156	-121.8875854
OR	41035970902	33671041	1293213	13.	0.499	42.1813382	-121.8427128
OR	41035971000	212209012	38006188	81.934	14.674	42.2737063	-121.7272027
OR	41035971100	36702999	0	14.171	0.	42.2357538	-121.7125076
OR	41035971200	2249729	0	0.869	0.	42.2110808	-121.736256
OR	41035971300	5363605	0	2.071	0.	42.1957136	-121.7144399
OR	41035971400	5176801	0	1.999	0.	42.1840966	-121.7253719
OR	41035971500	16891712	691727	6.522	0.267	42.1874109	-121.7644536
OR	41035971600	2371915	0	0.916	0.	42.2167563	-121.757813
OR	41035971700	2976030	0	1.149	0.	42.2295674	-121.7628136
OR	41035971800	3302641	789786	1.275	0.305	42.2227516	-121.7839871
OR	41035971900	2360228	0	0.911	0.	42.2367473	-121.7864586
OR	41035972000	17765874	5158276	6.859	1.992	42.262082	-121.7985619
OR	41037960100	18655995772	416255660	7203.121	160.717	42.8670655	-120.3777704
OR	41037960200	2422905342	152233800	935.489	58.778	42.2049782	-120.5783345
OR	41039000100	2170578092	15801171	838.065	6.101	44.0735674	-122.159529
OR	41039000200	517014139	1499749	199.62	0.579	44.1771029	-122.7857863
OR	41039000300	98954145	1137062	38.206	0.439	44.1633412	-123.0606095
OR	41039000402	290672626	14171	112.229	0.005	44.2017828	-123.3574815
OR	41039000403	37459101	63599	14.463	0.025	44.2440816	-123.2431955
OR	41039000404	78198086	1765180	30.192	0.682	44.2009821	-123.1814929
OR	41039000500	907120526	2713514	350.241	1.048	44.1238138	-123.7180044
OR	41039000702	214125238	27528304	82.674	10.629	43.9215985	-124.056363
OR	41039000705	4921143	624724	1.9	0.241	43.985731	-124.1141384
OR	41039000706	25171948	4650828	9.719	1.796	44.046081	-124.1153807
OR	41039000707	6028975	1095880	2.328	0.423	43.9840426	-124.0929169
OR	41039000708	622672884	19558003	240.415	7.551	44.1548326	-124.0030625
OR	41039000800	783983810	70156	302.698	0.027	43.9080297	-123.4323563
OR	41039000902	303300294	6096013	117.105	2.354	44.0982779	-123.5055153
OR	41039000903	37646531	14604504	14.535	5.639	44.0440198	-123.3018872
OR	41039000904	52553913	0	20.291	0.	44.0065835	-123.3542111
OR	41039001001	63211215	16038373	24.406	6.192	44.1137403	-123.2401976
OR	41039001002	121662153	41250	46.974	0.016	43.9927124	-123.2152039
OR	41039001101	99363257	71214	38.364	0.027	43.9544117	-123.0590047
OR	41039001102	87044188	144559	33.608	0.056	43.8919595	-123.0217214
OR	41039001201	101137011	623390	39.049	0.241	43.8591406	-123.0905683
OR	41039001202	48422744	0	18.696	0.	43.7923472	-123.124375
OR	41039001301	134097996	4801449	51.776	1.854	43.7850094	-122.962581
OR	41039001302	51269950	178190	19.795	0.069	43.7408097	-123.0185932
OR	41039001400	1339556858	6433796	517.206	2.484	43.6213848	-122.7934089
OR	41039001500	2213137847	41641005	854.497	16.078	43.7032872	-122.3011556
OR	41039001600	972654520	27712513	375.544	10.7	43.9254336	-122.6413811
OR	41039001700	154463532	991580	59.639	0.383	43.9525385	-122.9341406
OR	41039001801	24583179	0	9.492	0.	44.031426	-122.889615
OR	41039001803	7296759	594028	2.817	0.229	44.0593799	-122.9303461
OR	41039001804	6480136	696097	2.502	0.269	44.0535505	-122.8805911
OR	41039001902	3870651	0	1.494	0.	44.0498889	-122.974743
OR	41039001903	3394754	0	1.311	0.	44.0519927	-122.9498658
OR	41039001904	2606737	0	1.006	0.	44.0410363	-122.9438601
OR	41039002001	5014018	110888	1.936	0.043	44.0715055	-122.9844402
OR	41039002002	3003902	5992	1.16	0.002	44.0685103	-123.0049711
OR	41039002101	5273603	253435	2.036	0.098	44.0870182	-123.0304526
OR	41039002103	2062442	0	0.796	0.	44.0770529	-123.0392979
OR	41039002104	1452635	0	0.561	0.	44.0665911	-123.0374413
OR	41039002201	5977044	935174	2.308	0.361	44.1088966	-123.0932817
OR	41039002203	3457298	40281	1.335	0.016	44.1017983	-123.0733
OR	41039002204	5808333	29291	2.243	0.011	44.1007864	-123.0578046
OR	41039002301	4301712	233140	1.661	0.09	44.1055749	-123.1116764
OR	41039002302	4599857	139358	1.776	0.054	44.1230022	-123.1221058
OR	41039002401	6064038	0	2.341	0.	44.1233886	-123.1627158
OR	41039002403	4864473	0	1.878	0.	44.1080607	-123.1614456
OR	41039002404	2110938	0	0.815	0.	44.105453	-123.1390486
OR	41039002501	9281378	0	3.584	0.	44.0984897	-123.1900621
OR	41039002504	6647098	0	2.566	0.	44.0594409	-123.1904704
OR	41039002505	1960812	0	0.757	0.	44.0774596	-123.1806244
OR	41039002506	2610869	0	1.008	0.	44.0774373	-123.1983098
OR	41039002600	4240247	0	1.637	0.	44.0842937	-123.162088
OR	41039002700	2316515	0	0.894	0.	44.0903083	-123.1441949
OR	41039002800	2978185	0	1.15	0.	44.0898784	-123.1259621
OR	41039002902	1904480	0	0.735	0.	44.0827675	-123.0782302
OR	41039002903	1589499	0	0.614	0.	44.0834892	-123.0957728
OR	41039002904	3302942	58974	1.275	0.023	44.08398	-123.1054908
OR	41039003000	4384452	0	1.693	0.	44.0701261	-123.0869592
OR	41039003101	2946135	0	1.138	0.	44.0775001	-123.0587129
OR	41039003103	1489019	0	0.575	0.	44.0660714	-123.0619577
OR	41039003104	3957645	0	1.528	0.	44.0558084	-123.064493
OR	41039003201	1403887	0	0.542	0.	44.0596064	-123.0389417
OR	41039003202	2363934	0	0.913	0.	44.0514411	-123.0365201
OR	41039003301	1522552	0	0.588	0.	44.0581891	-123.0110494
OR	41039003302	1686760	0	0.651	0.	44.0496359	-123.0147594
OR	41039003400	3323513	0	1.283	0.	44.0511694	-122.9943753
OR	41039003500	14738990	224245	5.691	0.087	44.0301839	-122.9739051
OR	41039003600	17586919	0	6.79	0.	44.0179256	-123.0422237
OR	41039003700	2270660	0	0.877	0.	44.0458746	-123.0705895
OR	41039003801	510998	0	0.197	0.	44.0425601	-123.0873728
OR	41039003802	537427	0	0.208	0.	44.0469855	-123.0830772
OR	41039003900	1288348	0	0.497	0.	44.0506622	-123.0949328
OR	41039004000	1871566	0	0.723	0.	44.0603255	-123.1011969
OR	41039004100	2827467	0	1.092	0.	44.0746414	-123.1249994
OR	41039004200	3870748	0	1.495	0.	44.062962	-123.1258708
OR	41039004300	9136574	0	3.528	0.	44.0604901	-123.1530242
OR	41039004403	2243962	0	0.866	0.	44.0436536	-123.1250659
OR	41039004404	1960336	0	0.757	0.	44.0328114	-123.1308407
OR	41039004405	6513377	0	2.515	0.	44.0229082	-123.1414356
OR	41039004406	1713056	0	0.661	0.	44.0411733	-123.1562044
OR	41039004407	1391476	0	0.537	0.	44.0419061	-123.1421648
OR	41039004501	1183046	0	0.457	0.	44.0428986	-123.1052348
OR	41039004502	958419	0	0.37	0.	44.0488472	-123.1099938
OR	41039004600	1557279	0	0.601	0.	44.0346769	-123.1084686
OR	41039004700	1622454	0	0.626	0.	44.0327337	-123.0945165
OR	41039004800	1762862	0	0.681	0.	44.0329075	-123.0814693
OR	41039004900	2924472	0	1.129	0.	44.0325902	-123.0649336
OR	41039005000	4763087	0	1.839	0.	44.0054689	-123.0740948
OR	41039005100	1559491	0	0.602	0.	44.0179896	-123.0859754
OR	41039005200	1498940	0	0.579	0.	44.0195563	-123.0987845
OR	41039005300	1727085	0	0.667	0.	44.0236224	-123.1117787
OR	41039005400	8470633	0	3.271	0.	44.0045209	-123.1054585
OR	41039990000	0	236837138	0.	91.443	44.0690904	-124.1714462
OR	41041950100	332766713	7402	128.482	0.003	44.974915	-123.8311922
OR	41041950303	17033614	4990770	6.577	1.927	45.0214039	-123.9957064
OR	41041950304	5117218	3206934	1.976	1.238	44.9849167	-124.0015417
OR	41041950401	6755453	1104068	2.608	0.426	44.9392124	-124.014124
OR	41041950402	2958949	2605653	1.142	1.006	44.9619479	-124.0194569
OR	41041950601	158254033	10894468	61.102	4.206	44.8563541	-123.9335453
OR	41041950602	60998805	7823152	23.552	3.021	44.8076572	-124.0326388
OR	41041950800	80420515	10637150	31.051	4.107	44.7162696	-124.0266449
OR	41041950900	13857548	1396479	5.35	0.539	44.6474599	-124.0281936
OR	41041951000	1876582	6144505	0.725	2.372	44.6145363	-124.0747283
OR	41041951100	3503998	3476284	1.353	1.342	44.6265373	-124.0268044
OR	41041951200	53196886	16254603	20.539	6.276	44.5649863	-124.0465933
OR	41041951300	103164931	5385420	39.832	2.079	44.6025714	-123.9575799
OR	41041951400	109049186	682797	42.104	0.264	44.5849803	-123.8840467
OR	41041951500	231896352	14290159	89.536	5.517	44.4771128	-123.9293494
OR	41041951600	65726498	6286590	25.377	2.427	44.3989741	-124.0164069
OR	41041951700	345760723	6883258	133.499	2.658	44.3568484	-123.9088744
OR	41041951800	948395348	494185	366.178	0.191	44.6422663	-123.7629528
OR	41041990100	0	450581370	0.	173.97	44.6664286	-124.1072511
OR	41043020101	137695562	2580593	53.165	0.996	44.6735552	-123.0491602
OR	41043020102	1697376	0	0.655	0.	44.6490441	-123.0529249
OR	41043020103	9767856	15987	3.771	0.006	44.626872	-123.0472938
OR	41043020200	22494132	0	8.685	0.	44.5756003	-123.1022389
OR	41043020300	6239326	0	2.409	0.	44.6165491	-123.1209537
OR	41043020400	2879453	271833	1.112	0.105	44.6379702	-123.0901492
OR	41043020500	2743828	45369	1.059	0.018	44.6298927	-123.071129
OR	41043020601	4059918	90650	1.568	0.035	44.6010737	-123.0728192
OR	41043020602	1668225	0	0.644	0.	44.6187746	-123.0725092
OR	41043020700	6787639	0	2.621	0.	44.6007089	-123.0956223
OR	41043020801	1583131	0	0.611	0.	44.6287391	-123.0943703
OR	41043020802	3193349	0	1.233	0.	44.6182239	-123.0991107
OR	41043030100	272161201	3568381	105.082	1.378	44.645555	-122.8694765
OR	41043030201	762303335	6458212	294.327	2.494	44.6867611	-122.4172432
OR	41043030202	120556122	1894724	46.547	0.732	44.7575335	-122.7546872
OR	41043030300	3067082570	21791547	1184.207	8.414	44.4390077	-122.2782779
OR	41043030401	86854897	826114	33.535	0.319	44.4114162	-122.7679233
OR	41043030403	31713677	4320737	12.245	1.668	44.4026586	-122.6205185
OR	41043030404	82267136	0	31.764	0.	44.3528603	-122.6987045
OR	41043030500	515788577	37549	199.147	0.014	44.3270695	-122.9597261
OR	41043030600	384403931	4911011	148.419	1.896	44.3684924	-123.1481193
OR	41043030700	152594483	1558007	58.917	0.602	44.5495688	-123.1340925
OR	41043030801	7699535	0	2.973	0.	44.5475679	-122.9276361
OR	41043030802	66787987	374565	25.787	0.145	44.5644034	-122.9495859
OR	41043030903	5853490	0	2.26	0.	44.5146775	-122.9075689
OR	41043030904	6596567	679673	2.547	0.262	44.5155454	-122.8781258
OR	41043030905	58990711	0	22.776	0.	44.4947475	-122.9417726
OR	41043030906	107333322	705764	41.442	0.272	44.5036822	-122.8361077
OR	41045940000	78497421	0	30.308	0.	42.039442	-117.5579638
OR	41045970200	75174446	491585	29.025	0.19	44.0418395	-117.0440251
OR	41045970300	18352521	0	7.086	0.	44.0080553	-117.0067498
OR	41045970400	10649106	753766	4.112	0.291	44.022858	-116.9537855
OR	41045970500	169829791	2966121	65.572	1.145	43.932777	-117.0364173
OR	41045970600	369369600	250400	142.614	0.097	44.001609	-117.2759349
OR	41045970700	308564491	6204295	119.137	2.395	43.7881077	-117.0659154
OR	41045970900	24578604560	98340534	9489.853	37.969	43.1642532	-117.6216274
OR	41047000200	3133014	185501	1.21	0.072	44.9421179	-123.0350176
OR	41047000300	2092194	113917	0.808	0.044	44.9571593	-123.0272048
OR	41047000400	5294421	187051	2.044	0.072	44.9740153	-123.0149973
OR	41047000501	2323477	0	0.897	0.	44.9597425	-123.0011441
OR	41047000502	1677544	0	0.648	0.	44.9713797	-122.9989352
OR	41047000600	2131942	0	0.823	0.	44.9469199	-123.0135076
OR	41047000702	2673840	0	1.032	0.	44.936867	-122.9996313
OR	41047000703	1048885	0	0.405	0.	44.9493425	-122.996822
OR	41047000900	2038487	0	0.787	0.	44.932889	-123.0184628
OR	41047001000	13766786	28890	5.315	0.011	44.9070656	-123.0010258
OR	41047001100	2307004	0	0.891	0.	44.9056491	-123.0337874
OR	41047001200	2263813	0	0.874	0.	44.9224127	-123.0378265
OR	41047001300	6811340	376746	2.63	0.145	44.92738	-123.0629271
OR	41047001401	8012787	476485	3.094	0.184	45.0054126	-123.0500324
OR	41047001402	2572487	213519	0.993	0.082	44.989212	-123.0355217
OR	41047001501	3041649	0	1.174	0.	45.0094559	-123.0090377
OR	41047001502	2879873	0	1.112	0.	44.9976801	-123.0105972
OR	41047001503	2294965	0	0.886	0.	44.9853575	-123.0183553
OR	41047001601	4106608	0	1.586	0.	44.9907451	-122.9808681
OR	41047001603	13003487	0	5.021	0.	44.9750223	-122.9473037
OR	41047001605	1055685	0	0.408	0.	44.9769555	-122.987731
OR	41047001606	1941847	0	0.75	0.	44.9766449	-122.9748179
OR	41047001607	1814791	0	0.701	0.	44.96159	-122.9834348
OR	41047001608	1584477	0	0.612	0.	44.9618946	-122.9708947
OR	41047001701	2514326	0	0.971	0.	44.9483508	-122.9859718
OR	41047001702	2000823	0	0.773	0.	44.9470968	-122.9712583
OR	41047001703	7566349	0	2.921	0.	44.9422037	-122.9494981
OR	41047001801	3368266	0	1.3	0.	44.9241935	-122.9783855
OR	41047001802	8557582	0	3.304	0.	44.9170912	-122.9511873
OR	41047001803	15743704	0	6.079	0.	44.88916	-122.9698706
OR	41047002001	3116295	0	1.203	0.	44.8846041	-123.0242843
OR	41047002002	3333730	0	1.287	0.	44.8729666	-123.0096354
OR	41047002101	1044320	16603	0.403	0.006	44.9028679	-123.0463952
OR	41047002102	3077011	0	1.188	0.	44.8898693	-123.0463466
OR	41047002201	1362171	0	0.526	0.	44.9086253	-123.0585469
OR	41047002202	4026210	0	1.555	0.	44.8940869	-123.0673464
OR	41047002301	3636993	0	1.404	0.	44.8705297	-123.0720757
OR	41047002303	3511281	0	1.356	0.	44.8772785	-123.0449984
OR	41047002304	5544816	0	2.141	0.	44.8639744	-123.0408686
OR	41047002400	30678865	1724809	11.845	0.666	44.8809242	-123.1097662
OR	41047002502	120306287	1525124	46.451	0.589	45.0618086	-122.973752
OR	41047002503	2709929	0	1.046	0.	45.0201122	-123.0158297
OR	41047002504	2429942	0	0.938	0.	45.0303174	-123.0136182
OR	41047002600	94296976	40317	36.408	0.016	45.0000523	-122.882786
OR	41047002701	54682501	46746	21.113	0.018	44.8545572	-122.9503972
OR	41047002702	48539019	0	18.741	0.	44.8993734	-122.8809182
OR	41047002800	49148818	586994	18.976	0.227	44.8429038	-123.0947509
OR	41047010100	127177311	4274731	49.103	1.65	45.2029132	-122.9554183
OR	41047010201	54587945	505394	21.077	0.195	45.2274911	-122.8472194
OR	41047010202	60083605	178351	23.198	0.069	45.1962857	-122.7962159
OR	41047010303	98381634	144538	37.985	0.056	45.1249943	-122.9025747
OR	41047010304	3412454	0	1.318	0.	45.1348974	-122.8550392
OR	41047010305	18845590	73422	7.276	0.028	45.1448803	-122.8161353
OR	41047010307	7444154	0	2.874	0.	45.158558	-122.8653372
OR	41047010308	2864853	0	1.106	0.	45.1408775	-122.8795856
OR	41047010309	1648255	0	0.636	0.	45.1460954	-122.8617237
OR	41047010400	79677702	88697	30.764	0.034	45.0778429	-122.7846827
OR	41047010501	395619246	31648	152.749	0.012	44.948888	-122.601592
OR	41047010502	4969382	42776	1.919	0.017	45.0036682	-122.7754586
OR	41047010503	101080600	317986	39.027	0.123	44.9353118	-122.7764678
OR	41047010600	1111244370	10872490	429.054	4.198	44.799451	-122.1498249
OR	41047010701	14477557	50371	5.59	0.019	44.8055142	-122.7998138
OR	41047010702	194377723	948615	75.05	0.366	44.8402224	-122.7460546
OR	41047010801	112959313	939541	43.614	0.363	44.7768425	-122.9280424
OR	41047010802	108441469	2477217	41.869	0.956	44.7493954	-123.0275932
OR	41049970101	642091656	23370579	247.913	9.023	45.7314822	-119.8047777
OR	41049970102	154331230	19776530	59.588	7.636	45.8655836	-119.5349527
OR	41049970200	4462623374	1225618	1723.029	0.473	45.3524448	-119.5528967
OR	41051000101	758300	158696	0.293	0.061	45.4611158	-122.6559833
OR	41051000102	2778757	2142573	1.073	0.827	45.4794137	-122.658632
OR	41051000201	1188276	22643	0.459	0.009	45.4675193	-122.6425826
OR	41051000202	1174614	0	0.454	0.	45.4818251	-122.6455114
OR	41051000301	2270906	57531	0.877	0.022	45.4832521	-122.6327433
OR	41051000302	3197440	19383	1.235	0.007	45.4695355	-122.6267273
OR	41051000401	1356651	0	0.524	0.	45.4834793	-122.6143322
OR	41051000402	1170692	0	0.452	0.	45.4831734	-122.6041036
OR	41051000501	1128249	0	0.436	0.	45.4822	-122.5946338
OR	41051000502	1436905	0	0.555	0.	45.4836969	-122.5849455
OR	41051000601	2033317	0	0.785	0.	45.4847811	-122.5666165
OR	41051000602	1659099	0	0.641	0.	45.4747667	-122.5719616
OR	41051000701	1424359	0	0.55	0.	45.5013874	-122.5891143
OR	41051000702	1408358	0	0.544	0.	45.4939098	-122.5900766
OR	41051000801	1559049	0	0.602	0.	45.5013677	-122.6109048
OR	41051000802	1331382	0	0.514	0.	45.4938318	-122.6119783
OR	41051000901	1127223	0	0.435	0.	45.5009772	-122.6310058
OR	41051000902	1001673	0	0.387	0.	45.4937822	-122.6312455
OR	41051001000	2553711	0	0.986	0.	45.497868	-122.649798
OR	41051001101	1410331	265042	0.545	0.102	45.5133179	-122.6612882
OR	41051001102	829360	0	0.32	0.	45.508607	-122.6559756
OR	41051001202	934019	0	0.361	0.	45.5084564	-122.6421276
OR	41051001203	375798	0	0.145	0.	45.5135664	-122.6421493
OR	41051001204	551804	0	0.213	0.	45.5171707	-122.6421768
OR	41051001301	744911	0	0.288	0.	45.5156755	-122.6288618
OR	41051001302	757997	0	0.293	0.	45.508419	-122.6287314
OR	41051001400	1215533	0	0.469	0.	45.5114473	-122.6176545
OR	41051001500	980905	0	0.379	0.	45.5111305	-122.6068211
OR	41051001601	2867156	77424	1.107	0.03	45.5136263	-122.5905853
OR	41051001602	1667371	0	0.644	0.	45.5118437	-122.5721498
OR	41051001702	1339822	0	0.517	0.	45.5255815	-122.5733208
OR	41051001703	1201019	0	0.464	0.	45.5304954	-122.5872093
OR	41051001704	814471	0	0.314	0.	45.5232312	-122.5857951
OR	41051001801	1178313	0	0.455	0.	45.5263411	-122.6047599
OR	41051001802	1082936	0	0.418	0.	45.5199879	-122.6075028
OR	41051001900	1771426	10493	0.684	0.004	45.5265111	-122.6236253
OR	41051002001	662429	0	0.256	0.	45.5256492	-122.6339464
OR	41051002002	778960	0	0.301	0.	45.5247691	-122.6413128
OR	41051002101	860965	130370	0.332	0.05	45.52329	-122.6612336
OR	41051002102	716551	0	0.277	0.	45.5244272	-122.6494125
OR	41051002203	1411480	0	0.545	0.	45.5440323	-122.6670925
OR	41051002303	1981286	221373	0.765	0.085	45.53388	-122.6671541
OR	41051002401	842230	0	0.325	0.	45.543705	-122.6525549
OR	41051002402	901603	0	0.348	0.	45.534082	-122.6519193
OR	41051002501	1338432	0	0.517	0.	45.5435963	-122.6389909
OR	41051002502	1112906	0	0.43	0.	45.5349354	-122.6391165
OR	41051002600	1028772	0	0.397	0.	45.5414647	-122.6264369
OR	41051002701	912810	0	0.352	0.	45.5434753	-122.6164665
OR	41051002702	857107	0	0.331	0.	45.5347602	-122.615952
OR	41051002801	917084	0	0.354	0.	45.5435617	-122.6050436
OR	41051002802	982695	0	0.379	0.	45.533837	-122.6052992
OR	41051002901	1536172	0	0.593	0.	45.5514471	-122.5927389
OR	41051002902	2518187	3774	0.972	0.001	45.54064	-122.5841164
OR	41051002903	2930487	0	1.131	0.	45.5430155	-122.5706923
OR	41051003000	1632405	0	0.63	0.	45.5547628	-122.6238885
OR	41051003100	1285030	0	0.496	0.	45.555481	-122.6357952
OR	41051003200	1145498	0	0.442	0.	45.5553297	-122.645477
OR	41051003301	741352	0	0.286	0.	45.5591045	-122.6556033
OR	41051003302	702587	0	0.271	0.	45.5518735	-122.6559581
OR	41051003401	954354	0	0.368	0.	45.558636	-122.6682633
OR	41051003402	773287	0	0.299	0.	45.5513944	-122.6686051
OR	41051003501	1285559	0	0.496	0.	45.5594577	-122.6859728
OR	41051003502	1165930	0	0.45	0.	45.5515834	-122.6827747
OR	41051003601	1633640	0	0.631	0.	45.5710705	-122.6559374
OR	41051003602	2210520	0	0.853	0.	45.5693426	-122.6409455
OR	41051003603	809587	0	0.313	0.	45.567313	-122.6256503
OR	41051003701	1476165	0	0.57	0.	45.576328	-122.6682371
OR	41051003702	849131	0	0.328	0.	45.566328	-122.6681621
OR	41051003801	1237419	0	0.478	0.	45.5811756	-122.6839854
OR	41051003802	1108952	0	0.428	0.	45.5735332	-122.6836249
OR	41051003803	1231257	0	0.475	0.	45.5663019	-122.6847298
OR	41051003902	1131500	0	0.437	0.	45.5726293	-122.6997698
OR	41051003903	1309075	0	0.505	0.	45.5852487	-122.7091659
OR	41051003904	1191140	0	0.46	0.	45.5826245	-122.6985385
OR	41051004002	2462580	687161	0.951	0.265	45.5766619	-122.7311801
OR	41051004003	1843669	0	0.712	0.	45.5878928	-122.7223927
OR	41051004102	1921222	249300	0.742	0.096	45.5869583	-122.7432487
OR	41051004103	3058935	143485	1.181	0.055	45.6006312	-122.740249
OR	41051004104	3920352	559059	1.514	0.216	45.6063478	-122.77663
OR	41051004200	1903194	384340	0.735	0.148	45.5912816	-122.7614927
OR	41051004300	24878442	3356752	9.606	1.296	45.5808243	-122.7712715
OR	41051004500	1567581	166043	0.605	0.064	45.5383215	-122.7019788
OR	41051004601	3549326	14938	1.37	0.006	45.5198752	-122.7090565
OR	41051004602	1388984	0	0.536	0.	45.5099053	-122.7028697
OR	41051004700	714738	0	0.276	0.	45.5309069	-122.7032741
OR	41051004800	309662	0	0.12	0.	45.5272788	-122.6951033
OR	41051004901	314285	0	0.121	0.	45.532737	-122.6958351
OR	41051004902	218785	0	0.084	0.	45.52624	-122.690518
OR	41051005001	344819	0	0.133	0.	45.5285404	-122.6852375
OR	41051005002	394082	0	0.152	0.	45.5313974	-122.6894891
OR	41051005101	317825	162443	0.123	0.063	45.53326	-122.6794774
OR	41051005102	350823	0	0.135	0.	45.5265284	-122.6804299
OR	41051005103	433965	155315	0.168	0.06	45.5263346	-122.6729879
OR	41051005201	338879	0	0.131	0.	45.5200642	-122.6877656
OR	41051005202	288060	0	0.111	0.	45.5210679	-122.6944544
OR	41051005500	401867	0	0.155	0.	45.5142116	-122.6912216
OR	41051005601	150617	0	0.058	0.	45.5145432	-122.6830568
OR	41051005602	342591	0	0.132	0.	45.5110741	-122.6843977
OR	41051005701	571234	187194	0.221	0.072	45.5024314	-122.6728609
OR	41051005702	595433	180385	0.23	0.07	45.5089425	-122.6756195
OR	41051005800	3799700	0	1.467	0.	45.4996166	-122.6964458
OR	41051005901	786583	0	0.304	0.	45.4913378	-122.6777144
OR	41051005902	463501	292860	0.179	0.113	45.4955972	-122.6698309
OR	41051005903	1379810	403721	0.533	0.156	45.4783138	-122.673147
OR	41051006001	1817710	0	0.702	0.	45.4896723	-122.6868735
OR	41051006002	1343870	0	0.519	0.	45.4750907	-122.6869767
OR	41051006100	1630351	0	0.629	0.	45.4850632	-122.700648
OR	41051006200	1773052	0	0.685	0.	45.4649201	-122.6885637
OR	41051006300	8107562	556249	3.13	0.215	45.4503721	-122.6693624
OR	41051006402	5928822	814	2.289	0.	45.4441332	-122.6984428
OR	41051006403	1874744	0	0.724	0.	45.447373	-122.7209412
OR	41051006404	2637742	0	1.018	0.	45.4381247	-122.7290673
OR	41051006501	3638509	0	1.405	0.	45.457077	-122.7342214
OR	41051006502	1926331	0	0.744	0.	45.4616955	-122.7137311
OR	41051006601	1575378	0	0.608	0.	45.4719194	-122.7334213
OR	41051006602	2519784	0	0.973	0.	45.4710787	-122.7074034
OR	41051006701	1850323	2883	0.714	0.001	45.4809354	-122.7314695
OR	41051006702	1386620	0	0.535	0.	45.4797135	-122.7133389
OR	41051006801	1422043	0	0.549	0.	45.4926851	-122.7354797
OR	41051006802	2226482	0	0.86	0.	45.4914008	-122.7185357
OR	41051006900	4734049	0	1.828	0.	45.5081551	-122.7309685
OR	41051007001	3486234	10113	1.346	0.004	45.5409437	-122.7703161
OR	41051007002	31743455	3411	12.256	0.001	45.5639624	-122.7907714
OR	41051007100	130491568	13141325	50.383	5.074	45.6706872	-122.8524306
OR	41051007201	5451044	7357079	2.105	2.841	45.6275196	-122.7161106
OR	41051007202	26307161	7121950	10.157	2.75	45.618035	-122.7385249
OR	41051007300	25003440	6387695	9.654	2.466	45.5930475	-122.6023163
OR	41051007400	1452399	0	0.561	0.	45.5658452	-122.6076419
OR	41051007500	2159337	0	0.834	0.	45.5568806	-122.6089975
OR	41051007600	1598569	0	0.617	0.	45.5601448	-122.5876122
OR	41051007700	1094722	0	0.423	0.	45.5592311	-122.5710976
OR	41051007800	1119854	0	0.432	0.	45.5506445	-122.5625267
OR	41051007900	2027826	0	0.783	0.	45.5533842	-122.5481402
OR	41051008001	1436844	0	0.555	0.	45.5403984	-122.5542995
OR	41051008002	1329132	0	0.513	0.	45.5403004	-122.5431129
OR	41051008100	2806579	0	1.084	0.	45.5280471	-122.5524973
OR	41051008201	2107949	0	0.814	0.	45.5118937	-122.558367
OR	41051008203	1705815	0	0.659	0.	45.5176402	-122.5470539
OR	41051008204	667128	0	0.258	0.	45.5078584	-122.5428441
OR	41051008301	1643102	0	0.634	0.	45.4973682	-122.5721728
OR	41051008302	2217635	0	0.856	0.	45.4970179	-122.5568141
OR	41051008400	1297178	0	0.501	0.	45.4969252	-122.5428284
OR	41051008500	2199840	0	0.849	0.	45.482819	-122.5471195
OR	41051008600	1283639	3262	0.496	0.001	45.4693388	-122.5861747
OR	41051008700	1679818	0	0.649	0.	45.4722621	-122.6026947
OR	41051008800	1653981	0	0.639	0.	45.4650608	-122.6026589
OR	41051008902	2981117	33049	1.151	0.013	45.4676515	-122.560095
OR	41051008903	6165495	27465	2.381	0.011	45.4699851	-122.5058678
OR	41051008904	3513187	26391	1.356	0.01	45.4710919	-122.5334596
OR	41051009001	1649480	0	0.637	0.	45.4879985	-122.5306565
OR	41051009002	1144838	0	0.442	0.	45.4993597	-122.5307665
OR	41051009101	1591196	0	0.614	0.	45.5007171	-122.5087027
OR	41051009102	5237121	12541	2.022	0.005	45.4873195	-122.5018872
OR	41051009202	1627550	0	0.628	0.	45.5132994	-122.5158729
OR	41051009203	1463459	0	0.565	0.	45.5134101	-122.5255796
OR	41051009204	1209983	0	0.467	0.	45.513146	-122.5339141
OR	41051009301	1716029	0	0.663	0.	45.5262292	-122.5030685
OR	41051009302	2719638	0	1.05	0.	45.5281311	-122.5235683
OR	41051009400	3773819	0	1.457	0.	45.5389139	-122.5181908
OR	41051009501	1839266	0	0.71	0.	45.5475129	-122.5090711
OR	41051009502	1639932	0	0.633	0.	45.5508111	-122.528065
OR	41051009603	1793204	0	0.692	0.	45.5295813	-122.4608282
OR	41051009604	2239833	0	0.865	0.	45.5302688	-122.4715395
OR	41051009605	2650579	0	1.023	0.	45.5345087	-122.4865465
OR	41051009606	1220108	0	0.471	0.	45.522785	-122.4867733
OR	41051009701	1822032	0	0.703	0.	45.5117714	-122.5036727
OR	41051009703	1501519	0	0.58	0.	45.5118609	-122.4906107
OR	41051009704	1136179	0	0.439	0.	45.5118237	-122.4801855
OR	41051009801	2577385	46596	0.995	0.018	45.5137227	-122.464212
OR	41051009803	3312373	3886	1.279	0.002	45.4958981	-122.4729809
OR	41051009804	1161813	0	0.449	0.	45.4990488	-122.4904971
OR	41051009903	7306663	19143	2.821	0.007	45.4738275	-122.4717587
OR	41051009904	1290404	0	0.498	0.	45.4931712	-122.4537523
OR	41051009905	1562782	23767	0.603	0.009	45.4849194	-122.4590413
OR	41051009906	4748728	26873	1.833	0.01	45.4833518	-122.4318109
OR	41051009907	8316202	35132	3.211	0.014	45.4731761	-122.423107
OR	41051010001	2879603	0	1.112	0.	45.5033342	-122.4318922
OR	41051010002	1876875	0	0.725	0.	45.5041712	-122.4518493
OR	41051010101	2773901	82236	1.071	0.032	45.5239799	-122.4422871
OR	41051010102	2401252	69285	0.927	0.027	45.5350351	-122.4422806
OR	41051010200	27628498	14809563	10.667	5.718	45.578283	-122.503383
OR	41051010303	5356195	2720	2.068	0.001	45.5345507	-122.4067778
OR	41051010304	2152276	0	0.831	0.	45.5344582	-122.4241273
OR	41051010305	3065651	79548	1.184	0.031	45.530715	-122.3816306
OR	41051010306	1658263	816	0.64	0.	45.5252835	-122.3923622
OR	41051010402	35299977	615694	13.629	0.238	45.4847155	-122.3323645
OR	41051010405	2128387	0	0.822	0.	45.5129725	-122.422763
OR	41051010407	4250194	3714	1.641	0.001	45.5020285	-122.3900281
OR	41051010408	2814789	0	1.087	0.	45.4851473	-122.4047529
OR	41051010410	1771276	0	0.684	0.	45.5118958	-122.4065634
OR	41051010411	1165081	0	0.45	0.	45.4995962	-122.405176
OR	41051010412	4312719	0	1.665	0.	45.4720392	-122.384776
OR	41051010413	1625466	0	0.628	0.	45.4870025	-122.3874402
OR	41051010500	471318096	25664526	181.977	9.909	45.5685015	-122.0445368
OR	41051010601	201070	0	0.078	0.	45.5194971	-122.6829847
OR	41051010602	802753	217662	0.31	0.084	45.518469	-122.6748716
OR	41051980000	4124790	1594068	1.593	0.615	45.5616447	-122.7062012
OR	41053005100	995647	10930	0.384	0.004	44.9448011	-123.0570104
OR	41053005203	2780059	0	1.073	0.	44.9460504	-123.076774
OR	41053005204	4002467	636701	1.545	0.246	44.9346727	-123.0939039
OR	41053005205	4451396	0	1.719	0.	44.9597127	-123.067667
OR	41053005206	3598124	249950	1.389	0.097	44.9685141	-123.0431726
OR	41053005301	34267635	597539	13.231	0.231	44.9537298	-123.1414452
OR	41053005302	142462634	1324645	55.005	0.511	44.9910324	-123.1598274
OR	41053020202	38452418	47716	14.847	0.018	44.9232366	-123.2651445
OR	41053020203	2258522	0	0.872	0.	44.918507	-123.3088555
OR	41053020204	60942375	0	23.53	0.	44.8870323	-123.3367157
OR	41053020303	44873597	426730	17.326	0.165	44.8755275	-123.2143761
OR	41053020304	5488648	156347	2.119	0.06	44.8490366	-123.2257802
OR	41053020305	9901344	242917	3.823	0.094	44.8456296	-123.194791
OR	41053020306	220829276	1883959	85.263	0.727	44.7954486	-123.2452024
OR	41053020400	1090628437	2057904	421.094	0.795	44.8909959	-123.5621229
OR	41053020500	253051040	696437	97.704	0.269	45.0027841	-123.3092456
OR	41055950100	2133151630	19617472	823.614	7.574	45.3992158	-120.6785124
OR	41057960101	14266481	11176134	5.508	4.315	45.6715068	-123.9334178
OR	41057960102	536253720	4776015	207.049	1.844	45.7239644	-123.7036061
OR	41057960200	56434422	8567871	21.789	3.308	45.6005105	-123.9202124
OR	41057960300	385892712	7839310	148.994	3.027	45.6031827	-123.693079
OR	41057960401	705134837	25898	272.254	0.01	45.4962948	-123.5781507
OR	41057960402	25501225	0	9.846	0.	45.4537266	-123.808069
OR	41057960500	35578428	26737741	13.737	10.323	45.4930828	-123.9211157
OR	41057960600	89428036	19470266	34.528	7.518	45.408112	-123.9204682
OR	41057960700	657389266	17629952	253.819	6.807	45.3049762	-123.7147467
OR	41057960800	351350606	11676600	135.657	4.508	45.1322164	-123.8713068
OR	41057990100	0	485792282	0.	187.565	45.4196479	-124.0120808
OR	41059940000	645260094	0	249.136	0.	45.6464445	-118.546065
OR	41059950100	941352445	187897	363.458	0.073	45.85881	-118.2000793
OR	41059950201	3007905	0	1.161	0.	45.9429838	-118.391696
OR	41059950202	35632925	0	13.758	0.	45.9213037	-118.4074501
OR	41059950300	506441799	47030	195.538	0.018	45.8971282	-118.5623225
OR	41059950400	1120906681	13341511	432.785	5.151	45.8540076	-118.8565388
OR	41059950500	1073211610	0	414.369	0.	45.6177509	-119.1129573
OR	41059950601	2974555	0	1.148	0.	45.6674951	-118.7951792
OR	41059950602	51002901	4518810	19.692	1.745	45.5923713	-118.7734482
OR	41059950700	4974697	0	1.921	0.	45.6723492	-118.7608643
OR	41059950800	82796507	11513310	31.968	4.445	45.8969238	-119.2343376
OR	41059950900	63551747	5700821	24.537	2.201	45.8862108	-119.3877942
OR	41059951000	57691337	0	22.275	0.	45.8393265	-119.3766025
OR	41059951100	54564836	99014	21.068	0.038	45.7983412	-119.36444
OR	41059951201	7151715	0	2.761	0.	45.8538781	-119.2727264
OR	41059951202	13870015	0	5.355	0.	45.825608	-119.267856
OR	41059951300	226636348	6023391	87.505	2.326	45.7951439	-119.183809
OR	41059951400	3436948880	186848	1327.013	0.072	45.3660332	-118.7063225
OR	41061970100	1083143865	391729	418.204	0.151	45.6523374	-117.9182907
OR	41061970200	1588335807	3432605	613.26	1.325	45.162945	-117.7308311
OR	41061970300	493827822	519075	190.668	0.2	45.3697407	-117.848049
OR	41061970400	108614839	0	41.936	0.	45.4219825	-118.0546372
OR	41061970500	154632715	0	59.704	0.	45.3998525	-118.1578413
OR	41061970600	1760543305	527740	679.75	0.204	45.1897949	-118.3398232
OR	41061970700	1965732	0	0.759	0.	45.3185715	-118.0879752
OR	41061970800	84587407	65633	32.659	0.025	45.3040809	-117.9991488
OR	41063960100	4543588620	10253082	1754.289	3.959	45.5279102	-116.9128676
OR	41063960200	2873029439	1077914	1109.283	0.416	45.69798	-117.5442183
OR	41063960300	731217270	2860756	282.325	1.105	45.4253816	-117.325049
OR	41065970100	10531265	1517829	4.066	0.586	45.5958291	-121.1448017
OR	41065970200	1962428	157042	0.758	0.061	45.5980619	-121.1808395
OR	41065970300	3981957	0	1.537	0.	45.5878834	-121.1918496
OR	41065970400	7055532	710953	2.724	0.275	45.6039974	-121.2091275
OR	41065970500	8204364	271469	3.168	0.105	45.6207019	-121.2258765
OR	41065970600	196954543	12617471	76.045	4.872	45.6372407	-121.3543473
OR	41065970700	434963526	111992	167.94	0.043	45.534251	-121.2357565
OR	41065970800	5503460787	20335983	2124.898	7.852	45.1017384	-121.1862953
OR	41067030103	3329403	0	1.285	0.	45.5125862	-122.7586789
OR	41067030104	2404926	0	0.929	0.	45.5174831	-122.7818025
OR	41067030105	1099934	0	0.425	0.	45.5207509	-122.7979013
OR	41067030106	2486646	0	0.96	0.	45.5277793	-122.7762391
OR	41067030200	4706066	0	1.817	0.	45.5030255	-122.7776784
OR	41067030300	3261670	0	1.259	0.	45.4936649	-122.7556791
OR	41067030401	4140218	0	1.599	0.	45.479967	-122.7772088
OR	41067030402	3007756	6852	1.161	0.003	45.4749592	-122.7557414
OR	41067030501	3562310	0	1.375	0.	45.4634266	-122.7717755
OR	41067030502	1972446	0	0.762	0.	45.459119	-122.7544077
OR	41067030600	3103098	0	1.198	0.	45.4463856	-122.7557015
OR	41067030700	3757763	0	1.451	0.	45.4287462	-122.753244
OR	41067030801	3689224	0	1.424	0.	45.4193862	-122.771804
OR	41067030803	2136268	0	0.825	0.	45.4083988	-122.781203
OR	41067030805	2305133	0	0.89	0.	45.3999767	-122.7801852
OR	41067030806	2285745	0	0.883	0.	45.4084254	-122.7555363
OR	41067030900	3425398	0	1.323	0.	45.4446039	-122.7755138
OR	41067031005	2288763	0	0.884	0.	45.4687872	-122.7953283
OR	41067031007	1370623	0	0.529	0.	45.4614761	-122.8184081
OR	41067031008	1876017	0	0.724	0.	45.4713198	-122.8156412
OR	41067031009	1850267	0	0.714	0.	45.4509552	-122.8179129
OR	41067031010	1002866	0	0.387	0.	45.4467152	-122.8117204
OR	41067031011	1933178	0	0.746	0.	45.4519775	-122.7956613
OR	41067031012	926062	0	0.358	0.	45.4591729	-122.8035578
OR	41067031100	906570	0	0.35	0.	45.4807322	-122.7996635
OR	41067031201	1252655	0	0.484	0.	45.4825651	-122.8109993
OR	41067031202	1080517	0	0.417	0.	45.4832093	-122.8221408
OR	41067031301	1723027	0	0.665	0.	45.49128	-122.7821614
OR	41067031302	2008167	0	0.775	0.	45.4935434	-122.8005327
OR	41067031402	4141317	0	1.599	0.	45.4986747	-122.8254269
OR	41067031403	2496543	22168	0.964	0.009	45.5164682	-122.8156483
OR	41067031404	2423299	0	0.936	0.	45.5071984	-122.8087649
OR	41067031504	3667549	0	1.416	0.	45.5543551	-122.8825895
OR	41067031506	1893775	0	0.731	0.	45.5361939	-122.8324994
OR	41067031507	3336753	0	1.288	0.	45.5330529	-122.8159731
OR	41067031509	19162251	0	7.399	0.	45.579527	-122.8709705
OR	41067031511	1619662	0	0.625	0.	45.5479179	-122.8618821
OR	41067031514	2754367	0	1.063	0.	45.5570971	-122.8454607
OR	41067031515	2653284	0	1.024	0.	45.5416619	-122.8003041
OR	41067031516	1879977	0	0.726	0.	45.5329545	-122.794749
OR	41067031517	1289590	0	0.498	0.	45.539739	-122.8467198
OR	41067031518	975026	0	0.376	0.	45.5484341	-122.8512656
OR	41067031519	3615788	0	1.396	0.	45.5504786	-122.8189942
OR	41067031520	2205541	0	0.852	0.	45.5603672	-122.8219253
OR	41067031606	2442622	0	0.943	0.	45.5048308	-122.8737861
OR	41067031612	1050599	0	0.406	0.	45.5094664	-122.8593484
OR	41067031614	1452755	0	0.561	0.	45.5114254	-122.8909046
OR	41067031615	2119351	0	0.818	0.	45.501963	-122.8910812
OR	41067031616	798924	0	0.308	0.	45.534095	-122.8723542
OR	41067031617	2822226	0	1.09	0.	45.5436994	-122.8866499
OR	41067031618	1740408	0	0.672	0.	45.5192598	-122.8887422
OR	41067031619	1250799	0	0.483	0.	45.5194158	-122.8612578
OR	41067031620	1560762	0	0.603	0.	45.5321623	-122.8612702
OR	41067031621	3459719	0	1.336	0.	45.5251405	-122.8416844
OR	41067031622	923865	0	0.357	0.	45.5161146	-122.8482197
OR	41067031623	2989561	0	1.154	0.	45.5032874	-122.8436939
OR	41067031624	1687810	0	0.652	0.	45.4994266	-122.8601043
OR	41067031625	1406224	0	0.543	0.	45.5321244	-122.8940097
OR	41067031626	2432904	0	0.939	0.	45.5268844	-122.8787241
OR	41067031703	2428067	0	0.937	0.	45.4893078	-122.8798042
OR	41067031705	1623869	0	0.627	0.	45.4854636	-122.86148
OR	41067031706	1640134	0	0.633	0.	45.4872943	-122.8437736
OR	41067031707	1707539	0	0.659	0.	45.476125	-122.8881967
OR	41067031708	1408823	0	0.544	0.	45.4777365	-122.8753614
OR	41067031804	9693567	0	3.743	0.	45.4477713	-122.8730976
OR	41067031806	2503370	0	0.967	0.	45.4751498	-122.8431234
OR	41067031807	1626683	0	0.628	0.	45.4746004	-122.8314187
OR	41067031813	4496844	0	1.736	0.	45.439435	-122.8435601
OR	41067031814	1894500	0	0.731	0.	45.4591371	-122.847476
OR	41067031816	1606268	0	0.62	0.	45.4730899	-122.8588362
OR	41067031817	1771077	0	0.684	0.	45.4598466	-122.8622109
OR	41067031818	611587	0	0.236	0.	45.4353032	-122.8254526
OR	41067031819	761155	0	0.294	0.	45.4298615	-122.8361978
OR	41067031820	1155839	0	0.446	0.	45.450244	-122.838363
OR	41067031821	1448652	0	0.559	0.	45.4584787	-122.8331387
OR	41067031904	1803471	0	0.696	0.	45.4245777	-122.7915143
OR	41067031909	2898148	0	1.119	0.	45.4211171	-122.8382474
OR	41067031911	2023275	5979	0.781	0.002	45.435224	-122.8075313
OR	41067031912	2931916	4517	1.132	0.002	45.437654	-122.7880648
OR	41067031913	2823227	0	1.09	0.	45.3961579	-122.8276204
OR	41067031914	2050660	0	0.792	0.	45.4004312	-122.8041614
OR	41067031915	8626653	0	3.331	0.	45.4067782	-122.8494602
OR	41067031916	2070200	0	0.799	0.	45.4102987	-122.8123026
OR	41067031917	2204370	0	0.851	0.	45.4197493	-122.8053508
OR	41067031918	1831221	0	0.707	0.	45.4271019	-122.8195843
OR	41067032001	8322252	0	3.213	0.	45.3892448	-122.7948672
OR	41067032003	4901288	0	1.892	0.	45.3781179	-122.7835601
OR	41067032004	1288437	0	0.497	0.	45.372788	-122.7580636
OR	41067032005	3256849	0	1.257	0.	45.3887365	-122.750344
OR	41067032104	3928570	0	1.517	0.	45.3554507	-122.8260659
OR	41067032107	5937589	0	2.293	0.	45.3611331	-122.8006892
OR	41067032108	4057247	0	1.567	0.	45.3625602	-122.7596066
OR	41067032109	1608037	0	0.621	0.	45.3592213	-122.7870135
OR	41067032110	11660810	0	4.502	0.	45.3430447	-122.7727379
OR	41067032111	10327437	0	3.987	0.	45.3313953	-122.8655198
OR	41067032112	6421280	0	2.479	0.	45.3653261	-122.8384334
OR	41067032201	6768077	0	2.613	0.	45.3738599	-122.8526789
OR	41067032202	78935254	3860	30.477	0.001	45.3826493	-122.9340098
OR	41067032301	36933432	20897	14.26	0.008	45.4421479	-122.9156952
OR	41067032302	12298086	0	4.748	0.	45.4856701	-122.9186826
OR	41067032404	3706474	0	1.431	0.	45.5172168	-122.9439382
OR	41067032407	2333531	0	0.901	0.	45.5148432	-122.9202682
OR	41067032409	1061221	0	0.41	0.	45.5188106	-122.9645252
OR	41067032410	1638115	0	0.632	0.	45.5097944	-122.9591565
OR	41067032411	1918546	0	0.741	0.	45.5068829	-122.9119364
OR	41067032412	1887166	31207	0.729	0.012	45.501969	-122.9275526
OR	41067032413	1413539	0	0.546	0.	45.5234284	-122.9070177
OR	41067032414	1783282	0	0.689	0.	45.5251846	-122.9247321
OR	41067032501	5151664	0	1.989	0.	45.512354	-122.9914918
OR	41067032502	3329962	0	1.286	0.	45.4988298	-122.9750664
OR	41067032503	3827090	0	1.478	0.	45.4919302	-122.9621199
OR	41067032603	17873647	0	6.901	0.	45.5594579	-122.9693351
OR	41067032604	3152591	0	1.217	0.	45.5275408	-122.9922918
OR	41067032606	2627914	0	1.015	0.	45.5297765	-122.9670715
OR	41067032608	6824954	0	2.635	0.	45.5397773	-122.9417704
OR	41067032609	1429956	0	0.552	0.	45.5456567	-122.9680183
OR	41067032610	1050605	0	0.406	0.	45.5395794	-122.9704041
OR	41067032611	335400	0	0.129	0.	45.5320649	-122.9170598
OR	41067032612	6011406	0	2.321	0.	45.5458049	-122.9127905
OR	41067032700	219205365	42264	84.636	0.016	45.6893915	-123.0130347
OR	41067032800	64741810	0	24.997	0.	45.5752844	-123.0518332
OR	41067032901	11503463	4299	4.442	0.002	45.5353165	-123.051614
OR	41067032903	5064790	352493	1.956	0.136	45.5062467	-123.0750014
OR	41067032904	9787021	0	3.779	0.	45.5082695	-123.0282826
OR	41067033000	149949415	343133	57.896	0.132	45.4478423	-123.0495848
OR	41067033101	6286624	0	2.427	0.	45.5092096	-123.1221735
OR	41067033102	7590970	0	2.931	0.	45.4998182	-123.1020526
OR	41067033201	1866830	9999	0.721	0.004	45.5224898	-123.079553
OR	41067033202	7035096	0	2.716	0.	45.5363341	-123.0930275
OR	41067033301	2667585	0	1.03	0.	45.5316351	-123.1185035
OR	41067033302	69024647	48442	26.651	0.019	45.5733615	-123.1625651
OR	41067033400	195336898	28859	75.42	0.011	45.7154185	-123.1607624
OR	41067033500	256060194	85399	98.865	0.033	45.679504	-123.2959113
OR	41067033600	388946091	5107818	150.173	1.972	45.5029425	-123.2935131
OR	41069960100	4444475013	1241033	1716.021	0.479	44.7364146	-120.0268608
OR	41071030101	51695181	968078	19.96	0.374	45.2991058	-122.9141815
OR	41071030102	11614203	9807	4.484	0.004	45.318929	-122.9777158
OR	41071030201	3426945	0	1.323	0.	45.3070562	-122.9637375
OR	41071030202	5263039	155481	2.032	0.06	45.2929645	-122.9636126
OR	41071030302	73979070	26401	28.563	0.01	45.3514796	-123.0462592
OR	41071030303	11659011	464102	4.502	0.179	45.2814622	-122.9980045
OR	41071030304	56797294	76865	21.93	0.03	45.2739825	-123.0766201
OR	41071030400	521826616	832161	201.478	0.321	45.3575371	-123.277704
OR	41071030501	316410248	160368	122.167	0.062	45.1878958	-123.3841287
OR	41071030502	391944920	77711	151.331	0.03	45.1374943	-123.6230807
OR	41071030601	45494504	67615	17.566	0.026	45.1927379	-123.1709463
OR	41071030602	77573968	45844	29.951	0.018	45.2282477	-123.2455189
OR	41071030702	4036085	0	1.558	0.	45.2007787	-123.2176972
OR	41071030703	3146626	0	1.215	0.	45.215209	-123.20518
OR	41071030704	2692366	0	1.04	0.	45.2184827	-123.2193948
OR	41071030801	3120476	0	1.205	0.	45.2204488	-123.1887431
OR	41071030802	3174359	0	1.226	0.	45.1993183	-123.1954116
OR	41071030900	136763677	3396482	52.805	1.311	45.1664441	-123.0647432
OR	41071031000	133660715	92337	51.607	0.036	45.1263568	-123.1707258
