USPS	GEOID	ALAND	AWATER	ALAND_SQMI	AWATER_SQMI	INTPTLAT	INTPTLONG
SC	45001950100	125601429	773688	48.495	0.299	34.4109638	-82.3305988
SC	45001950200	191264783	689285	73.848	0.266	34.3258512	-82.4084968
SC	45001950300	249842173	13103948	96.465	5.059	34.2530788	-82.5824673
SC	45001950401	58879900	103140	22.734	0.04	34.1917237	-82.4325901
SC	45001950402	141559857	267609	54.657	0.103	34.2340525	-82.3310257
SC	45001950500	285212526	784027	110.121	0.303	34.1266067	-82.3805235
SC	45001950600	219828069	37494719	84.876	14.477	34.1246804	-82.5850722
SC	45003020100	347118602	2981718	134.023	1.151	33.7594321	-81.5589626
SC	45003020200	248611850	1657406	95.99	0.64	33.6685537	-81.644129
SC	45003020301	94401149	693835	36.448	0.268	33.6617363	-81.7996383
SC	45003020303	18442388	298802	7.121	0.115	33.6124324	-81.7069457
SC	45003020304	49658973	627979	19.173	0.242	33.6125286	-81.775072
SC	45003020401	40235792	482652	15.535	0.186	33.5713136	-81.8377816
SC	45003020402	6686896	20846	2.582	0.008	33.5638739	-81.8069804
SC	45003020500	34707708	633728	13.401	0.245	33.5803686	-81.9174472
SC	45003020601	25071175	421268	9.68	0.163	33.5595196	-81.8939455
SC	45003020603	4023655	13157	1.554	0.005	33.5231953	-81.9376486
SC	45003020604	8809940	140235	3.402	0.054	33.5393479	-81.9336458
SC	45003020701	10294195	57641	3.975	0.022	33.5232476	-81.9710806
SC	45003020702	7362209	5142	2.843	0.002	33.5019859	-81.949843
SC	45003020801	7354638	472063	2.84	0.182	33.5217441	-81.992468
SC	45003020802	7500021	600280	2.896	0.232	33.4918418	-81.9708285
SC	45003020901	81048244	2745915	31.293	1.06	33.3899311	-81.8925725
SC	45003020903	45361687	546835	17.514	0.211	33.4642225	-81.8111655
SC	45003020904	48133949	707210	18.585	0.273	33.4678263	-81.8883582
SC	45003021001	24952648	371178	9.634	0.143	33.5096425	-81.8696608
SC	45003021003	8914988	114068	3.442	0.044	33.5158039	-81.9109295
SC	45003021004	8486574	272723	3.277	0.105	33.4944122	-81.915172
SC	45003021101	13790297	1315760	5.324	0.508	33.5131735	-81.8298967
SC	45003021102	13928780	58488	5.378	0.023	33.5290504	-81.8045716
SC	45003021201	17273799	359481	6.669	0.139	33.523545	-81.7639732
SC	45003021202	15956121	33033	6.161	0.013	33.5444665	-81.7431168
SC	45003021204	3329316	0	1.285	0.	33.5112963	-81.7215493
SC	45003021205	23913702	309634	9.233	0.12	33.4860371	-81.7256873
SC	45003021300	11182317	22589	4.318	0.009	33.567365	-81.7524723
SC	45003021401	3237025	0	1.25	0.	33.5634221	-81.7167473
SC	45003021402	6628816	1834	2.559	0.001	33.5763376	-81.7268707
SC	45003021500	8713356	20052	3.364	0.008	33.543834	-81.7090286
SC	45003021601	47117707	19013	18.192	0.007	33.5657978	-81.6608854
SC	45003021603	19006279	13715	7.338	0.005	33.5125123	-81.6714321
SC	45003021604	17126022	4104	6.612	0.002	33.4930243	-81.682856
SC	45003021700	287683703	2346219	111.075	0.906	33.6526535	-81.4246323
SC	45003021800	227303728	1226768	87.762	0.474	33.5855572	-81.330528
SC	45003021901	150089311	333545	57.95	0.129	33.5218497	-81.5155239
SC	45003021902	156242342	816419	60.326	0.315	33.4523095	-81.5203788
SC	45003022001	84000314	296872	32.433	0.115	33.4469771	-81.6399794
SC	45003022003	79516418	456211	30.701	0.176	33.4453821	-81.7617172
SC	45003022004	45790963	22681	17.68	0.009	33.3886733	-81.7340004
SC	45003022100	120035787	1729891	46.346	0.668	33.3147374	-81.8384557
SC	45003980100	294026697	1303654	113.524	0.503	33.3087672	-81.6897357
SC	45005970201	32661062	303824	12.611	0.117	33.0054564	-81.2749098
SC	45005970202	487619344	6089380	188.271	2.351	33.0356436	-81.4486751
SC	45005970500	536680287	4801109	207.213	1.854	32.9640817	-81.2813802
SC	45007000200	4972271	30517	1.92	0.012	34.5217065	-82.6449925
SC	45007000300	5901792	13371	2.279	0.005	34.5294088	-82.6282596
SC	45007000500	7926405	5516	3.06	0.002	34.4911674	-82.6046235
SC	45007000600	5911279	11064	2.282	0.004	34.4882458	-82.6349474
SC	45007000701	4021629	6433	1.553	0.002	34.4995249	-82.6676403
SC	45007000702	3690251	3218	1.425	0.001	34.487805	-82.654351
SC	45007000800	4606192	16031	1.778	0.006	34.5151855	-82.6815651
SC	45007000900	3778601	0	1.459	0.	34.5201103	-82.6661004
SC	45007001000	5866952	21893	2.265	0.008	34.5399178	-82.6809575
SC	45007001100	9584654	250043	3.701	0.097	34.541811	-82.6594195
SC	45007010103	30618966	216784	11.822	0.084	34.7838001	-82.514237
SC	45007010105	11069423	89974	4.274	0.035	34.7648503	-82.4780727
SC	45007010106	32209088	181819	12.436	0.07	34.7156561	-82.5238137
SC	45007010107	18103937	143432	6.99	0.055	34.7529117	-82.5459138
SC	45007010108	54637281	306945	21.096	0.119	34.7202274	-82.5916021
SC	45007010200	29705839	494972	11.469	0.191	34.7136393	-82.4741527
SC	45007010300	22736071	239480	8.778	0.092	34.6570078	-82.4929075
SC	45007010403	10439652	219004	4.031	0.085	34.6112769	-82.472371
SC	45007010404	13539724	543963	5.228	0.21	34.6285145	-82.4894025
SC	45007010405	24406782	86629	9.424	0.033	34.5941165	-82.5407663
SC	45007010406	62526195	495281	24.141	0.191	34.578313	-82.486275
SC	45007010501	61103216	649633	23.592	0.251	34.6288113	-82.5896747
SC	45007010502	33109181	104927	12.784	0.041	34.663788	-82.5407821
SC	45007010601	83639370	1055000	32.293	0.407	34.6647933	-82.6513834
SC	45007010602	82348845	1245718	31.795	0.481	34.6391549	-82.7049231
SC	45007010701	28553317	366643	11.024	0.142	34.6252008	-82.8013477
SC	45007010702	28383968	194036	10.959	0.075	34.6548612	-82.7603847
SC	45007010800	57581383	14681844	22.232	5.669	34.5681044	-82.8011252
SC	45007010900	93591710	36287278	36.136	14.011	34.5210374	-82.8802369
SC	45007011001	28482574	19790482	10.997	7.641	34.4896668	-82.7909983
SC	45007011002	15526245	1313214	5.995	0.507	34.5383252	-82.7246007
SC	45007011100	8924658	803472	3.446	0.31	34.5562299	-82.7000331
SC	45007011201	24260864	808387	9.367	0.312	34.5868486	-82.6411408
SC	45007011203	13704083	49918	5.291	0.019	34.5385766	-82.5977575
SC	45007011204	20899092	80814	8.069	0.031	34.5710485	-82.6006264
SC	45007011301	58155577	1123737	22.454	0.434	34.4349002	-82.5617819
SC	45007011302	64871251	291943	25.047	0.113	34.5002869	-82.5320872
SC	45007011401	18669494	116433	7.208	0.045	34.5142174	-82.5030071
SC	45007011402	53128888	826978	20.513	0.319	34.5256364	-82.441628
SC	45007011501	48598148	188478	18.764	0.073	34.4438334	-82.4480046
SC	45007011502	59043211	525076	22.797	0.203	34.479732	-82.377086
SC	45007011600	78783739	880616	30.419	0.34	34.3903398	-82.5160908
SC	45007011701	65823538	919809	25.415	0.355	34.3553019	-82.6173883
SC	45007011702	133603567	2479949	51.585	0.958	34.2935954	-82.7059773
SC	45007011800	48453168	163086	18.708	0.063	34.4155786	-82.6296198
SC	45007011901	16560198	79138	6.394	0.031	34.4562906	-82.6632407
SC	45007011902	15942434	388249	6.155	0.15	34.4625078	-82.6216538
SC	45007012001	11235514	54700	4.338	0.021	34.5165948	-82.713673
SC	45007012002	46775002	208898	18.06	0.081	34.4883851	-82.7367187
SC	45007012200	174735747	19486845	67.466	7.524	34.3981509	-82.7484339
SC	45007012300	8135969	2779	3.141	0.001	34.511284	-82.6076478
SC	45009960101	108727479	510656	41.98	0.197	33.3601948	-81.1655946
SC	45009960102	89743498	1136691	34.65	0.439	33.290125	-81.1401396
SC	45009960201	77254414	218341	29.828	0.084	33.3137837	-81.0102651
SC	45009960202	303112474	2768806	117.032	1.069	33.2239129	-80.9587942
SC	45009960300	225610604	727455	87.109	0.281	33.1710465	-81.1518703
SC	45009960400	214366635	324341	82.767	0.125	33.1236266	-80.9867065
SC	45011970101	76397882	116481	29.497	0.045	33.4451453	-81.3859845
SC	45011970102	175857859	2377331	67.899	0.918	33.3513832	-81.417113
SC	45011970200	177470237	1217763	68.522	0.47	33.3685118	-81.2762976
SC	45011970300	69121074	1240485	26.688	0.479	33.273181	-81.3721662
SC	45011970401	76584999	696147	29.57	0.269	33.2559071	-81.2660118
SC	45011970402	74052860	280913	28.592	0.108	33.2190444	-81.3038974
SC	45011970500	291819800	2827313	112.672	1.092	33.1776388	-81.381781
SC	45011980100	478990234	14251689	184.939	5.503	33.2175413	-81.6064173
SC	45013000100	359190409	50516758	138.684	19.505	32.5821594	-80.7263936
SC	45013000200	50303798	12856384	19.422	4.964	32.4980648	-80.7462368
SC	45013000300	9021386	2193464	3.483	0.847	32.4676898	-80.7840865
SC	45013000400	20929204	2561373	8.081	0.989	32.4742366	-80.7129348
SC	45013000501	28040834	5645134	10.827	2.18	32.4255231	-80.7676172
SC	45013000502	15391110	493888	5.943	0.191	32.4178372	-80.7337269
SC	45013000503	26591813	6721564	10.267	2.595	32.3804562	-80.735904
SC	45013000600	6929570	2171533	2.676	0.838	32.4494075	-80.6875512
SC	45013000700	8823907	3700228	3.407	1.429	32.416945	-80.6897104
SC	45013000800	7529296	2973808	2.907	1.148	32.3847275	-80.6965888
SC	45013000901	57962913	39754580	22.38	15.349	32.4783136	-80.5652285
SC	45013000902	32295419	5823678	12.469	2.249	32.4453561	-80.634255
SC	45013000903	19187197	11081984	7.408	4.279	32.382478	-80.6515172
SC	45013001000	27937727	22757228	10.787	8.787	32.3175972	-80.6822133
SC	45013001101	61731785	46619799	23.835	18.	32.4230434	-80.5098578
SC	45013001103	26094091	4054840	10.075	1.566	32.367163	-80.6090695
SC	45013001104	74811020	26285727	28.885	10.149	32.3333934	-80.5881501
SC	45013001200	90183934	40270541	34.82	15.549	32.3270113	-80.5157637
SC	45013002101	27894290	6567756	10.77	2.536	32.1187058	-80.8611777
SC	45013002102	138898273	21171301	53.629	8.174	32.1862475	-80.8984371
SC	45013002103	22742460	0	8.781	0.	32.2526932	-80.96314
SC	45013002105	12150388	0	4.691	0.	32.2787206	-80.9215514
SC	45013002106	19850982	98803	7.665	0.038	32.2494167	-80.9091717
SC	45013002107	17695508	1060048	6.832	0.409	32.2608068	-80.8659839
SC	45013002108	22557842	7153587	8.71	2.762	32.2226585	-80.825659
SC	45013002109	7562921	0	2.92	0.	32.2799286	-80.9834786
SC	45013002110	13603487	87316	5.252	0.034	32.2930024	-80.9638711
SC	45013002201	80568202	21803634	31.108	8.418	32.279973	-80.8215798
SC	45013002202	96939662	67961288	37.429	26.24	32.346566	-80.8097763
SC	45013010100	7789780	4010831	3.008	1.549	32.1265422	-80.8133825
SC	45013010200	12472660	6378817	4.816	2.463	32.1519392	-80.7893447
SC	45013010300	12505397	1570486	4.828	0.606	32.1728039	-80.7602214
SC	45013010400	16963598	1686389	6.55	0.651	32.1985315	-80.7550507
SC	45013010500	8302192	2065719	3.205	0.798	32.2217262	-80.7591761
SC	45013010600	9035901	1803998	3.489	0.697	32.2452931	-80.734715
SC	45013010700	11022391	16447438	4.256	6.35	32.257209	-80.7106039
SC	45013010800	6621051	7691087	2.556	2.97	32.2397676	-80.6876677
SC	45013010900	5566012	4940214	2.149	1.907	32.2318002	-80.6759022
SC	45013011000	5823346	1409419	2.248	0.544	32.1962579	-80.7074487
SC	45013011100	8726152	645214	3.369	0.249	32.1776296	-80.7213883
SC	45013011200	2084416	10803	0.805	0.004	32.1496122	-80.7469744
SC	45013011300	1556784	0	0.601	0.	32.1398723	-80.7612122
SC	45013990100	0	438998752	0.	169.498	32.2433011	-80.5591196
SC	45015020101	124226288	84323338	47.964	32.557	33.3433018	-80.1701824
SC	45015020102	267765479	409145	103.385	0.158	33.1909851	-80.2731373
SC	45015020201	111420296	734843	43.02	0.284	33.3806007	-79.8905635
SC	45015020202	255473564	82486244	98.639	31.848	33.4272266	-80.0396688
SC	45015020301	167645532	119695	64.728	0.046	33.2871316	-79.828054
SC	45015020303	33020202	14621451	12.749	5.645	33.3560254	-79.9640539
SC	45015020304	84106341	38420514	32.474	14.834	33.2839319	-79.9634349
SC	45015020401	819263089	8546861	316.319	3.3	33.1852078	-79.7254891
SC	45015020404	68307363	14547397	26.374	5.617	32.9212148	-79.8905423
SC	45015020405	213659650	6564189	82.494	2.534	33.0127641	-79.8275141
SC	45015020406	10362443	2300600	4.001	0.888	32.8806173	-79.8952537
SC	45015020407	19305761	7597282	7.454	2.933	32.8604656	-79.927373
SC	45015020503	137436475	57434761	53.065	22.176	33.2179689	-80.0966171
SC	45015020504	20236441	230426	7.813	0.089	33.206078	-80.0069274
SC	45015020505	8321016	63695	3.213	0.025	33.1537443	-80.0382644
SC	45015020506	19355077	648048	7.473	0.25	33.1834737	-79.998713
SC	45015020601	17377839	185882	6.71	0.072	33.1164983	-80.0417337
SC	45015020602	91183499	9427697	35.206	3.64	33.081274	-79.9694183
SC	45015020707	55298256	75954	21.351	0.029	33.0619117	-80.0440881
SC	45015020710	68216323	29083	26.338	0.011	33.092366	-80.1901804
SC	45015020711	44723663	7731	17.268	0.003	33.1306049	-80.1027005
SC	45015020712	12001679	242243	4.634	0.094	33.097631	-80.097346
SC	45015020713	31278352	0	12.077	0.	33.0714888	-80.1305014
SC	45015020714	7704647	0	2.975	0.	33.0273329	-80.1381967
SC	45015020715	2680269	0	1.035	0.	33.0374955	-80.1221616
SC	45015020716	9830987	0	3.796	0.	33.0131853	-80.1088044
SC	45015020717	4216586	0	1.628	0.	33.0290918	-80.0980916
SC	45015020718	5658196	0	2.185	0.	33.0439917	-80.0903524
SC	45015020719	3085992	0	1.192	0.	33.0324844	-80.0720915
SC	45015020720	4055813	0	1.566	0.	33.019307	-80.0656566
SC	45015020721	5805979	0	2.242	0.	33.0040251	-80.0811474
SC	45015020722	2518168	0	0.972	0.	33.0056725	-80.0620558
SC	45015020723	2784338	0	1.075	0.	32.9968753	-80.0461676
SC	45015020724	47867761	4063796	18.482	1.569	32.997022	-79.9666025
SC	45015020725	1774765	0	0.685	0.	32.9689219	-79.9853268
SC	45015020804	2271283	0	0.877	0.	32.9756911	-80.0135503
SC	45015020806	2691317	0	1.039	0.	33.0181024	-80.0319533
SC	45015020807	12953031	0	5.001	0.	33.019663	-80.0132871
SC	45015020808	3195433	3978	1.234	0.002	32.9946875	-80.0183186
SC	45015020809	4235251	128492	1.635	0.05	32.9860445	-80.0239889
SC	45015020810	3042739	225858	1.175	0.087	32.9715141	-80.032146
SC	45015020811	1943087	0	0.75	0.	32.9607154	-80.0113734
SC	45015020812	8089635	962132	3.123	0.371	32.9414521	-80.0087427
SC	45015020901	956216	0	0.369	0.	32.9077114	-80.0080991
SC	45015020903	3717750	189184	1.435	0.073	32.9200203	-80.0032732
SC	45015020904	4251025	1216096	1.641	0.47	32.9471998	-80.0320733
SC	45015021000	10382303	373942	4.009	0.144	32.9304423	-79.982502
SC	45015980100	22964312	1738597	8.867	0.671	32.9549793	-79.9882123
SC	45017950100	296958634	3430813	114.656	1.325	33.7420117	-80.9452527
SC	45017950201	65683944	443927	25.361	0.171	33.6397899	-80.7543183
SC	45017950202	212341015	1286411	81.985	0.497	33.7015512	-80.820623
SC	45017950400	412195431	24189929	159.15	9.34	33.616362	-80.6418795
SC	45019000100	713275	755406	0.275	0.292	32.7721636	-79.9406132
SC	45019000200	750369	2185889	0.29	0.844	32.770791	-79.9282235
SC	45019000400	630765	0	0.244	0.	32.7825377	-79.935326
SC	45019000500	668787	398384	0.258	0.154	32.7792848	-79.9468711
SC	45019000600	847352	143037	0.327	0.055	32.785061	-79.9510689
SC	45019000700	721961	0	0.279	0.	32.7893794	-79.938546
SC	45019000900	1313240	1145375	0.507	0.442	32.7976264	-79.9287806
SC	45019001000	453147	0	0.175	0.	32.7919285	-79.9443325
SC	45019001100	1100762	246398	0.425	0.095	32.7905077	-79.9565809
SC	45019001500	459879	0	0.178	0.	32.8070997	-79.9522715
SC	45019001901	10000219	1379191	3.861	0.533	32.7470539	-79.9967682
SC	45019001902	8261160	908965	3.19	0.351	32.7627874	-79.9653762
SC	45019002002	5472919	198399	2.113	0.077	32.7340159	-79.9611767
SC	45019002004	6565774	6720586	2.535	2.595	32.6590742	-79.935967
SC	45019002005	12434072	4161983	4.801	1.607	32.7310699	-79.9132447
SC	45019002006	4741597	150439	1.831	0.058	32.7325383	-79.934609
SC	45019002007	5112313	3464339	1.974	1.338	32.7538419	-79.9174385
SC	45019002008	27955415	8277227	10.794	3.196	32.6768775	-79.9828216
SC	45019002009	28638592	13975230	11.057	5.396	32.6957389	-79.9218133
SC	45019002103	109398651	10751090	42.239	4.151	32.6727041	-80.0718045
SC	45019002104	28466152	13683751	10.991	5.283	32.6121375	-80.0573024
SC	45019002105	21164287	8552425	8.172	3.302	32.5818931	-80.1681457
SC	45019002106	23072763	2530031	8.908	0.977	32.7573547	-80.0628599
SC	45019002107	29804035	61036	11.507	0.024	32.7308274	-80.0652497
SC	45019002108	33736625	1959344	13.026	0.757	32.731955	-80.1314358
SC	45019002200	108513478	22600414	41.897	8.726	32.6576817	-80.1839478
SC	45019002300	176728340	34816175	68.235	13.443	32.5734128	-80.315321
SC	45019002401	83508123	9534520	32.243	3.681	32.6689342	-80.3344445
SC	45019002402	228943592	1743388	88.396	0.673	32.774506	-80.3516406
SC	45019002503	51686431	14870965	19.956	5.742	32.6960652	-80.2361945
SC	45019002504	65249253	1197003	25.193	0.462	32.759612	-80.2035792
SC	45019002604	3443500	1179993	1.33	0.456	32.8222997	-80.0002429
SC	45019002605	3732478	98638	1.441	0.038	32.8034113	-79.99282
SC	45019002606	6336685	1995997	2.447	0.771	32.819367	-79.9780481
SC	45019002611	3735156	624969	1.442	0.241	32.8348212	-80.0393762
SC	45019002612	4657615	408678	1.798	0.158	32.8182383	-80.0195749
SC	45019002613	4217789	0	1.628	0.	32.8200406	-80.0433793
SC	45019002614	3110051	28367	1.201	0.011	32.8018819	-80.0444249
SC	45019002701	3874784	0	1.496	0.	32.7976991	-80.0287926
SC	45019002702	2766124	0	1.068	0.	32.792693	-80.0087214
SC	45019002801	5733004	858792	2.214	0.332	32.7772208	-80.038344
SC	45019002802	4578239	800886	1.768	0.309	32.774876	-80.0035774
SC	45019002900	2557651	461588	0.988	0.178	32.7894663	-79.9838555
SC	45019003000	5064795	1108551	1.956	0.428	32.7772471	-79.9726864
SC	45019003104	4985576	0	1.925	0.	32.9289566	-80.0393041
SC	45019003105	4911076	48398	1.896	0.019	32.911863	-80.0314105
SC	45019003106	12957826	0	5.003	0.	33.0022922	-80.1402261
SC	45019003107	21492233	59203	8.298	0.023	32.9600374	-80.1009931
SC	45019003108	6705140	0	2.589	0.	32.9160602	-80.0726327
SC	45019003109	4183457	348003	1.615	0.134	32.8942569	-80.0794055
SC	45019003110	4625085	353800	1.786	0.137	32.8669862	-80.0576673
SC	45019003111	14124895	70763	5.454	0.027	32.8740625	-80.02956
SC	45019003113	6467078	14464	2.497	0.006	32.9546311	-80.0729838
SC	45019003115	11613372	0	4.484	0.	32.9798869	-80.0613006
SC	45019003116	3366538	0	1.3	0.	32.9509505	-80.0463565
SC	45019003117	2225403	0	0.859	0.	32.9550321	-80.0581703
SC	45019003200	12793864	0	4.94	0.	32.8993147	-80.04971
SC	45019003300	4833578	0	1.866	0.	32.8844248	-80.0072624
SC	45019003400	7332266	1470976	2.831	0.568	32.8958105	-79.9746618
SC	45019003500	2685638	0	1.037	0.	32.8884799	-79.9908044
SC	45019003600	1761492	7395	0.68	0.003	32.8778634	-79.984269
SC	45019003700	2467814	3483	0.953	0.001	32.8671057	-79.9825338
SC	45019003800	2685645	0	1.037	0.	32.8582395	-79.9987862
SC	45019003900	8463517	2122532	3.268	0.82	32.8383534	-80.0140352
SC	45019004000	1637103	373795	0.632	0.144	32.8453153	-79.9893873
SC	45019004300	1680921	0	0.649	0.	32.8492682	-79.9649043
SC	45019004400	5247569	1355755	2.026	0.523	32.830558	-79.9619676
SC	45019004607	6951255	3283707	2.684	1.268	32.7958351	-79.8922487
SC	45019004609	22309890	15910626	8.614	6.143	32.8538067	-79.7305349
SC	45019004610	18027491	7359007	6.96	2.841	32.8245244	-79.7688751
SC	45019004612	6145764	21371	2.373	0.008	32.835122	-79.8302487
SC	45019004613	4305066	567357	1.662	0.219	32.8326092	-79.8844773
SC	45019004614	17319410	4612752	6.687	1.781	32.8596909	-79.8708566
SC	45019004615	10579402	1876354	4.085	0.724	32.8894689	-79.8340363
SC	45019004616	13384504	1094012	5.168	0.422	32.91292	-79.8042765
SC	45019004617	21986602	910065	8.489	0.351	32.9036483	-79.7518013
SC	45019004618	14454105	111227	5.581	0.043	32.8712607	-79.8001535
SC	45019004619	5324544	166012	2.056	0.064	32.8153925	-79.838778
SC	45019004620	16603682	1966599	6.411	0.759	32.7918747	-79.8300457
SC	45019004621	6231157	2609268	2.406	1.007	32.8147818	-79.8946004
SC	45019004622	4479859	105501	1.73	0.041	32.8213062	-79.8615549
SC	45019004701	5661483	4446395	2.186	1.717	32.7801651	-79.8675218
SC	45019004702	2170027	110992	0.838	0.043	32.8007285	-79.8635983
SC	45019004800	6665115	16146335	2.573	6.234	32.7629758	-79.8607661
SC	45019004901	3140388	1571079	1.213	0.607	32.7868965	-79.7864097
SC	45019004902	8348622	2626901	3.223	1.014	32.8133989	-79.7351795
SC	45019005001	273180884	3471945	105.476	1.341	33.0343517	-79.6522483
SC	45019005002	446456165	150422047	172.378	58.078	33.0606513	-79.4854865
SC	45019005100	1239807	1076065	0.479	0.415	32.7866809	-79.9264497
SC	45019005300	1301796	0	0.503	0.	32.8001609	-79.9443767
SC	45019005400	7257889	2926467	2.802	1.13	32.8200646	-79.9429888
SC	45019005500	6177952	3145255	2.385	1.214	32.8532551	-79.9555528
SC	45019005601	16353493	1692046	6.314	0.653	32.7953702	-80.0758621
SC	45019005602	13798960	387152	5.328	0.149	32.8114143	-80.0934286
SC	45019005701	7314597	371101	2.824	0.143	32.850021	-80.071498
SC	45019005702	30362298	501877	11.723	0.194	32.8684038	-80.1081678
SC	45019005800	97272182	1336607	37.557	0.516	32.8077688	-80.1815928
SC	45019005900	2730545	847098	1.054	0.327	32.801472	-79.963007
SC	45019990100	0	750251662	0.	289.674	32.7876331	-79.7203837
SC	45021970101	61416859	336779	23.713	0.13	35.1512171	-81.8112049
SC	45021970102	97458148	1164040	37.629	0.449	35.0740342	-81.7668613
SC	45021970201	34420022	427661	13.29	0.165	35.0778452	-81.7044339
SC	45021970203	47664458	1291215	18.403	0.499	35.1422048	-81.6321735
SC	45021970204	54570039	129040	21.07	0.05	35.1480228	-81.7093136
SC	45021970301	10170187	16915	3.927	0.007	35.0871727	-81.67422
SC	45021970302	19744614	240654	7.623	0.093	35.1001868	-81.5963883
SC	45021970401	78785373	1318258	30.419	0.509	35.1411998	-81.5456614
SC	45021970403	42763194	1302271	16.511	0.503	35.0815851	-81.5145561
SC	45021970404	100030986	146044	38.622	0.056	35.1115058	-81.4416116
SC	45021970501	19310723	74106	7.456	0.029	35.0289578	-81.620861
SC	45021970502	12674249	30539	4.894	0.012	35.061186	-81.6288145
SC	45021970503	39149137	2256019	15.116	0.871	35.0483928	-81.560554
SC	45021970601	55588269	256639	21.463	0.099	35.0111132	-81.6599835
SC	45021970602	147150808	1176952	56.815	0.454	34.9811165	-81.5634886
SC	45021970700	196873744	1524576	76.013	0.589	34.939109	-81.6473053
SC	45023020100	3520220	0	1.359	0.	34.7076584	-81.1975868
SC	45023020200	5149397	0	1.988	0.	34.7003242	-81.2195686
SC	45023020300	9453828	125165	3.65	0.048	34.7207553	-81.2148403
SC	45023020400	122906363	622562	47.454	0.24	34.7811483	-81.2137768
SC	45023020500	343183518	2701395	132.504	1.043	34.7361525	-81.3682284
SC	45023020601	314484587	1802952	121.423	0.696	34.6196182	-81.2596425
SC	45023020602	181834331	311489	70.207	0.12	34.7136872	-81.1207622
SC	45023020700	115716937	279976	44.679	0.108	34.7364624	-81.0291076
SC	45023020800	175868101	3019333	67.903	1.166	34.7553083	-80.9363719
SC	45023020900	212388267	3015039	82.004	1.164	34.6182565	-81.003256
SC	45023021000	19400241	2371390	7.49	0.916	34.5721311	-80.9053042
SC	45025950101	138651801	442703	53.534	0.171	34.7587822	-80.4600952
SC	45025950102	81115794	329953	31.319	0.127	34.7764444	-80.3532142
SC	45025950200	260100014	973181	100.425	0.376	34.6454671	-80.3337693
SC	45025950300	188723512	651031	72.867	0.251	34.7507742	-80.2423477
SC	45025950401	120395793	166678	46.485	0.064	34.76746	-80.0760732
SC	45025950402	163587013	706829	63.161	0.273	34.6962562	-80.1088981
SC	45025950501	82960651	1005082	32.031	0.388	34.7620024	-79.9701003
SC	45025950503	19971610	96826	7.711	0.037	34.6913633	-79.9536504
SC	45025950504	28030024	1205547	10.822	0.465	34.7184564	-79.9146574
SC	45025950601	206253878	3082685	79.635	1.19	34.5785272	-79.8744358
SC	45025950602	78962204	1333907	30.487	0.515	34.6357689	-79.9459364
SC	45025950701	230582196	3001727	89.028	1.159	34.5281832	-80.0951134
SC	45025950702	135027225	897955	52.134	0.347	34.6150149	-80.0467611
SC	45025950800	335002300	3371132	129.345	1.302	34.4978789	-80.2561591
SC	45027960100	134055575	161812	51.759	0.062	33.8770296	-79.9705469
SC	45027960201	183271172	261666	70.761	0.101	33.7982242	-80.0401952
SC	45027960300	228541440	266494	88.24	0.103	33.7733141	-80.1612095
SC	45027960400	133346154	54577	51.485	0.021	33.7237211	-80.3778775
SC	45027960500	98081202	184898	37.869	0.071	33.7032431	-80.2749535
SC	45027960600	226097368	338017	87.297	0.131	33.6405605	-80.0946747
SC	45027960701	69099762	68443	26.68	0.026	33.6390856	-80.2315868
SC	45027960702	98722318	2635803	38.117	1.018	33.5462791	-80.1548144
SC	45027960703	44294919	49523728	17.102	19.121	33.5259083	-80.2211
SC	45027960801	194177467	56399788	74.972	21.776	33.616668	-80.4129605
SC	45027960802	162700333	119199409	62.819	46.023	33.502291	-80.3523575
SC	45027980000	271851	0	0.105	0.	33.8866241	-80.0817786
SC	45029970100	212488672	429511	82.042	0.166	33.0964204	-80.8101778
SC	45029970200	327814088	141420	126.57	0.055	32.9765716	-80.9462173
SC	45029970301	260621308	199489	100.626	0.077	32.8545562	-80.8041011
SC	45029970302	245351469	1584489	94.731	0.612	32.7394018	-80.736228
SC	45029970401	385565741	712821	148.868	0.275	33.0054202	-80.7171243
SC	45029970402	40705404	167205	15.716	0.065	32.9672348	-80.6526383
SC	45029970501	5718152	0	2.208	0.	32.9019018	-80.6541359
SC	45029970502	9779574	0	3.776	0.	32.9074761	-80.6820939
SC	45029970601	120983474	392146	46.712	0.151	32.917015	-80.5917279
SC	45029970602	125932940	353402	48.623	0.136	32.8228965	-80.6107689
SC	45029970701	150057730	852120	57.938	0.329	32.8985817	-80.4554158
SC	45029970702	215414600	133281	83.172	0.051	33.0065323	-80.5402266
SC	45029970800	635853620	91152589	245.504	35.194	32.6282954	-80.5036583
SC	45029990100	0	101621877	0.	39.236	32.4609027	-80.2954009
SC	45031010100	289531437	4163077	111.789	1.607	34.4505586	-79.8239245
SC	45031010200	136381603	4680733	52.657	1.807	34.4629004	-80.0024926
SC	45031010300	40135904	742028	15.497	0.286	34.4025818	-80.0722686
SC	45031010400	113139793	391982	43.684	0.151	34.3762733	-80.2393017
SC	45031010500	4200569	397672	1.622	0.154	34.3693401	-80.0874346
SC	45031010600	39859390	84333	15.39	0.033	34.370038	-80.0231357
SC	45031010700	6280949	0	2.425	0.	34.3541929	-80.0756425
SC	45031010800	115343703	120037	44.534	0.046	34.3024008	-80.0484845
SC	45031010901	57650571	256031	22.259	0.099	34.242827	-79.8988017
SC	45031010902	101899170	212176	39.343	0.082	34.3398383	-79.9432455
SC	45031011000	21722514	23258	8.387	0.009	34.3448079	-79.8819695
SC	45031011100	3011323	0	1.163	0.	34.3032668	-79.8702747
SC	45031011201	3975108	0	1.535	0.	34.3024791	-79.8881545
SC	45031011202	15945025	136456	6.156	0.053	34.2949757	-79.9055101
SC	45031011301	43584248	316731	16.828	0.122	34.2735676	-79.7622218
SC	45031011302	146769367	2360573	56.668	0.911	34.3387166	-79.7621291
SC	45031011400	25384217	116932	9.801	0.045	34.266709	-79.8343225
SC	45031011500	154710583	333928	59.734	0.129	34.2146847	-80.0037918
SC	45031011600	132461837	262256	51.144	0.101	34.1546333	-80.0807553
SC	45033970100	173499159	114465	66.988	0.044	34.528075	-79.4228841
SC	45033970200	128051590	225399	49.441	0.087	34.4306966	-79.3074445
SC	45033970301	8910632	87717	3.44	0.034	34.4253173	-79.3517614
SC	45033970302	97611340	22544	37.688	0.009	34.4501816	-79.4568978
SC	45033970401	27272821	0	10.53	0.	34.394142	-79.3955833
SC	45033970402	8972456	0	3.464	0.	34.3951034	-79.3580789
SC	45033970500	249483507	2652540	96.326	1.024	34.3339068	-79.2077718
SC	45033970601	263114670	1372230	101.589	0.53	34.3465838	-79.5140215
SC	45033970602	92227045	40971	35.609	0.016	34.3273063	-79.3923821
SC	45035010100	218139029	559699	84.224	0.216	33.1480702	-80.6398107
SC	45035010200	158989441	271178	61.386	0.105	33.1882779	-80.5663258
SC	45035010301	184522707	503904	71.245	0.195	33.1251672	-80.4622962
SC	45035010302	229589300	1315601	88.645	0.508	33.2378485	-80.4533106
SC	45035010400	214035823	392720	82.64	0.152	33.0372476	-80.3509226
SC	45035010501	36278810	48148	14.007	0.019	33.0517155	-80.2629243
SC	45035010503	22671076	95875	8.753	0.037	32.9937687	-80.2777418
SC	45035010505	8240417	167236	3.182	0.065	32.9883521	-80.2059747
SC	45035010506	3445989	15122	1.331	0.006	33.0028706	-80.2430306
SC	45035010507	3725646	789	1.438	0.	32.9947245	-80.2314455
SC	45035010508	8936141	30148	3.45	0.012	32.9689784	-80.2257031
SC	45035010603	17032161	20713	6.576	0.008	33.0468783	-80.2171274
SC	45035010604	8380394	15448	3.236	0.006	33.0251541	-80.2112539
SC	45035010606	3110746	5405	1.201	0.002	33.0100855	-80.1895729
SC	45035010607	3554761	2472	1.373	0.001	33.0079706	-80.2056566
SC	45035010608	3163976	1556	1.222	0.001	33.003995	-80.2268059
SC	45035010700	7025778	908	2.713	0.	33.0271006	-80.173166
SC	45035010801	273589561	2316276	105.634	0.894	32.8955573	-80.2650986
SC	45035010807	5792138	157400	2.236	0.061	32.9669501	-80.1860258
SC	45035010808	6199363	85819	2.394	0.033	32.9763518	-80.1774487
SC	45035010809	3340115	14343	1.29	0.006	32.9987425	-80.1662655
SC	45035010813	7547160	30010	2.914	0.012	32.9767187	-80.1609388
SC	45035010814	4948502	30238	1.911	0.012	32.9832119	-80.1343344
SC	45035010815	1626127	4177	0.628	0.002	32.9645311	-80.1462027
SC	45035010817	5533455	728	2.136	0.	32.9369903	-80.1147048
SC	45035010818	8467183	36589	3.269	0.014	32.9256789	-80.101997
SC	45035010819	6690521	411626	2.583	0.159	32.9226885	-80.1359248
SC	45035010820	6368300	207913	2.459	0.08	32.9029337	-80.1072177
SC	45035010821	2547058	0	0.983	0.	32.9418568	-80.1324966
SC	45035010822	2694889	0	1.041	0.	32.9477449	-80.145698
SC	45035010823	5985648	39901	2.311	0.015	32.9600661	-80.1320163
SC	45037970201	396445744	1639932	153.069	0.633	33.7991298	-82.0815403
SC	45037970203	268802218	2100992	103.785	0.811	33.885203	-81.9268418
SC	45037970204	105899113	431538	40.888	0.167	33.7708232	-81.9537908
SC	45037970300	163591354	2530768	63.163	0.977	33.7963576	-81.7706297
SC	45037970400	128980473	1803648	49.8	0.696	33.7032284	-81.8705262
SC	45037970501	66312991	671867	25.604	0.259	33.6607869	-81.9467352
SC	45037970502	166744433	7128581	64.38	2.752	33.6202063	-82.0215744
SC	45039960100	359570316	34307655	138.831	13.246	34.4273558	-81.3174179
SC	45039960200	562400982	4695812	217.144	1.813	34.4781194	-81.0698563
SC	45039960301	222515002	353169	85.914	0.136	34.3300508	-80.9787151
SC	45039960302	209337656	19034788	80.826	7.349	34.3774571	-80.8697807
SC	45039960401	6894507	0	2.662	0.	34.370412	-81.0915322
SC	45039960402	59289611	0	22.892	0.	34.3639466	-81.0445283
SC	45039960501	145370239	1182488	56.128	0.457	34.3226477	-81.1231396
SC	45039960502	212142946	1489250	81.909	0.575	34.2638268	-81.2004141
SC	45041000101	24049586	0	9.286	0.	34.2249995	-79.8270163
SC	45041000102	12009528	219693	4.637	0.085	34.1896723	-79.8789345
SC	45041000201	14402273	0	5.561	0.	34.1987953	-79.8244478
SC	45041000202	9707031	408529	3.748	0.158	34.1653321	-79.8327347
SC	45041000300	34084611	0	13.16	0.	34.2297143	-79.7387975
SC	45041000400	153583726	1519823	59.299	0.587	34.2553928	-79.6320181
SC	45041000501	38238101	0	14.764	0.	34.1728548	-79.626701
SC	45041000502	30919918	0	11.938	0.	34.1726872	-79.694908
SC	45041000600	9568033	0	3.694	0.	34.1546745	-79.7528863
SC	45041000700	5887871	0	2.273	0.	34.1875889	-79.7527189
SC	45041000800	6117300	0	2.362	0.	34.2077391	-79.747242
SC	45041000900	5610709	0	2.166	0.	34.2077622	-79.7859632
SC	45041001000	2494026	0	0.963	0.	34.1911403	-79.7695503
SC	45041001100	4893346	0	1.889	0.	34.190757	-79.7961215
SC	45041001200	5345767	0	2.064	0.	34.1797447	-79.7905163
SC	45041001300	3890411	12730	1.502	0.005	34.1686434	-79.8008331
SC	45041001400	8325121	52771	3.214	0.02	34.1570461	-79.7798661
SC	45041001503	29707444	181499	11.47	0.07	34.1615375	-79.9043121
SC	45041001504	52327743	308661	20.204	0.119	34.1364184	-79.8366767
SC	45041001505	43397336	0	16.756	0.	34.0897395	-79.7823755
SC	45041001506	54062270	0	20.874	0.	34.0645955	-79.8366064
SC	45041001601	29551926	14369	11.41	0.006	34.1248499	-79.7288626
SC	45041001602	156571899	52901	60.453	0.02	34.0531476	-79.684643
SC	45041001700	171729205	1996687	66.305	0.771	34.0984173	-79.5938783
SC	45041001800	203209196	825306	78.46	0.319	33.9396465	-79.5799293
SC	45041001901	172273071	2086847	66.515	0.806	33.8455832	-79.4838564
SC	45041001902	65708217	1498994	25.37	0.579	33.8184043	-79.4220675
SC	45041002000	137185233	72085	52.968	0.028	33.8753636	-79.6769366
SC	45041002202	41549001	126603	16.042	0.049	33.8389293	-79.7194929
SC	45041002203	30102979	0	11.623	0.	33.8659924	-79.7908504
SC	45041002204	3486558	0	1.346	0.	33.8754693	-79.7683536
SC	45041002300	140225910	31326	54.142	0.012	33.9761578	-79.7380335
SC	45041002400	154216325	27562	59.543	0.011	33.9317418	-79.86989
SC	45041002500	142256648	140817	54.926	0.054	34.0623061	-79.9431534
SC	45041002600	70916393	189685	27.381	0.073	34.0956922	-79.9204399
SC	45041980100	5694867	0	2.199	0.	34.1865644	-79.7259342
SC	45043920100	231824665	2719026	89.508	1.05	33.6723859	-79.3384778
SC	45043920202	112376685	2339297	43.389	0.903	33.5087031	-79.4737419
SC	45043920203	98838118	543120	38.162	0.21	33.415012	-79.4722601
SC	45043920204	13062328	0	5.043	0.	33.4396704	-79.577601
SC	45043920301	202823382	4517135	78.311	1.744	33.4732875	-79.3922874
SC	45043920302	16258067	2111535	6.277	0.815	33.3895567	-79.2722447
SC	45043920400	470351452	21612110	181.604	8.344	33.5532527	-79.2329199
SC	45043920502	34714079	3198234	13.403	1.235	33.5181934	-79.0806567
SC	45043920504	32162836	4957707	12.418	1.914	33.4176484	-79.1864379
SC	45043920506	13653418	781644	5.272	0.302	33.4899862	-79.1206626
SC	45043920507	9346129	86227	3.609	0.033	33.4682306	-79.1296144
SC	45043920508	118625274	49222904	45.801	19.005	33.3363694	-79.2005422
SC	45043920509	8607187	960147	3.323	0.371	33.4579873	-79.1103946
SC	45043920510	7242564	2057663	2.796	0.794	33.5637296	-79.0166487
SC	45043920511	7517313	287605	2.902	0.111	33.5651944	-79.0598089
SC	45043920601	18802879	27509	7.26	0.011	33.3987687	-79.2981993
SC	45043920602	33383378	1325768	12.889	0.512	33.3886197	-79.3440565
SC	45043920701	61493303	12518184	23.743	4.833	33.3167605	-79.3360395
SC	45043920702	15521619	2765744	5.993	1.068	33.3501888	-79.3066398
SC	45043920800	600611113	39907036	231.897	15.408	33.2899077	-79.4344696
SC	45043990100	0	399122343	0.	154.102	33.3105275	-79.1138796
SC	45045000100	1539041	0	0.594	0.	34.8566157	-82.3891794
SC	45045000200	1343265	15619	0.519	0.006	34.8478319	-82.3974862
SC	45045000400	1286599	11226	0.497	0.004	34.8381271	-82.3983635
SC	45045000500	1058903	0	0.409	0.	34.8376716	-82.4115291
SC	45045000700	2567066	2021	0.991	0.001	34.8504139	-82.4126907
SC	45045000800	903244	0	0.349	0.	34.8493143	-82.4271137
SC	45045000900	947444	0	0.366	0.	34.8607592	-82.409823
SC	45045001000	1488127	0	0.575	0.	34.8606403	-82.4002483
SC	45045001101	4578020	36296	1.768	0.014	34.8804194	-82.3786068
SC	45045001102	1355508	591	0.523	0.	34.8696886	-82.3929531
SC	45045001203	1271580	0	0.491	0.	34.8709259	-82.3647584
SC	45045001204	2339059	4648	0.903	0.002	34.8590533	-82.3681784
SC	45045001205	1306295	1859	0.504	0.001	34.8631405	-82.3765112
SC	45045001302	1715275	0	0.662	0.	34.8343593	-82.3606077
SC	45045001400	4160663	56224	1.606	0.022	34.8159886	-82.3754469
SC	45045001501	3166168	2488	1.222	0.001	34.819518	-82.3970924
SC	45045001502	2610160	0	1.008	0.	34.802851	-82.383791
SC	45045001600	7808158	21563	3.015	0.008	34.9145133	-82.3559783
SC	45045001700	5885178	13082	2.272	0.005	34.89643	-82.3498565
SC	45045001803	3555009	8339	1.373	0.003	34.9002092	-82.3255295
SC	45045001804	4182073	7250	1.615	0.003	34.8892079	-82.3156235
SC	45045001805	5791795	42300	2.236	0.016	34.8801813	-82.3417582
SC	45045001807	4877834	18042	1.883	0.007	34.8768401	-82.3137671
SC	45045001808	5536371	4352	2.138	0.002	34.8462466	-82.3298314
SC	45045001809	1808856	0	0.698	0.	34.8671766	-82.339235
SC	45045001810	1603645	0	0.619	0.	34.8617386	-82.3481127
SC	45045001900	13874719	112506	5.357	0.043	34.8200676	-82.3474849
SC	45045002001	3918801	0	1.513	0.	34.7877058	-82.3953293
SC	45045002003	10007817	16882	3.864	0.007	34.7652142	-82.4041162
SC	45045002005	6190530	89209	2.39	0.034	34.783355	-82.370961
SC	45045002103	7508106	16831	2.899	0.006	34.8059127	-82.4073509
SC	45045002104	1372989	2302	0.53	0.001	34.841044	-82.4413723
SC	45045002105	2150556	2747	0.83	0.001	34.838672	-82.4266332
SC	45045002106	2760294	0	1.066	0.	34.8273889	-82.4379688
SC	45045002107	3697902	6645	1.428	0.003	34.8167433	-82.4266676
SC	45045002108	1417782	603	0.547	0.	34.8289154	-82.4158114
SC	45045002202	2963954	11007	1.144	0.004	34.8547583	-82.4401273
SC	45045002203	2303642	12130	0.889	0.005	34.864435	-82.4277523
SC	45045002204	2672085	3905	1.032	0.002	34.8791835	-82.4367642
SC	45045002301	5128328	125030	1.98	0.048	34.8974078	-82.4242706
SC	45045002302	2609500	0	1.008	0.	34.8811322	-82.4173126
SC	45045002303	2435385	4579	0.94	0.002	34.8728159	-82.4105209
SC	45045002304	4756055	21180	1.836	0.008	34.8877798	-82.3940491
SC	45045002403	71677498	960040	27.675	0.371	35.0631886	-82.2691979
SC	45045002404	160371282	1907002	61.92	0.736	35.1367626	-82.294817
SC	45045002405	38867117	2189438	15.007	0.845	35.0174886	-82.2689293
SC	45045002406	8033338	360820	3.102	0.139	34.9842832	-82.2411812
SC	45045002503	20538195	120855	7.93	0.047	34.9060735	-82.2434794
SC	45045002504	2090629	0	0.807	0.	34.9440872	-82.2339594
SC	45045002505	3489174	0	1.347	0.	34.9340004	-82.2349121
SC	45045002506	11450061	55144	4.421	0.021	34.9566383	-82.2679981
SC	45045002507	8698340	182983	3.358	0.071	34.963737	-82.2399111
SC	45045002602	4050052	7208	1.564	0.003	34.9063398	-82.3042731
SC	45045002604	10282908	65255	3.97	0.025	34.9153567	-82.2848315
SC	45045002606	26284839	1821168	10.149	0.703	34.9851745	-82.313883
SC	45045002609	5517983	55078	2.131	0.021	34.8807179	-82.2731127
SC	45045002610	4167748	4211	1.609	0.002	34.9339545	-82.319667
SC	45045002611	17647486	67172	6.814	0.026	34.9509757	-82.3161049
SC	45045002612	8549435	60778	3.301	0.023	34.89162	-82.2570296
SC	45045002613	1628239	0	0.629	0.	34.8974468	-82.2820228
SC	45045002701	30108505	221217	11.625	0.085	34.9392993	-82.3924602
SC	45045002703	13546030	51923	5.23	0.02	34.9430412	-82.3485717
SC	45045002704	2644758	2488	1.021	0.001	34.918764	-82.3259095
SC	45045002804	2877022	17331	1.111	0.007	34.8613955	-82.3097313
SC	45045002805	9383453	91767	3.623	0.035	34.8495102	-82.2900591
SC	45045002811	11880708	68287	4.587	0.026	34.8066326	-82.3037438
SC	45045002812	10075800	80719	3.89	0.031	34.8035511	-82.2698565
SC	45045002813	8247087	76894	3.184	0.03	34.8349676	-82.2413415
SC	45045002814	11416993	104803	4.408	0.04	34.8299663	-82.2121214
SC	45045002815	6605712	61264	2.55	0.024	34.8057857	-82.2423259
SC	45045002817	4690363	37275	1.811	0.014	34.8710986	-82.2900729
SC	45045002818	2905157	0	1.122	0.	34.8657732	-82.2676745
SC	45045002819	9589604	159026	3.703	0.061	34.8338048	-82.2700941
SC	45045002820	8453418	69867	3.264	0.027	34.8515375	-82.2416135
SC	45045002821	5797322	31620	2.238	0.012	34.7868906	-82.1724031
SC	45045002822	10628241	81718	4.104	0.032	34.8104312	-82.1844889
SC	45045002901	14820528	473721	5.722	0.183	34.789522	-82.3456019
SC	45045002903	9834637	41433	3.797	0.016	34.7787267	-82.2934095
SC	45045002904	10166714	128494	3.925	0.05	34.7790647	-82.3298211
SC	45045002905	8009153	146962	3.092	0.057	34.7564671	-82.3154601
SC	45045003005	7578890	0	2.926	0.	34.737477	-82.26321
SC	45045003008	10445136	39147	4.033	0.015	34.7797166	-82.2452413
SC	45045003009	38146729	339924	14.729	0.131	34.7585255	-82.1864755
SC	45045003010	12859802	66980	4.965	0.026	34.7569276	-82.2476429
SC	45045003011	9880004	38080	3.815	0.015	34.7317039	-82.2349019
SC	45045003012	3861756	7493	1.491	0.003	34.7249692	-82.2736227
SC	45045003013	10359993	98654	4.	0.038	34.6937309	-82.262877
SC	45045003014	12887433	121396	4.976	0.047	34.7342749	-82.3008749
SC	45045003016	16550379	231554	6.39	0.089	34.6771519	-82.2871744
SC	45045003017	5164092	58968	1.994	0.023	34.7124171	-82.2914308
SC	45045003101	17682902	58328	6.827	0.023	34.7043385	-82.2045941
SC	45045003103	32843207	117490	12.681	0.045	34.666588	-82.2378187
SC	45045003104	45254966	371313	17.473	0.143	34.6113988	-82.2588515
SC	45045003202	143875673	1212102	55.551	0.468	34.5535191	-82.3283037
SC	45045003203	50356972	525128	19.443	0.203	34.6415493	-82.3708231
SC	45045003204	36461626	458444	14.078	0.177	34.6268187	-82.3335881
SC	45045003301	45743790	755551	17.662	0.292	34.6906109	-82.4349967
SC	45045003303	51928652	351244	20.05	0.136	34.6918423	-82.3925094
SC	45045003304	32483049	593424	12.542	0.229	34.7063155	-82.3397434
SC	45045003401	14240826	58526	5.498	0.023	34.7531594	-82.3718916
SC	45045003500	17533833	269706	6.77	0.104	34.7608042	-82.4328196
SC	45045003601	14300743	140159	5.522	0.054	34.823322	-82.4625102
SC	45045003602	8179584	71024	3.158	0.027	34.7976173	-82.4444363
SC	45045003701	28945492	798595	11.176	0.308	34.9089437	-82.4780232
SC	45045003704	2944268	9624	1.137	0.004	34.8676034	-82.4514725
SC	45045003705	6364068	162131	2.457	0.063	34.8515148	-82.4672029
SC	45045003706	4361435	16793	1.684	0.006	34.8818804	-82.4571566
SC	45045003707	4032745	8866	1.557	0.003	34.8969327	-82.4542915
SC	45045003802	14443028	64683	5.576	0.025	34.9136194	-82.4167711
SC	45045003803	8558812	149930	3.305	0.058	34.9285764	-82.4472424
SC	45045003804	4080910	1240	1.576	0.	34.9095146	-82.4439089
SC	45045003902	37579761	213746	14.51	0.083	34.9896106	-82.3867099
SC	45045003903	52029660	494314	20.089	0.191	34.9881191	-82.4811278
SC	45045003905	23579473	173357	9.104	0.067	34.9904659	-82.4431435
SC	45045003906	5455894	32379	2.107	0.013	34.9599712	-82.4449725
SC	45045004001	38780811	811853	14.973	0.313	35.035427	-82.3769893
SC	45045004003	49634194	317607	19.164	0.123	35.0733	-82.4120498
SC	45045004004	134395973	3397332	51.891	1.312	35.1352106	-82.4459283
SC	45045004101	48956289	353713	18.902	0.137	35.037484	-82.5065924
SC	45045004102	176022380	1462844	67.963	0.565	35.0942506	-82.6016505
SC	45045004200	2512646	21142	0.97	0.008	34.8345704	-82.3904774
SC	45045004300	3205800	13828	1.238	0.005	34.841716	-82.3753525
SC	45045004400	5580116	4437	2.154	0.002	34.8479697	-82.3501653
SC	45047970101	85394075	3758853	32.971	1.451	34.3088563	-82.1849097
SC	45047970102	129358839	407287	49.946	0.157	34.3181322	-82.269615
SC	45047970201	56797405	2025840	21.93	0.782	34.2624369	-82.1268437
SC	45047970202	9168054	18954	3.54	0.007	34.2209238	-82.1546671
SC	45047970301	9181140	0	3.545	0.	34.223631	-82.1812093
SC	45047970303	6991995	55580	2.7	0.021	34.210999	-82.1906743
SC	45047970304	20332677	212021	7.85	0.082	34.2103	-82.2139248
SC	45047970401	8403628	40289	3.245	0.016	34.1778226	-82.1696198
SC	45047970402	27422932	434554	10.588	0.168	34.1698568	-82.2054546
SC	45047970500	4003292	0	1.546	0.	34.1958201	-82.1472554
SC	45047970601	51391342	0	19.842	0.	34.1547829	-82.0955561
SC	45047970602	32060439	1716347	12.379	0.663	34.2315936	-82.0771399
SC	45047970701	89723590	11287956	34.642	4.358	34.171785	-81.9423252
SC	45047970702	117379285	0	45.32	0.	34.1649441	-82.0235799
SC	45047970801	9101535	26721	3.514	0.01	34.1589149	-82.1349072
SC	45047970802	69218723	329689	26.725	0.127	34.111877	-82.1861034
SC	45047970900	227994964	464122	88.029	0.179	34.038917	-82.2095765
SC	45047971000	226085171	481856	87.292	0.186	34.0460636	-82.0457402
SC	45049920100	189351700	349154	73.109	0.135	32.9411602	-81.1416812
SC	45049920201	140641410	14285	54.302	0.006	32.895148	-81.0345336
SC	45049920202	141310968	126207	54.56	0.049	32.8030817	-81.0209324
SC	45049920300	192678341	571603	74.394	0.221	32.7272455	-80.9156866
SC	45049920401	145029797	1521081	55.996	0.587	32.7304285	-81.3249205
SC	45049920402	288576838	880157	111.42	0.34	32.7986213	-81.1622095
SC	45049920500	352738633	3610078	136.193	1.394	32.65223	-81.2720655
SC	45051010100	341530944	749913	131.866	0.29	34.1740918	-79.0834546
SC	45051020100	152943961	388803	59.052	0.15	34.1212643	-78.9380975
SC	45051020201	64194732	120924	24.786	0.047	34.0469722	-78.8234012
SC	45051020202	21543200	53381	8.318	0.021	34.0568904	-78.8857258
SC	45051020301	105661057	92507	40.796	0.036	33.9868694	-78.9057766
SC	45051020302	121655904	224656	46.972	0.087	34.0420124	-79.0002293
SC	45051030102	104567029	201922	40.374	0.078	33.9266369	-78.809099
SC	45051030104	121980671	191311	47.097	0.074	33.9658209	-78.7539974
SC	45051040101	38582058	0	14.897	0.	33.8980755	-78.6953749
SC	45051040102	18509903	217550	7.147	0.084	33.8606822	-78.6881471
SC	45051040103	16580948	18471	6.402	0.007	33.8802992	-78.654116
SC	45051040104	19691757	574714	7.603	0.222	33.8868648	-78.6108585
SC	45051040105	5308585	493424	2.05	0.191	33.8685828	-78.6258172
SC	45051040200	25257115	3952750	9.752	1.526	33.8517082	-78.600541
SC	45051040300	9287559	272604	3.586	0.105	33.834047	-78.6677196
SC	45051040400	7248515	152733	2.799	0.059	33.8134038	-78.7041044
SC	45051040500	11014336	471940	4.253	0.182	33.7932933	-78.7441369
SC	45051050102	11667613	1066802	4.505	0.412	33.735763	-78.8699588
SC	45051050200	4386733	185657	1.694	0.072	33.7725679	-78.7856627
SC	45051050303	6334789	100470	2.446	0.039	33.7582947	-78.8095041
SC	45051050401	2234771	0	0.863	0.	33.7439057	-78.8293306
SC	45051050402	3951435	33707	1.526	0.013	33.7346749	-78.8460137
SC	45051050500	7198872	141360	2.78	0.055	33.7168113	-78.8665665
SC	45051050600	5896794	0	2.277	0.	33.7042244	-78.8900783
SC	45051050700	1381572	0	0.533	0.	33.6889609	-78.889141
SC	45051050901	3654301	0	1.411	0.	33.6807136	-78.9102829
SC	45051050902	7035756	154368	2.717	0.06	33.6978676	-78.9148914
SC	45051051000	7830254	130822	3.023	0.051	33.6667569	-78.9501527
SC	45051051201	2075126	44426	0.801	0.017	33.6145803	-78.9706701
SC	45051051202	2115576	0	0.817	0.	33.6025189	-78.9823452
SC	45051051301	1735943	0	0.67	0.	33.5915879	-78.9922297
SC	45051051302	4055782	222037	1.566	0.086	33.5809735	-79.0076889
SC	45051051403	12076673	159057	4.663	0.061	33.6517658	-78.9651434
SC	45051051404	4089515	0	1.579	0.	33.6242823	-78.9876778
SC	45051051405	5538756	54343	2.139	0.021	33.6096534	-79.0000275
SC	45051051406	3697365	0	1.428	0.	33.5912595	-79.018383
SC	45051051501	3743564	202939	1.445	0.078	33.6916274	-78.985045
SC	45051051502	8183882	4224	3.16	0.002	33.6708235	-78.9839079
SC	45051051503	4858163	77823	1.876	0.03	33.6901842	-78.9569887
SC	45051051603	21808851	901419	8.42	0.348	33.6386523	-79.0781435
SC	45051051605	13602601	79330	5.252	0.031	33.6110478	-79.027744
SC	45051051606	16407629	377530	6.335	0.146	33.6652435	-79.0421419
SC	45051051607	13963629	0	5.391	0.	33.6458248	-79.0071436
SC	45051051608	17588732	818813	6.791	0.316	33.5903166	-79.0709272
SC	45051051609	8778536	0	3.389	0.	33.5987724	-79.0440559
SC	45051051700	6924679	33720	2.674	0.013	33.650655	-78.931038
SC	45051060101	33011684	1517408	12.746	0.586	33.7568378	-79.0422293
SC	45051060102	15293140	912808	5.905	0.352	33.6995664	-79.0388546
SC	45051060203	24863131	0	9.6	0.	33.72548	-78.9849312
SC	45051060204	14115474	441962	5.45	0.171	33.7068355	-78.9669823
SC	45051060206	14163391	778003	5.469	0.3	33.7508304	-78.9257015
SC	45051060207	11375208	624308	4.392	0.241	33.7649493	-78.8912161
SC	45051060209	14761204	0	5.699	0.	33.7718527	-78.9474777
SC	45051060210	6812203	263285	2.63	0.102	33.7279811	-78.9064212
SC	45051060211	5632476	48612	2.175	0.019	33.740019	-78.901615
SC	45051060301	77609851	463427	29.965	0.179	33.854227	-78.8517314
SC	45051060303	28487034	474512	10.999	0.183	33.8244836	-78.7356766
SC	45051060309	27717226	1758	10.702	0.001	33.7948009	-78.9345551
SC	45051060310	104098453	488185	40.193	0.188	33.8237154	-78.8415189
SC	45051060403	13352933	232339	5.156	0.09	33.8209433	-79.0148447
SC	45051060404	16016944	0	6.184	0.	33.8009395	-78.9787748
SC	45051060405	7244083	43147	2.797	0.017	33.7922107	-79.0120361
SC	45051060406	19276192	57548	7.443	0.022	33.751321	-79.0028446
SC	45051070101	84318448	212844	32.556	0.082	33.9110995	-79.0002913
SC	45051070102	89956730	562648	34.732	0.217	33.885006	-78.9240523
SC	45051070200	7175581	93540	2.771	0.036	33.858012	-79.0476531
SC	45051070300	8650973	149312	3.34	0.058	33.8534671	-79.0653864
SC	45051070400	19029736	0	7.347	0.	33.8403097	-79.0952987
SC	45051070500	9990530	1475116	3.857	0.57	33.8115206	-79.0776842
SC	45051070601	101977857	1145542	39.374	0.442	33.8031326	-79.1758303
SC	45051070602	175347197	5198264	67.702	2.007	33.710724	-79.1159442
SC	45051070701	104103833	331623	40.195	0.128	33.9308532	-79.0714993
SC	45051070702	60416649	418650	23.327	0.162	33.8582633	-79.1752251
SC	45051080101	161965305	274945	62.535	0.106	34.0360374	-79.1450418
SC	45051080102	59626914	69091	23.022	0.027	34.0039093	-79.2072241
SC	45051080200	213415524	2266260	82.4	0.875	33.9415985	-79.2327837
SC	45051980100	6685776	0	2.581	0.	33.6782343	-78.9302367
SC	45051990100	0	283345023	0.	109.4	33.7262063	-78.7614877
SC	45053950100	655620197	3792978	253.136	1.464	32.5531475	-81.0749103
SC	45053950201	232020716	2959622	89.584	1.143	32.3984799	-80.9415727
SC	45053950203	105181488	10106976	40.611	3.902	32.4995628	-80.9090304
SC	45053950204	161947667	5400435	62.528	2.085	32.5814948	-80.9236903
SC	45053950301	256860961	2210765	99.175	0.854	32.3448876	-81.0727752
SC	45053950302	285158963	18990548	110.1	7.332	32.1525341	-81.0269068
SC	45053990100	0	76703243	0.	29.615	32.0516891	-80.8102038
SC	45055970100	268562470	463065	103.693	0.179	34.410046	-80.3793525
SC	45055970200	261584923	772447	100.999	0.298	34.5100021	-80.4724066
SC	45055970300	305574072	18369993	117.983	7.093	34.443066	-80.7244223
SC	45055970401	168070480	5746875	64.892	2.219	34.2844433	-80.7465529
SC	45055970402	13927508	42399	5.377	0.016	34.2346731	-80.6900046
SC	45055970403	17964658	575498	6.936	0.222	34.2183873	-80.6619753
SC	45055970500	61643080	758828	23.801	0.293	34.2876011	-80.6304116
SC	45055970601	31511990	1625701	12.167	0.628	34.2707464	-80.5532443
SC	45055970603	138629248	455334	53.525	0.176	34.2776174	-80.4783465
SC	45055970604	180550752	682938	69.711	0.264	34.3674357	-80.5732551
SC	45055970700	138977020	2393096	53.659	0.924	34.1634153	-80.5585023
SC	45055970800	33600606	645090	12.973	0.249	34.2347491	-80.5807005
SC	45055970902	137615384	1707888	53.134	0.659	34.1171926	-80.6538749
SC	45055970905	17711430	73557	6.838	0.028	34.1988492	-80.7092803
SC	45055970906	27686176	399313	10.69	0.154	34.1656982	-80.7356222
SC	45055970907	26184608	225414	10.11	0.087	34.2087088	-80.7836121
SC	45055970908	18025930	179790	6.96	0.069	34.1536745	-80.7901527
SC	45055970909	34096183	231469	13.165	0.089	34.190323	-80.831059
SC	45057010100	193484155	142758	74.705	0.055	34.7289023	-80.5604968
SC	45057010201	171033431	154342	66.036	0.06	34.6139592	-80.5530786
SC	45057010202	81776832	304759	31.574	0.118	34.5261839	-80.5965361
SC	45057010300	364877811	4053739	140.88	1.565	34.5705217	-80.7384781
SC	45057010400	72942238	5876109	28.163	2.269	34.6481753	-80.8538741
SC	45057010500	20728026	50870	8.003	0.02	34.6924242	-80.8004274
SC	45057010600	27922965	228936	10.781	0.088	34.6764331	-80.7420454
SC	45057010700	6144214	119047	2.372	0.046	34.7180813	-80.7600821
SC	45057010800	4340177	0	1.676	0.	34.7162854	-80.7786525
SC	45057010900	16902614	19506	6.526	0.008	34.7385541	-80.78347
SC	45057011001	68944100	220796	26.619	0.085	34.7034846	-80.674923
SC	45057011002	87910279	358314	33.942	0.138	34.7643953	-80.6816257
SC	45057011100	133630270	1638751	51.595	0.633	34.7749209	-80.8068098
SC	45057011203	10152416	44682	3.92	0.017	35.0497893	-80.8980709
SC	45057011204	10612968	0	4.098	0.	35.0155609	-80.8736313
SC	45057011205	15366477	25169	5.933	0.01	34.979739	-80.871868
SC	45057011206	10865579	15741	4.195	0.006	34.9746294	-80.8411002
SC	45057011207	8583407	17801	3.314	0.007	34.9570515	-80.8127354
SC	45057011208	11270676	109360	4.352	0.042	34.9421275	-80.8293905
SC	45057011209	85913968	1869621	33.172	0.722	34.8712719	-80.8417124
SC	45057011210	6607693	1603	2.551	0.001	34.9211683	-80.8046751
SC	45057011211	12264581	41444	4.735	0.016	34.8999988	-80.7939637
SC	45059920102	50782182	989531	19.607	0.382	34.6390059	-82.0572767
SC	45059920104	65103012	307376	25.136	0.119	34.616276	-82.1879444
SC	45059920105	63102218	319385	24.364	0.123	34.6693778	-82.1216852
SC	45059920106	57805091	406458	22.319	0.157	34.7337903	-82.1349698
SC	45059920107	49210219	67855	19.	0.026	34.5493603	-82.1362669
SC	45059920108	53748071	201555	20.752	0.078	34.5877266	-82.1273583
SC	45059920201	136068263	1224831	52.536	0.473	34.4881878	-82.2236946
SC	45059920202	142086963	4739115	54.86	1.83	34.3871887	-82.1544992
SC	45059920301	105251157	105208	40.638	0.041	34.4806809	-82.0822038
SC	45059920302	103701751	230452	40.039	0.089	34.4434478	-81.9881019
SC	45059920400	12879018	4397	4.973	0.002	34.4928213	-82.0269534
SC	45059920501	128078760	1603909	49.451	0.619	34.5996461	-81.9632935
SC	45059920503	7821491	0	3.02	0.	34.5152484	-81.9896429
SC	45059920504	65633342	187749	25.341	0.072	34.5452035	-82.0223328
SC	45059920600	301118400	1920620	116.262	0.742	34.5100227	-81.7986227
SC	45059920700	29359998	136630	11.336	0.053	34.468227	-81.9191816
SC	45059920800	51764463	60136	19.986	0.023	34.4227328	-81.8992407
SC	45059920900	129544552	317812	50.017	0.123	34.3961678	-81.8367798
SC	45059921001	139031102	3325494	53.68	1.284	34.3629151	-82.0389254
SC	45059921002	154237108	9912720	59.551	3.827	34.2923122	-81.9568344
SC	45061920100	144183754	284795	55.67	0.11	34.2555206	-80.1752007
SC	45061920201	211050439	597384	81.487	0.231	34.2780849	-80.3192623
SC	45061920202	24660654	136686	9.522	0.053	34.2180714	-80.2941047
SC	45061920301	225557	0	0.087	0.	34.197077	-80.2264333
SC	45061920302	148124854	218258	57.191	0.084	34.1505544	-80.2166106
SC	45061920401	149187844	445881	57.602	0.172	34.1619964	-80.4029102
SC	45061920402	85270894	735796	32.923	0.284	34.1049145	-80.3308477
SC	45061920500	119885712	283958	46.288	0.11	34.0739559	-80.2414677
SC	45061920600	179782599	12319	69.414	0.005	34.0347695	-80.1011033
SC	45063020100	9996269	939759	3.86	0.363	33.9504976	-81.0398065
SC	45063020201	2367468	155367	0.914	0.06	33.9783035	-81.0571089
SC	45063020202	3998261	18101	1.544	0.007	33.9592231	-81.0781384
SC	45063020300	3405965	134954	1.315	0.052	33.9896272	-81.0628508
SC	45063020505	5260806	22470	2.031	0.009	33.9923387	-81.0921352
SC	45063020506	12575358	216000	4.855	0.083	34.0140354	-81.1321082
SC	45063020508	3476356	101587	1.342	0.039	34.0048827	-81.0987359
SC	45063020509	3532575	593376	1.364	0.229	34.0041109	-81.0744651
SC	45063020510	6903304	153127	2.665	0.059	34.035707	-81.1257529
SC	45063020511	2358261	0	0.911	0.	34.0486815	-81.1314486
SC	45063020512	4021591	0	1.553	0.	33.9956797	-81.1400606
SC	45063020513	5774840	35541	2.23	0.014	33.9883564	-81.1255348
SC	45063020601	5987534	0	2.312	0.	33.974575	-81.0894477
SC	45063020602	10412087	75303	4.02	0.029	33.9636284	-81.11908
SC	45063020604	8209548	452481	3.17	0.175	33.942942	-81.0665803
SC	45063020605	24177249	95593	9.335	0.037	33.9249894	-81.0693913
SC	45063020703	16412526	139090	6.337	0.054	33.9136144	-81.1464299
SC	45063020705	36288026	615913	14.011	0.238	33.8397325	-81.0661851
SC	45063020706	19473392	445839	7.519	0.172	33.8938995	-81.0488163
SC	45063020707	14308209	31489	5.524	0.012	33.8857313	-81.0979076
SC	45063020708	14759687	133501	5.699	0.052	33.8952586	-81.1260597
SC	45063020801	57100577	270594	22.047	0.104	33.7459878	-80.9949528
SC	45063020802	50189171	350965	19.378	0.136	33.7720562	-81.0791953
SC	45063020803	85080690	670437	32.85	0.259	33.7271318	-81.1454574
SC	45063020804	22016178	78081	8.5	0.03	33.7958715	-81.1449322
SC	45063020806	16139435	73496	6.231	0.028	33.826219	-81.1328425
SC	45063020807	17508637	202061	6.76	0.078	33.8522955	-81.1158187
SC	45063020904	102673260	849462	39.642	0.328	33.7310064	-81.2106588
SC	45063020905	48847727	403220	18.86	0.156	33.8336017	-81.1918645
SC	45063020906	47099064	228187	18.185	0.088	33.8384587	-81.2633019
SC	45063020908	22246326	359099	8.589	0.139	33.8862475	-81.184875
SC	45063020909	14873011	333239	5.743	0.129	33.8799291	-81.2415534
SC	45063020910	37396412	14970	14.439	0.006	33.7997063	-81.284813
SC	45063020911	87379010	184228	33.737	0.071	33.7452581	-81.3098179
SC	45063020912	3801310	0	1.468	0.	33.8946	-81.2271696
SC	45063020913	2570776	81485	0.993	0.031	33.8880247	-81.2386368
SC	45063021019	6099942	0	2.355	0.	33.9932785	-81.1708749
SC	45063021020	5572815	0	2.152	0.	33.9828414	-81.1597337
SC	45063021021	7507957	11736650	2.899	4.532	34.017339	-81.3344148
SC	45063021023	8647857	126958	3.339	0.049	33.9674472	-81.3124924
SC	45063021025	9030624	25014494	3.487	9.658	34.0336696	-81.2722801
SC	45063021028	10268075	160172	3.965	0.062	33.976075	-81.2676397
SC	45063021029	9147934	117554	3.532	0.045	33.9709551	-81.246631
SC	45063021030	9478696	140273	3.66	0.054	33.9818165	-81.2112051
SC	45063021031	5361005	0	2.07	0.	33.9906385	-81.2175373
SC	45063021032	5519154	0	2.131	0.	34.0104257	-81.2150799
SC	45063021033	6453683	12773	2.492	0.005	33.9616044	-81.1853977
SC	45063021034	8320910	47330	3.213	0.018	33.9579627	-81.1546493
SC	45063021035	15193754	240224	5.866	0.093	33.9243885	-81.2510806
SC	45063021036	14540545	41935	5.614	0.016	33.8814608	-81.2933777
SC	45063021037	20094992	113565	7.759	0.044	33.9046908	-81.3015382
SC	45063021038	11624544	27392	4.488	0.011	34.0107457	-81.1750558
SC	45063021039	14752021	179841	5.696	0.069	34.0434666	-81.2048854
SC	45063021040	10029571	166125	3.872	0.064	33.952121	-81.2717713
SC	45063021041	13932442	100407	5.379	0.039	33.9351737	-81.3107261
SC	45063021042	4499792	45144	1.737	0.017	33.9453204	-81.2106664
SC	45063021043	5384869	100193	2.079	0.039	33.9331086	-81.1735755
SC	45063021044	8759598	76088	3.382	0.029	33.9458659	-81.1861555
SC	45063021045	8218853	31266	3.173	0.012	33.990061	-81.321602
SC	45063021046	8228604	139210	3.177	0.054	34.0017306	-81.3138225
SC	45063021047	6575371	103006	2.539	0.04	34.0162964	-81.2839668
SC	45063021048	4654382	18224	1.797	0.007	33.9990968	-81.2835546
SC	45063021049	3320551	0	1.282	0.	34.0045854	-81.2330253
SC	45063021050	5022603	0	1.939	0.	34.004747	-81.2525568
SC	45063021051	5831584	247036	2.252	0.095	33.9304316	-81.2266128
SC	45063021052	10371950	183743	4.005	0.071	33.9187295	-81.1956419
SC	45063021106	3916962	58114	1.512	0.022	34.0583895	-81.1417975
SC	45063021109	6603291	83894	2.55	0.032	34.051227	-81.1754666
SC	45063021110	3470210	0	1.34	0.	34.0726566	-81.1829461
SC	45063021111	3195211	0	1.234	0.	34.0661938	-81.1554643
SC	45063021112	4101402	0	1.584	0.	34.0793287	-81.1703013
SC	45063021113	3636973	0	1.404	0.	34.0905146	-81.200549
SC	45063021114	7716577	16976067	2.979	6.554	34.084025	-81.2402318
SC	45063021115	8755117	5962172	3.38	2.302	34.066992	-81.2422125
SC	45063021116	3835733	26340	1.481	0.01	34.0656746	-81.198877
SC	45063021204	37389907	330439	14.436	0.128	34.1597134	-81.3343
SC	45063021205	12552108	11150539	4.846	4.305	34.0926665	-81.370287
SC	45063021206	31516433	6468081	12.169	2.497	34.1410009	-81.3964953
SC	45063021207	8385665	8258470	3.238	3.189	34.0942555	-81.2932668
SC	45063021208	13746714	12526856	5.308	4.837	34.1030259	-81.3434606
SC	45063021303	44835144	37054150	17.311	14.307	34.0392591	-81.3978333
SC	45063021305	41408717	453421	15.988	0.175	33.9090644	-81.4354958
SC	45063021306	54076213	554320	20.879	0.214	33.9408267	-81.36002
SC	45063021307	41038767	310881	15.845	0.12	33.8642692	-81.4266675
SC	45063021309	40679203	1420326	15.706	0.548	33.9930667	-81.4387341
SC	45063021310	27132006	131700	10.476	0.051	33.994681	-81.3830584
SC	45063021311	54633465	563117	21.094	0.217	33.8517168	-81.3587331
SC	45063021312	90793626	608590	35.056	0.235	33.7938394	-81.3909869
SC	45063021402	21203197	203854	8.187	0.079	33.9067406	-81.537932
SC	45063021403	68484710	568037	26.442	0.219	33.8468602	-81.5057017
SC	45063021404	77713088	329169	30.005	0.127	33.9454764	-81.4891188
SC	45063980100	8526777	150209	3.292	0.058	33.9404138	-81.1222612
SC	45065920100	344953954	35915339	133.187	13.867	33.9810856	-82.4457193
SC	45065920200	349499740	11773374	134.943	4.546	33.9241259	-82.246899
SC	45065920300	235067581	42288329	90.76	16.328	33.754293	-82.1999073
SC	45067950100	316528765	2111325	122.212	0.815	34.1486832	-79.5130376
SC	45067950200	101881208	109649	39.337	0.042	34.2489777	-79.3850692
SC	45067950300	59988026	69365	23.162	0.027	34.23262	-79.2976317
SC	45067950400	75825950	50999	29.277	0.02	34.2456525	-79.2054743
SC	45067950500	122156337	489034	47.165	0.189	34.1533161	-79.2355042
SC	45067950600	87136759	410179	33.644	0.158	34.1309919	-79.3264614
SC	45067950700	222142000	1797400	85.77	0.694	34.0125717	-79.3953178
SC	45067950800	281807431	7380950	108.806	2.85	33.8452217	-79.298484
SC	45069960100	255238178	4167355	98.548	1.609	34.7356419	-79.8138182
SC	45069960201	14575619	16025	5.628	0.006	34.6000648	-79.6997766
SC	45069960202	136771275	1994473	52.808	0.77	34.5638971	-79.7572819
SC	45069960301	42143554	36792	16.272	0.014	34.623866	-79.6508936
SC	45069960302	117817632	2612435	45.49	1.009	34.7082995	-79.6969649
SC	45069960400	168480618	1358934	65.051	0.525	34.6853318	-79.5843029
SC	45069960500	174568293	425389	67.401	0.164	34.5616817	-79.5527531
SC	45069960600	333272094	3877616	128.677	1.497	34.4523897	-79.6514364
SC	45071950100	291317248	6400874	112.478	2.471	34.3277733	-81.4594005
SC	45071950201	96815033	120827	37.38	0.047	34.3616604	-81.5619696
SC	45071950203	11429021	19265	4.413	0.007	34.2597456	-81.5974075
SC	45071950204	33022442	124271	12.75	0.048	34.2795093	-81.5635938
SC	45071950300	353503940	1005993	136.489	0.388	34.4418336	-81.6326682
SC	45071950502	42130546	173381	16.267	0.067	34.3098563	-81.6453407
SC	45071950601	163504723	2595474	63.13	1.002	34.1917033	-81.5448551
SC	45071950603	87160734	121321	33.653	0.047	34.2005386	-81.4096407
SC	45071950604	87212516	24350861	33.673	9.402	34.1222111	-81.4733357
SC	45071950700	466388247	9066760	180.074	3.501	34.2387054	-81.7797569
SC	45073030100	549527870	4458464	212.174	1.721	34.8169487	-83.1735571
SC	45073030201	155420875	24224584	60.008	9.353	34.9536664	-82.9849556
SC	45073030202	52111986	11247161	20.121	4.343	34.8588639	-82.9357992
SC	45073030301	46025710	133431	17.771	0.052	34.8358462	-83.0322863
SC	45073030302	62478584	18043147	24.123	6.966	34.7798804	-82.9642801
SC	45073030402	26361533	1290770	10.178	0.498	34.7635571	-83.0200613
SC	45073030403	10752365	20851	4.152	0.008	34.7530745	-83.0750998
SC	45073030404	22398864	165137	8.648	0.064	34.780364	-83.0633432
SC	45073030500	53334004	1420494	20.592	0.548	34.7196238	-83.0534234
SC	45073030601	26826021	8694523	10.358	3.357	34.7033834	-82.9775697
SC	45073030602	37757751	9708250	14.578	3.748	34.7786328	-82.9168907
SC	45073030701	7650285	3661	2.954	0.001	34.6770968	-82.9344373
SC	45073030702	54081622	14560997	20.881	5.622	34.6541582	-82.8855542
SC	45073030801	29087591	3296096	11.231	1.273	34.6284208	-82.9267448
SC	45073030802	24200870	127939	9.344	0.049	34.6674405	-82.9872337
SC	45073030901	57791959	10178523	22.314	3.93	34.5605579	-83.0702511
SC	45073030903	122286071	7064039	47.215	2.727	34.550756	-82.9821683
SC	45073030904	56389407	173581	21.772	0.067	34.6079779	-83.0140096
SC	45073031000	86774458	4237285	33.504	1.636	34.6292891	-83.0946501
SC	45073031100	141539059	2661402	54.649	1.028	34.6726176	-83.1814126
SC	45075010101	66749351	489759	25.772	0.189	33.3583582	-80.2883688
SC	45075010102	31500006	30611	12.162	0.012	33.3998403	-80.3723781
SC	45075010103	27456126	24435049	10.601	9.434	33.4201599	-80.2685948
SC	45075010104	13132241	1422130	5.07	0.549	33.419879	-80.3618415
SC	45075010200	198847504	1120343	76.775	0.433	33.3204311	-80.3922399
SC	45075010301	65069973	38668	25.124	0.015	33.3795968	-80.4852954
SC	45075010302	32159789	1124789	12.417	0.434	33.4139472	-80.4264578
SC	45075010303	32006529	1256816	12.358	0.485	33.4494959	-80.4595828
SC	45075010304	22709088	40609	8.768	0.016	33.4543895	-80.4913821
SC	45075010305	22294099	15457841	8.608	5.968	33.5307599	-80.4864195
SC	45075010400	197355323	742981	76.199	0.287	33.4713405	-80.5743439
SC	45075010500	312411238	875246	120.623	0.338	33.3425627	-80.6643583
SC	45075010601	136152122	100045	52.569	0.039	33.4008558	-80.7820255
SC	45075010602	26029363	29282	10.05	0.011	33.440475	-80.8345279
SC	45075010603	23356630	30504	9.018	0.012	33.4585669	-80.8049264
SC	45075010604	4648730	0	1.795	0.	33.4791346	-80.8407075
SC	45075010700	100634928	520016	38.855	0.201	33.4951109	-80.7397468
SC	45075010801	1122436	0	0.433	0.	33.5052762	-80.8390966
SC	45075010802	5663788	0	2.187	0.	33.5163351	-80.8123509
SC	45075010803	67355827	178132	26.006	0.069	33.5725196	-80.8102352
SC	45075010901	4981915	0	1.924	0.	33.5065426	-80.8888968
SC	45075010902	80746053	271003	31.176	0.105	33.569293	-80.9216953
SC	45075011000	14220410	398626	5.491	0.154	33.5254269	-80.8599676
SC	45075011100	22330604	83547	8.622	0.032	33.5450483	-80.8457594
SC	45075011200	2092188	0	0.808	0.	33.4986772	-80.8440227
SC	45075011300	3785254	0	1.461	0.	33.4824838	-80.8596607
SC	45075011400	5023699	0	1.94	0.	33.5011659	-80.8687973
SC	45075011500	46154722	495750	17.82	0.191	33.4846898	-80.9252551
SC	45075011600	81969828	888057	31.649	0.343	33.4472376	-80.9231346
SC	45075011701	62510287	139597	24.135	0.054	33.2174266	-80.80248
SC	45075011702	152936929	61919	59.049	0.024	33.2862242	-80.8102216
SC	45075011703	94138399	116453	36.347	0.045	33.3408494	-80.9208683
SC	45075011704	94553539	586921	36.507	0.227	33.406175	-81.0072295
SC	45075011801	93105147	683563	35.948	0.264	33.4192089	-81.0754956
SC	45075011802	99612443	519692	38.461	0.201	33.4561134	-81.1475896
SC	45075011803	73513182	75118	28.384	0.029	33.4893168	-81.2422414
SC	45075011804	133042781	493251	51.368	0.19	33.5567426	-81.2477686
SC	45075011900	207855327	1694767	80.253	0.654	33.539707	-81.0887672
SC	45075012000	206281547	1296540	79.646	0.501	33.6313521	-81.0559758
SC	45077010100	295301409	12407803	114.017	4.791	35.0169606	-82.774932
SC	45077010201	69703471	17774189	26.913	6.863	34.9102295	-82.8636384
SC	45077010202	78748644	156020	30.405	0.06	34.8942109	-82.7935859
SC	45077010301	53797644	335371	20.771	0.129	34.8161316	-82.7838211
SC	45077010302	37197881	97477	14.362	0.038	34.7910103	-82.8319575
SC	45077010401	68079672	331809	26.286	0.128	34.9652871	-82.7102022
SC	45077010403	24093448	309774	9.303	0.12	34.8475901	-82.7107623
SC	45077010404	12482965	213372	4.82	0.082	34.8754846	-82.7289963
SC	45077010405	26089713	217391	10.073	0.084	34.916332	-82.7062967
SC	45077010501	81205277	101892	31.354	0.039	34.9720256	-82.5860046
SC	45077010502	46517573	20296	17.961	0.008	34.9029715	-82.6597995
SC	45077010601	49821483	366128	19.236	0.141	34.9108023	-82.5622379
SC	45077010603	31495086	819864	12.16	0.317	34.878745	-82.5553024
SC	45077010604	24813654	0	9.581	0.	34.848232	-82.5280637
SC	45077010700	33483922	101078	12.928	0.039	34.8679981	-82.6389058
SC	45077010802	12500633	0	4.827	0.	34.8426709	-82.5770216
SC	45077010803	9216868	31010	3.559	0.012	34.8134035	-82.6260189
SC	45077010804	7082346	0	2.735	0.	34.8226519	-82.5830564
SC	45077010805	5683533	0	2.194	0.	34.8464374	-82.6103829
SC	45077010806	7316880	35970	2.825	0.014	34.8228684	-82.6354835
SC	45077010901	24909352	121822	9.618	0.047	34.7835273	-82.6116798
SC	45077010903	16198028	2223	6.254	0.001	34.8165538	-82.5243038
SC	45077010904	10447521	11654	4.034	0.004	34.7970279	-82.5695563
SC	45077010905	4566527	0	1.763	0.	34.8103952	-82.5606649
SC	45077011001	27901708	333692	10.773	0.129	34.8171513	-82.7072365
SC	45077011003	31360630	31893	12.108	0.012	34.7504727	-82.6699358
SC	45077011004	33430426	127432	12.908	0.049	34.7641199	-82.714993
SC	45077011005	20999292	109609	8.108	0.042	34.7905246	-82.6755649
SC	45077011101	31638613	1541550	12.216	0.595	34.7346996	-82.8081851
SC	45077011103	15009424	188807	5.795	0.073	34.7566629	-82.7636169
SC	45077011104	10558817	80290	4.077	0.031	34.7013995	-82.7694154
SC	45077011105	18389446	33260	7.1	0.013	34.7184064	-82.7484965
SC	45077011202	13347094	119098	5.153	0.046	34.6400865	-82.8374185
SC	45077011204	37666673	4378326	14.543	1.69	34.7401093	-82.85118
SC	45077011205	2936456	492156	1.134	0.19	34.6834674	-82.834566
SC	45077011206	8242146	56498	3.182	0.022	34.6732146	-82.8121954
SC	45077011207	4825573	20337	1.863	0.008	34.6834376	-82.7913424
SC	45079000100	1590806	0	0.614	0.	34.0497425	-81.0201576
SC	45079000200	1387993	0	0.536	0.	34.0410451	-81.0374539
SC	45079000300	4595090	161474	1.774	0.062	34.0467084	-81.0624534
SC	45079000400	1838598	0	0.71	0.	34.0351417	-81.0506422
SC	45079000500	2193602	0	0.847	0.	34.0325295	-81.0314226
SC	45079000600	2126148	217686	0.821	0.084	34.02225	-81.0528927
SC	45079000700	3314921	0	1.28	0.	34.0177977	-81.0406649
SC	45079000900	2059959	0	0.795	0.	34.0294451	-81.0158443
SC	45079001000	1112473	0	0.43	0.	34.0184187	-81.0202442
SC	45079001100	3581770	0	1.383	0.	34.0228439	-81.0031652
SC	45079001200	1822472	0	0.704	0.	34.0124501	-80.9939685
SC	45079001300	1202564	0	0.464	0.	34.0080154	-81.0131624
SC	45079001600	2061653	329615	0.796	0.127	34.0035118	-81.0483875
SC	45079002100	1623514	0	0.627	0.	33.9963902	-81.0085162
SC	45079002200	756733	0	0.292	0.	34.0062228	-81.0007516
SC	45079002300	2127277	0	0.821	0.	34.0020465	-80.986876
SC	45079002400	4871993	651824	1.881	0.252	34.0018083	-80.9684137
SC	45079002500	2472053	0	0.954	0.	33.9934905	-80.9938292
SC	45079002602	3100525	0	1.197	0.	33.9797984	-81.0026143
SC	45079002605	3568416	0	1.378	0.	33.9784163	-80.985037
SC	45079002700	1607259	0	0.621	0.	33.989836	-81.0174698
SC	45079002800	4309953	228475	1.664	0.088	33.9821485	-81.0333383
SC	45079002900	1774554	105600	0.685	0.041	33.9944771	-81.0377519
SC	45079003000	927174	0	0.358	0.	34.0011755	-81.0215936
SC	45079003100	2512098	0	0.97	0.	34.0078902	-81.0307786
SC	45079010104	82054941	443393	31.682	0.171	34.2216804	-80.9019379
SC	45079010105	27091706	423433	10.46	0.163	34.1416239	-80.9799185
SC	45079010106	32700033	214886	12.626	0.083	34.2037979	-80.9899708
SC	45079010107	17861878	549351	6.897	0.212	34.1832483	-80.9301827
SC	45079010108	6023778	83759	2.326	0.032	34.1416023	-80.9288463
SC	45079010109	5871837	0	2.267	0.	34.1559573	-80.9409901
SC	45079010200	191522247	1808818	73.947	0.698	34.1681995	-81.0716137
SC	45079010304	7499612	44421	2.896	0.017	34.0792077	-81.1443429
SC	45079010305	8787585	0	3.393	0.	34.1045973	-81.1970626
SC	45079010308	15843028	0	6.117	0.	34.1264858	-81.176218
SC	45079010310	9913488	7330437	3.828	2.83	34.1085286	-81.2584561
SC	45079010311	29200733	762866	11.274	0.295	34.1405049	-81.2675058
SC	45079010312	11263582	20518	4.349	0.008	34.1582765	-81.2387724
SC	45079010313	80746450	2214043	31.176	0.855	34.1950847	-81.2556548
SC	45079010314	10547059	567336	4.072	0.219	34.1339679	-81.1498814
SC	45079010315	14403481	233585	5.561	0.09	34.0999191	-81.1331423
SC	45079010403	7460753	610940	2.881	0.236	34.0221797	-81.0849436
SC	45079010407	3840892	133913	1.483	0.052	34.050453	-81.0900867
SC	45079010408	8805500	673082	3.4	0.26	34.0695655	-81.0984227
SC	45079010411	1649401	0	0.637	0.	34.0430439	-81.1062233
SC	45079010412	2172023	136285	0.839	0.053	34.038326	-81.0825647
SC	45079010413	1035808	158179	0.4	0.061	34.0316741	-81.0762103
SC	45079010414	3488431	0	1.347	0.	34.0575309	-81.115912
SC	45079010501	8211576	285205	3.171	0.11	34.0685681	-81.0704679
SC	45079010502	1504099	179188	0.581	0.069	34.0302766	-81.063816
SC	45079010600	6396970	19190	2.47	0.007	34.0595573	-81.0263513
SC	45079010701	14124721	4226	5.454	0.002	34.0833468	-81.0445633
SC	45079010702	12348213	13397	4.768	0.005	34.0951978	-81.0058934
SC	45079010703	3496905	0	1.35	0.	34.0653125	-80.9965762
SC	45079010803	3035689	1282	1.172	0.	34.0663498	-80.9682347
SC	45079010804	4010164	0	1.548	0.	34.0549353	-80.9888889
SC	45079010805	3481289	0	1.344	0.	34.0827631	-80.9672053
SC	45079010806	5461967	166307	2.109	0.064	34.0911354	-80.9836595
SC	45079010900	1951305	0	0.753	0.	34.0429092	-81.0163613
SC	45079011000	1727864	0	0.667	0.	34.0427142	-81.005145
SC	45079011101	3270838	40994	1.263	0.016	34.0380179	-80.9878563
SC	45079011102	4504414	93564	1.739	0.036	34.0471853	-80.9686281
SC	45079011201	2268065	0	0.876	0.	34.0150047	-80.9762798
SC	45079011202	3289248	5965	1.27	0.002	34.0260545	-80.9779348
SC	45079011303	5793081	317081	2.237	0.122	34.0800258	-80.9404466
SC	45079011304	5190373	224206	2.004	0.087	34.0638032	-80.9420083
SC	45079011305	3797520	0	1.466	0.	34.0553078	-80.9267629
SC	45079011306	4574604	956564	1.766	0.369	34.039813	-80.9549668
SC	45079011307	2050899	183898	0.792	0.071	34.0352339	-80.9460974
SC	45079011407	29448296	840675	11.37	0.325	34.1090625	-80.7877667
SC	45079011411	6498518	266664	2.509	0.103	34.1087411	-80.9119775
SC	45079011412	11672907	128734	4.507	0.05	34.0870267	-80.9060434
SC	45079011413	9998181	32571	3.86	0.013	34.1111323	-80.8909708
SC	45079011414	10354984	127366	3.998	0.049	34.1132485	-80.8583905
SC	45079011417	4650650	15240	1.796	0.006	34.1485824	-80.8993483
SC	45079011418	6154493	203362	2.376	0.079	34.1299753	-80.8929715
SC	45079011419	4680094	186365	1.807	0.072	34.1246693	-80.902793
SC	45079011420	6997790	58852	2.702	0.023	34.1007673	-80.9416316
SC	45079011421	11343172	157851	4.38	0.061	34.1134487	-80.9598526
SC	45079011422	4131307	0	1.595	0.	34.1805448	-80.8879657
SC	45079011423	7555095	40148	2.917	0.016	34.1692462	-80.8810359
SC	45079011424	6334886	90890	2.446	0.035	34.1571863	-80.8646038
SC	45079011425	11609697	338558	4.483	0.131	34.1491903	-80.8474734
SC	45079011501	9905879	208244	3.825	0.08	34.0183763	-80.9374698
SC	45079011502	10502329	136491	4.055	0.053	33.9959495	-80.9229654
SC	45079011603	5750202	0	2.22	0.	33.9850862	-80.9524044
SC	45079011604	5956379	0	2.3	0.	33.9704837	-80.9678381
SC	45079011606	7301280	271952	2.819	0.105	33.9661291	-80.9005535
SC	45079011607	5109206	127998	1.973	0.049	33.9540828	-80.9388575
SC	45079011608	8418200	90980	3.25	0.035	33.9677126	-80.9299298
SC	45079011701	25756559	1031757	9.945	0.398	33.9462907	-81.0037285
SC	45079011702	21308420	79208	8.227	0.031	33.9380768	-80.9557446
SC	45079011801	66408380	108464	25.64	0.042	33.8984953	-80.8742257
SC	45079011802	241442873	4369545	93.222	1.687	33.8443135	-80.847383
SC	45079011901	28024386	102424	10.82	0.04	33.9611342	-80.8599622
SC	45079011902	91032698	1103014	35.148	0.426	33.9585798	-80.7892768
SC	45079012000	375496943	5414960	144.98	2.091	33.9116689	-80.6752843
SC	45079980100	188760689	1805414	72.881	0.697	34.0394315	-80.8250965
SC	45081960100	294395097	9561917	113.667	3.692	34.1172525	-81.7462622
SC	45081960201	271023139	337187	104.643	0.13	33.9955697	-81.866989
SC	45081960202	145704501	345407	56.257	0.133	33.983556	-81.7334123
SC	45081960301	105198288	4917490	40.617	1.899	33.9318209	-81.5814327
SC	45081960302	134203905	6723718	51.816	2.596	34.0202255	-81.6127806
SC	45081960400	221985723	1216428	85.709	0.47	33.8896333	-81.685122
SC	45083020301	2656132	0	1.026	0.	34.9629278	-81.9384473
SC	45083020400	1688879	3265	0.652	0.001	34.9541386	-81.9489874
SC	45083020500	1761210	0	0.68	0.	34.9469448	-81.9517727
SC	45083020601	3400245	0	1.313	0.	34.9436837	-81.9798661
SC	45083020602	2566477	492	0.991	0.	34.9317702	-81.9805712
SC	45083020603	3169605	35640	1.224	0.014	34.9356108	-81.9580414
SC	45083020701	2736328	22330	1.057	0.009	34.9279307	-81.951261
SC	45083020702	7856897	106204	3.034	0.041	34.9158346	-81.9432963
SC	45083020800	1191223	11385	0.46	0.004	34.9367442	-81.9385301
SC	45083020900	1393411	5560	0.538	0.002	34.9352379	-81.9329353
SC	45083021001	2469609	17312	0.954	0.007	34.9324506	-81.9235445
SC	45083021100	6989034	66994	2.698	0.026	34.9269747	-81.9077608
SC	45083021200	5115142	0	1.975	0.	34.9509248	-81.9167596
SC	45083021301	4325824	0	1.67	0.	34.9739543	-81.8915897
SC	45083021302	6511215	48535	2.514	0.019	34.9498435	-81.8897359
SC	45083021303	8613717	124112	3.326	0.048	34.9613348	-81.8731163
SC	45083021401	17073691	125456	6.592	0.048	35.0086067	-81.878446
SC	45083021402	17465804	7114	6.744	0.003	35.0164539	-81.9222548
SC	45083021403	9861882	47449	3.808	0.018	34.9924944	-81.9122498
SC	45083021500	6411273	42599	2.475	0.016	34.9800448	-81.9284454
SC	45083021600	7058844	15057	2.725	0.006	34.9766538	-81.9550681
SC	45083021700	6621756	13205	2.557	0.005	34.9611074	-81.9692797
SC	45083021803	13276966	75893	5.126	0.029	35.0125503	-82.0030763
SC	45083021804	7363904	0	2.843	0.	34.9979287	-82.0170016
SC	45083021805	4753898	12646	1.835	0.005	34.987368	-81.9863699
SC	45083021806	6443213	0	2.488	0.	35.0049093	-81.9624959
SC	45083021902	13769301	109569	5.316	0.042	34.92401	-82.0181976
SC	45083021903	10644166	33001	4.11	0.013	34.9498692	-82.0311056
SC	45083021904	16320974	53294	6.302	0.021	34.9710793	-82.0125504
SC	45083022003	20030121	200620	7.734	0.077	34.8926326	-81.921504
SC	45083022004	8920011	29881	3.444	0.012	34.9087801	-81.863582
SC	45083022005	10978795	161117	4.239	0.062	34.8963095	-82.0038734
SC	45083022006	16836298	146466	6.501	0.057	34.8774695	-81.9760979
SC	45083022007	8235138	24602	3.18	0.009	34.9036817	-81.9662257
SC	45083022101	9082288	100729	3.507	0.039	34.9349253	-81.8645377
SC	45083022102	16557552	0	6.393	0.	34.9466202	-81.824858
SC	45083022201	25546323	366960	9.863	0.142	34.9833807	-81.8364339
SC	45083022202	39451808	546225	15.232	0.211	34.9887462	-81.7972162
SC	45083022303	9703390	0	3.746	0.	35.1507291	-81.8682837
SC	45083022304	79864685	1026417	30.836	0.396	35.1470996	-81.9381782
SC	45083022305	11666904	138920	4.505	0.054	35.038416	-81.8284079
SC	45083022306	43750578	1122116	16.892	0.433	35.0879104	-81.8511504
SC	45083022404	28918356	1557380	11.165	0.601	35.0884832	-81.9881342
SC	45083022405	12756808	0	4.925	0.	35.0550885	-81.9892445
SC	45083022406	11353988	0	4.384	0.	35.0323381	-81.9747638
SC	45083022407	23772037	2333719	9.178	0.901	35.1245397	-82.0672786
SC	45083022408	68772232	508213	26.553	0.196	35.1583049	-82.0213872
SC	45083022409	14236539	900136	5.497	0.348	35.0932864	-81.9124802
SC	45083022410	12840649	80327	4.958	0.031	35.0608291	-81.9510937
SC	45083022411	35841252	607931	13.838	0.235	35.0527501	-81.8963774
SC	45083022500	88655048	940122	34.23	0.363	35.1413032	-82.1534995
SC	45083022600	22234246	42829	8.585	0.017	35.1735263	-82.1860038
SC	45083022701	23177246	147552	8.949	0.057	35.0812512	-82.1852171
SC	45083022702	52075539	1047448	20.106	0.404	35.0641569	-82.1598625
SC	45083022803	16804166	1523926	6.488	0.588	35.0978973	-82.0771078
SC	45083022804	33968864	124577	13.115	0.048	35.0563514	-82.0410922
SC	45083022805	19345327	425723	7.469	0.164	35.020536	-82.1278739
SC	45083022806	27736584	1538733	10.709	0.594	35.0011266	-82.0815767
SC	45083022901	6047872	0	2.335	0.	35.0466018	-82.073929
SC	45083022902	11830175	16627	4.568	0.006	35.0477859	-82.0924956
SC	45083023002	21904050	56453	8.457	0.022	34.9658718	-82.0738197
SC	45083023003	15412488	881264	5.951	0.34	35.0149678	-82.1799283
SC	45083023004	32222772	247919	12.441	0.096	34.981754	-82.150057
SC	45083023101	16665919	375434	6.435	0.145	34.9268516	-82.1335593
SC	45083023103	8910342	16464	3.44	0.006	34.9555258	-82.0925223
SC	45083023104	13859735	260734	5.351	0.101	34.9406952	-82.1078498
SC	45083023201	17953316	1210054	6.932	0.467	34.9888369	-82.2097298
SC	45083023202	56392585	391131	21.773	0.151	34.9055654	-82.1771283
SC	45083023301	3366619	226196	1.3	0.087	34.9600279	-82.2129319
SC	45083023302	6818148	13524	2.633	0.005	34.9325099	-82.2051637
SC	45083023401	15940074	192412	6.154	0.074	34.9190751	-82.0587337
SC	45083023402	39121543	585458	15.105	0.226	34.8565445	-82.0193121
SC	45083023405	40559320	371336	15.66	0.143	34.8457682	-82.1726742
SC	45083023406	11955143	259990	4.616	0.1	34.8974604	-82.0820052
SC	45083023407	9675654	113757	3.736	0.044	34.8779935	-82.0593146
SC	45083023408	17060373	665393	6.587	0.257	34.8793187	-82.1145972
SC	45083023409	32928533	232552	12.714	0.09	34.8425903	-82.1107239
SC	45083023500	141309772	1303701	54.56	0.503	34.7824101	-82.0586287
SC	45083023601	26589678	165499	10.266	0.064	34.7028952	-82.019436
SC	45083023602	24560947	125534	9.483	0.048	34.7350519	-82.0318927
SC	45083023700	178758214	1499850	69.019	0.579	34.6789415	-81.9162707
SC	45083023803	29784858	185308	11.5	0.072	34.8350907	-81.9184577
SC	45083023804	48898201	850829	18.88	0.329	34.8640609	-81.8876965
SC	45083023805	106104010	990129	40.967	0.382	34.8062418	-81.8937981
SC	45083023806	75561476	499523	29.174	0.193	34.7493356	-81.8597182
SC	45083023901	54038221	797809	20.864	0.308	34.8917547	-81.8148486
SC	45083023902	36836340	359483	14.223	0.139	34.9053737	-81.7637122
SC	45085000100	129730091	1734130	50.089	0.67	34.0878288	-80.5369525
SC	45085000201	102872078	1540229	39.719	0.595	33.9933065	-80.584726
SC	45085000202	71167310	281430	27.478	0.109	34.0127661	-80.4618438
SC	45085000300	18995907	131506	7.334	0.051	33.9726572	-80.4673192
SC	45085000401	89552871	371545	34.577	0.143	34.0313195	-80.4024835
SC	45085000402	147863493	192199	57.09	0.074	33.9956109	-80.2751699
SC	45085000500	239967823	386493	92.652	0.149	33.9541683	-80.057259
SC	45085000600	170653271	61026	65.89	0.024	33.8639807	-80.2555582
SC	45085000700	24457223	44999	9.443	0.017	33.9552524	-80.31231
SC	45085000800	6424829	28155	2.481	0.011	33.9550915	-80.3534665
SC	45085000901	7768991	0	3.	0.	33.948391	-80.373222
SC	45085000902	5609091	224189	2.166	0.087	33.9307112	-80.3812259
SC	45085001100	25468912	13938	9.834	0.005	33.9269458	-80.2929001
SC	45085001300	3224381	25119	1.245	0.01	33.9165836	-80.3525729
SC	45085001500	3450792	0	1.332	0.	33.9056656	-80.3509034
SC	45085001600	8885889	0	3.431	0.	33.887634	-80.3408143
SC	45085001701	18403576	222899	7.106	0.086	33.9229085	-80.4073016
SC	45085001703	13060136	178367	5.043	0.069	33.893379	-80.4217694
SC	45085001704	11742581	37804	4.534	0.015	33.8928584	-80.3795257
SC	45085001801	309018605	35551690	119.313	13.727	33.7842821	-80.5316267
SC	45085001803	14892612	204042	5.75	0.079	33.9556367	-80.4354437
SC	45085001804	118346805	979774	45.694	0.378	33.928452	-80.5360489
SC	45085001902	65756248	631428	25.389	0.244	33.8074621	-80.3395798
SC	45085001903	48269962	1180697	18.637	0.456	33.8518079	-80.4223499
SC	45085001904	62753003	25156	24.229	0.01	33.7655004	-80.4158051
SC	45085002000	4208380	0	1.625	0.	33.9296753	-80.3508349
SC	45087030100	7691520	0	2.97	0.	34.7276456	-81.6274446
SC	45087030200	4665894	0	1.802	0.	34.7080447	-81.6317079
SC	45087030300	18884451	0	7.291	0.	34.7154255	-81.5908545
SC	45087030401	65268737	113278	25.2	0.044	34.7714074	-81.6022969
SC	45087030402	53365134	64181	20.604	0.025	34.7350219	-81.6808019
SC	45087030500	129109988	10654	49.85	0.004	34.6629992	-81.593565
SC	45087030600	281961301	1942495	108.866	0.75	34.6087329	-81.4943191
SC	45087030700	448581140	195548	173.198	0.076	34.621461	-81.7049843
SC	45087030800	157472881	489534	60.801	0.189	34.8417937	-81.6902672
SC	45087030900	163176748	1977055	63.003	0.763	34.8144497	-81.530334
SC	45089970100	202385008	66841	78.141	0.026	33.7988225	-79.7949039
SC	45089970200	171989855	93080	66.406	0.036	33.7483996	-79.6055098
SC	45089970300	220317023	835285	85.065	0.323	33.7322496	-79.4268421
SC	45089970400	376729267	1118150	145.456	0.432	33.608525	-79.5803964
SC	45089970501	190631240	283054	73.603	0.109	33.6474741	-79.7149055
SC	45089970502	66470449	46026	25.664	0.018	33.7051116	-79.7531332
SC	45089970601	96661953	114456	37.321	0.044	33.6909991	-79.9006531
SC	45089970602	123294704	0	47.604	0.	33.7584717	-79.9041115
SC	45089970700	250619069	1130117	96.765	0.436	33.6086383	-80.0059872
SC	45089970801	417935462	2637534	161.366	1.018	33.5023185	-79.8244808
SC	45089970802	225960	0	0.087	0.	33.5881766	-79.8773265
SC	45089970900	302217560	1136949	116.687	0.439	33.4436303	-79.671445
SC	45091060102	3861889	39549	1.491	0.015	34.9430917	-81.0206451
SC	45091060200	4445693	17038	1.716	0.007	34.9282234	-81.0056196
SC	45091060300	3218410	0	1.243	0.	34.9144554	-81.0197342
SC	45091060401	2214531	0	0.855	0.	34.9148169	-81.0342626
SC	45091060402	4418535	5568	1.706	0.002	34.9027816	-81.0466023
SC	45091060501	3546187	2911	1.369	0.001	34.9325443	-81.0382008
SC	45091060502	4860601	0	1.877	0.	34.9213349	-81.0520735
SC	45091060600	416700	0	0.161	0.	34.9396416	-81.0309713
SC	45091060700	6468924	28701	2.498	0.011	34.9606397	-81.0380086
SC	45091060802	2677489	3227	1.034	0.001	34.9522975	-81.0020082
SC	45091060803	3494181	0	1.349	0.	34.9607591	-81.0222741
SC	45091060804	4064268	0	1.569	0.	34.9707405	-81.0072752
SC	45091060901	17099228	366372	6.602	0.141	34.957915	-80.9758058
SC	45091060904	26937866	220725	10.401	0.085	34.9770039	-81.1018961
SC	45091060908	3177930	3766	1.227	0.001	34.9479899	-81.0512804
SC	45091060909	8851197	59333	3.417	0.023	34.9587695	-81.070063
SC	45091060910	15555426	5897388	6.006	2.277	35.0243074	-81.0637185
SC	45091060911	14040684	28831	5.421	0.011	34.9867707	-81.0572859
SC	45091060912	7282772	255736	2.812	0.099	35.0001671	-81.0133916
SC	45091060913	7449033	96265	2.876	0.037	34.9818757	-81.013579
SC	45091061004	14205723	550296	5.485	0.212	35.0120768	-80.9768143
SC	45091061006	10994717	49745	4.245	0.019	35.0837032	-80.9455792
SC	45091061007	7844416	86593	3.029	0.033	35.0770172	-80.9234531
SC	45091061008	14981042	327326	5.784	0.126	35.0473511	-80.9171559
SC	45091061009	11205628	1468528	4.327	0.567	35.0335518	-81.0070004
SC	45091061010	6139666	986110	2.371	0.381	35.0510163	-81.017694
SC	45091061011	13538494	175478	5.227	0.068	35.0427809	-80.966398
SC	45091061012	5134403	44039	1.982	0.017	35.0677951	-80.9742847
SC	45091061101	12455153	241518	4.809	0.093	35.0203157	-80.934788
SC	45091061103	27026413	1300894	10.435	0.502	34.9732156	-80.9385943
SC	45091061104	16346159	177017	6.311	0.068	34.9813666	-80.8999384
SC	45091061202	42314887	1590453	16.338	0.614	34.9090409	-80.8937839
SC	45091061203	58239763	1073969	22.486	0.415	34.8511086	-80.9339622
SC	45091061204	10117589	16412	3.906	0.006	34.9226152	-80.9708912
SC	45091061205	30930664	278899	11.942	0.108	34.9106162	-80.9614516
SC	45091061301	24513290	211834	9.465	0.082	34.8868433	-81.038381
SC	45091061302	97990419	624925	37.834	0.241	34.8531593	-81.0743516
SC	45091061401	181944010	952064	70.249	0.368	34.8865633	-81.2521805
SC	45091061403	70641107	467924	27.275	0.181	34.9101147	-81.1249061
SC	45091061404	11010895	146536	4.251	0.057	34.9338723	-81.0767709
SC	45091061503	63318834	743741	24.448	0.287	35.0164423	-81.2967112
SC	45091061504	53545283	405648	20.674	0.157	35.0502677	-81.2134762
SC	45091061505	64219183	651978	24.795	0.252	34.9526958	-81.2284531
SC	45091061506	61061093	541677	23.576	0.209	35.0070387	-81.1529925
SC	45091061601	14136117	228170	5.458	0.088	34.991548	-81.262954
SC	45091061602	15569767	230111	6.012	0.089	34.9921871	-81.2207561
SC	45091061701	151641864	766479	58.549	0.296	35.1055283	-81.3306606
SC	45091061705	63421856	314181	24.487	0.121	35.1201723	-81.1896542
SC	45091061706	48041612	666184	18.549	0.257	35.1020931	-81.1114426
SC	45091061708	18741754	8627536	7.236	3.331	35.0650371	-81.075376
SC	45091061709	16722636	4146015	6.457	1.601	35.1328855	-81.0658123
SC	45091061710	5707079	1959331	2.204	0.757	35.1047599	-81.0676002
SC	45091061801	11748566	63504	4.536	0.025	35.1252818	-81.2174193
SC	45091061802	24273959	201125	9.372	0.078	35.0966662	-81.2256295
SC	45091061900	340067191	1667580	131.301	0.644	34.935873	-81.4112177
