USPS	GEOID	ALAND	AWATER	ALAND_SQMI	AWATER_SQMI	INTPTLAT	INTPTLONG
UT	49001100100	1357842655	830378	524.266	0.321	38.3450604	-112.5833973
UT	49001100200	5331867714	4468088	2058.646	1.725	38.3601337	-113.4015527
UT	49003960100	13623657895	2196165046	5260.124	847.944	41.5165611	-113.1734542
UT	49003960200	259447764	554822	100.173	0.214	41.7085426	-112.0590976
UT	49003960301	26010986	0	10.043	0.	41.6982009	-112.1366833
UT	49003960302	9842735	0	3.8	0.	41.714808	-112.1911239
UT	49003960400	658093550	101859603	254.091	39.328	41.5599748	-112.2854779
UT	49003960500	162339907	114180400	62.68	44.085	41.4420809	-112.1593052
UT	49003960601	2185423	0	0.844	0.	41.5159999	-112.008918
UT	49003960602	31143511	0	12.025	0.	41.5292991	-111.9843777
UT	49003960701	3947945	0	1.524	0.	41.4956683	-112.0270062
UT	49003960702	3141802	0	1.213	0.	41.4966366	-112.0069151
UT	49003960801	181918552	42393616	70.239	16.368	41.4243792	-111.9938218
UT	49003960802	11777242	6306	4.547	0.002	41.4691763	-112.0387186
UT	49005000101	155076533	621957	59.875	0.24	41.9403969	-111.8290788
UT	49005000102	216071281	1052773	83.426	0.406	41.9670711	-112.0093288
UT	49005000201	40665196	220747	15.701	0.085	41.8503045	-111.8560304
UT	49005000202	32741781	0	12.642	0.	41.8429101	-111.8032581
UT	49005000301	163431444	8590346	63.101	3.317	41.8333643	-111.9564907
UT	49005000302	92878420	7108735	35.861	2.745	41.7329355	-111.8990413
UT	49005000401	5622464	21401	2.171	0.008	41.7668838	-111.8197486
UT	49005000402	15414313	0	5.951	0.	41.790519	-111.7877597
UT	49005000403	23751090	0	9.17	0.	41.7948563	-111.8434287
UT	49005000501	2724900	0	1.052	0.	41.7419227	-111.845173
UT	49005000502	5091018	0	1.966	0.	41.7604948	-111.8449002
UT	49005000601	1025729	0	0.396	0.	41.7473325	-111.8242472
UT	49005000602	1408681	0	0.544	0.	41.7537414	-111.8241571
UT	49005000701	5071082	40252	1.958	0.016	41.7520983	-111.7932254
UT	49005000702	1629053	0	0.629	0.	41.7481547	-111.8098413
UT	49005000800	1768143	0	0.683	0.	41.7389194	-111.8272125
UT	49005000900	1709279	0	0.66	0.	41.7302272	-111.8240678
UT	49005001001	1690923	0	0.653	0.	41.7204166	-111.8535736
UT	49005001002	4050713	0	1.564	0.	41.7234694	-111.8452163
UT	49005001101	7349070	0	2.837	0.	41.709098	-111.818012
UT	49005001102	6141353	460	2.371	0.	41.725364	-111.8025323
UT	49005001201	16655688	0	6.431	0.	41.6713189	-111.8145089
UT	49005001202	23231995	70433	8.97	0.027	41.6716166	-111.8562404
UT	49005001300	196800314	571430	75.985	0.221	41.6555615	-111.9603071
UT	49005001401	15438715	0	5.961	0.	41.629327	-111.8266368
UT	49005001402	14004141	13848	5.407	0.005	41.6359577	-111.8754247
UT	49005001500	127001145	1757190	49.035	0.678	41.5534298	-111.8596147
UT	49005980100	1838080602	1045465	709.687	0.404	41.6748774	-111.6452383
UT	49007000100	73635820	0	28.431	0.	39.5792651	-110.7259531
UT	49007000200	24000779	0	9.267	0.	39.6272909	-110.8244056
UT	49007000300	7373052	0	2.847	0.	39.595645	-110.7957423
UT	49007000500	1115847685	10987530	430.831	4.242	39.6621253	-111.0134931
UT	49007000600	2610624117	4497074	1007.968	1.736	39.70961	-110.3671444
UT	49009960100	1803965918	61230034	696.515	23.641	40.890099	-109.5057855
UT	49011125102	43043236	41281	16.619	0.016	41.073798	-111.8736664
UT	49011125103	13339818	52162	5.151	0.02	41.1247801	-111.942717
UT	49011125104	21346113	105210	8.242	0.041	41.1243423	-111.8669334
UT	49011125201	1695769	9401	0.655	0.004	41.1106555	-112.003154
UT	49011125301	2752976	7032	1.063	0.003	41.1389159	-112.0301041
UT	49011125304	3353547	0	1.295	0.	41.1462034	-112.0503777
UT	49011125305	3904639	0	1.508	0.	41.1325888	-112.0500535
UT	49011125306	2186592	729	0.844	0.	41.1450663	-112.0741865
UT	49011125307	12629312	20926	4.876	0.008	41.1369107	-112.1030532
UT	49011125407	10047848	0	3.879	0.	41.1100419	-112.0805381
UT	49011125408	83458447	43520098	32.223	16.803	41.1123008	-112.2003047
UT	49011125409	2607917	0	1.007	0.	41.0845116	-112.0592021
UT	49011125410	2169709	0	0.838	0.	41.0748643	-112.0565717
UT	49011125411	199249768	708738020	76.931	273.645	40.9581019	-112.2134044
UT	49011125412	1284865	0	0.496	0.	41.0819375	-112.0309448
UT	49011125413	3829138	0	1.478	0.	41.0724679	-112.037294
UT	49011125414	1772854	0	0.685	0.	41.0817256	-112.0135711
UT	49011125415	3423617	3448	1.322	0.001	41.0711011	-112.0214594
UT	49011125501	3897931	1318	1.505	0.001	41.1170978	-112.055373
UT	49011125502	3299142	10741	1.274	0.004	41.1159395	-112.0337929
UT	49011125503	2602633	0	1.005	0.	41.096391	-112.0549463
UT	49011125600	4025658	33921	1.554	0.013	41.0974082	-112.034103
UT	49011125701	3258708	9463	1.258	0.004	41.0957619	-112.0112093
UT	49011125702	2092290	12413	0.808	0.005	41.112387	-112.0167865
UT	49011125801	3377987	18304	1.304	0.007	41.0821093	-111.9966128
UT	49011125804	6255092	95333	2.415	0.037	41.09798	-111.9349108
UT	49011125805	3353333	5165	1.295	0.002	41.0810691	-111.9713025
UT	49011125807	1841062	633	0.711	0.	41.0956624	-111.9623325
UT	49011125809	1824281	19779	0.704	0.008	41.0998942	-111.9826798
UT	49011125810	1393219	1741	0.538	0.001	41.0937084	-111.9909538
UT	49011125905	4628455	88820	1.787	0.034	41.071999	-111.9233153
UT	49011125906	5462488	102539	2.109	0.04	41.0580119	-111.9383884
UT	49011125907	2821988	17283	1.09	0.007	41.0843097	-111.9431112
UT	49011125908	3215122	0	1.241	0.	41.0827824	-111.9272124
UT	49011126001	4476742	3867	1.728	0.001	41.067973	-111.9725951
UT	49011126002	9187057	11501	3.547	0.004	41.0593643	-111.9930684
UT	49011126101	6110574	60844	2.359	0.023	41.0490821	-111.924757
UT	49011126105	3556459	76982	1.373	0.03	41.0169798	-111.9307349
UT	49011126106	5465875	2422	2.11	0.001	41.0266687	-111.9505584
UT	49011126107	2889573	0	1.116	0.	41.0415737	-111.9811892
UT	49011126108	19795020	23044	7.643	0.009	41.0154221	-111.9724899
UT	49011126203	4525357	19310	1.747	0.007	41.0039456	-111.8997821
UT	49011126204	59825452	49280	23.099	0.019	40.9858167	-111.8435325
UT	49011126205	5586204	10981	2.157	0.004	40.9949655	-111.9213404
UT	49011126206	23791676	48351136	9.186	18.668	40.9284406	-111.9678556
UT	49011126303	16835928	7693	6.5	0.003	40.9476508	-111.8629736
UT	49011126304	13403631	559648	5.175	0.216	40.9326241	-111.9016117
UT	49011126305	15122897	8339	5.839	0.003	40.9287357	-111.8541038
UT	49011126306	3920044	0	1.514	0.	40.917751	-111.8817843
UT	49011126402	67594060	19196	26.098	0.007	40.8698427	-111.7919535
UT	49011126404	13516139	8233	5.219	0.003	40.8319287	-111.87646
UT	49011126405	2514368	2123	0.971	0.001	40.8461786	-111.883089
UT	49011126406	2070390	3200	0.799	0.001	40.8496259	-111.8972959
UT	49011126500	3776988	10898	1.458	0.004	40.8948523	-111.8619051
UT	49011126600	2447881	0	0.945	0.	40.8999263	-111.8826698
UT	49011126700	2143828	0	0.828	0.	40.8890348	-111.8844449
UT	49011126801	2637051	20437	1.018	0.008	40.8781951	-111.8611951
UT	49011126802	2950458	5466	1.139	0.002	40.8646374	-111.8640926
UT	49011126901	3509508	0	1.355	0.	40.8759735	-111.8861761
UT	49011126902	3301150	4163	1.275	0.002	40.8622969	-111.8836814
UT	49011127002	13542426	181970	5.229	0.07	40.843794	-111.9294107
UT	49011127003	24778445	1742805	9.567	0.673	40.8868754	-111.9377429
UT	49011127005	3813929	1858	1.473	0.001	40.8736318	-111.9197301
UT	49011127006	3012260	0	1.163	0.	40.8734531	-111.9046217
UT	49011127100	5998938	25717	2.316	0.01	41.0282922	-111.924607
UT	49011980000	23465929	52503	9.06	0.02	41.1291265	-111.9919303
UT	49013940300	6264430368	32848809	2418.71	12.683	40.2557216	-110.5393585
UT	49013940501	4179254	0	1.614	0.	40.3022056	-109.984208
UT	49013940502	66640497	51513	25.73	0.02	40.3115865	-110.0221147
UT	49013940600	2044715454	5910906	789.469	2.282	40.3088489	-110.1764782
UT	49015976200	2071652161	5384377	799.869	2.079	39.3323577	-110.8132087
UT	49015976300	703069613	5277403	271.457	2.038	39.3016408	-111.147993
UT	49015976500	8783450197	14033534	3391.309	5.418	38.9311083	-110.6644589
UT	49017000300	2074160138	5025436	800.838	1.94	37.8155938	-112.4166517
UT	49017000400	11340826564	70953146	4378.718	27.395	37.8146277	-111.2566085
UT	49019000200	35570158	1004192	13.734	0.388	38.5862335	-109.5360949
UT	49019000301	118505927	29863	45.755	0.012	38.5365433	-109.4275144
UT	49019000302	9358581261	29600815	3613.369	11.429	38.9743261	-109.5734502
UT	49021110100	2266917127	1076902	875.262	0.416	37.9023884	-112.7610373
UT	49021110201	12397349	0	4.787	0.	37.7493853	-113.0545971
UT	49021110202	1043036320	1138856	402.719	0.44	37.9873412	-113.1277009
UT	49021110300	4274424816	4490103	1650.365	1.734	37.8599009	-113.6153902
UT	49021110400	2942442	0	1.136	0.	37.6692438	-113.0740901
UT	49021110501	3777818	0	1.459	0.	37.7078658	-113.0619677
UT	49021110502	123098665	0	47.529	0.	37.7139249	-112.9905303
UT	49021110601	1273316	0	0.492	0.	37.6755784	-113.0606463
UT	49021110602	340491439	127606	131.464	0.049	37.5920107	-113.0080873
UT	49021110702	438263163	4557490	169.214	1.76	37.5665761	-113.2360299
UT	49021110703	4377237	0	1.69	0.	37.6738841	-113.0955224
UT	49021110704	26032752	0	10.051	0.	37.7181473	-113.0915715
UT	49023010100	51298337	0	19.806	0.	39.7075428	-111.8650645
UT	49023010200	8733455005	36271581	3372.006	14.005	39.71412	-112.790471
UT	49025130100	9665554537	292623725	3731.892	112.983	37.2750892	-111.815329
UT	49025130200	679220697	220221	262.249	0.085	37.1080877	-112.5304693
UT	49027974100	1227915853	8816332	474.101	3.404	39.3922183	-112.3541485
UT	49027974200	11194474573	119698165	4322.211	46.216	39.1335044	-113.3756836
UT	49027974300	5151925599	4778364	1989.17	1.845	38.9027524	-112.7160188
UT	49029970101	931453731	1632537	359.636	0.63	41.1815214	-111.506831
UT	49029970102	79770411	0	30.8	0.	41.0297021	-111.6277031
UT	49029970200	566589945	2804832	218.762	1.083	40.9251692	-111.7298371
UT	49031960100	1963753824	20286511	758.21	7.833	38.3358805	-112.1293755
UT	49033950100	2664471792	149106409	1028.758	57.57	41.6275976	-111.2402269
UT	49035100100	4024237	0	1.554	0.	40.7906107	-111.910117
UT	49035100200	23707468	0	9.154	0.	40.8122617	-111.870389
UT	49035100306	1790191	0	0.691	0.	40.7751654	-111.9444261
UT	49035100307	1449058	0	0.559	0.	40.7954833	-111.9456454
UT	49035100308	1380994	0	0.533	0.	40.7949871	-111.9387476
UT	49035100500	1884464	0	0.728	0.	40.7866777	-111.9243102
UT	49035100600	2936104	0	1.134	0.	40.7769433	-111.924706
UT	49035100700	1133917	0	0.438	0.	40.7812767	-111.894669
UT	49035100800	724107	0	0.28	0.	40.7729748	-111.8928665
UT	49035101000	1426315	0	0.551	0.	40.7804596	-111.8740038
UT	49035101101	484334	0	0.187	0.	40.7727949	-111.8753074
UT	49035101102	559108	0	0.216	0.	40.773022	-111.8831699
UT	49035101200	1739703	0	0.672	0.	40.7743878	-111.8613783
UT	49035101401	1361536	0	0.526	0.	40.7543922	-111.8428678
UT	49035101402	9357719	0	3.613	0.	40.7673198	-111.8275642
UT	49035101500	824034	0	0.318	0.	40.7650072	-111.857402
UT	49035101600	992521	0	0.383	0.	40.7553814	-111.8575716
UT	49035101700	701146	0	0.271	0.	40.7650052	-111.8667584
UT	49035101800	876555	0	0.338	0.	40.7552002	-111.8667583
UT	49035101900	699486	0	0.27	0.	40.765004	-111.8753495
UT	49035102000	874229	0	0.338	0.	40.7552213	-111.8753468
UT	49035102100	466832	0	0.18	0.	40.765001	-111.8825026
UT	49035102300	817356	0	0.316	0.	40.7549061	-111.8837235
UT	49035102501	1033340	0	0.399	0.	40.7680562	-111.9032949
UT	49035102502	810983	0	0.313	0.	40.7628032	-111.9038924
UT	49035102600	2449681	0	0.946	0.	40.7613194	-111.9181936
UT	49035102701	1399528	0	0.54	0.	40.75387	-111.9305522
UT	49035102702	1698067	0	0.656	0.	40.7647389	-111.9321856
UT	49035102801	2778928	0	1.073	0.	40.7450893	-111.9225573
UT	49035102802	5260249	0	2.031	0.	40.7327185	-111.9216317
UT	49035102900	3770811	0	1.456	0.	40.7378521	-111.8965061
UT	49035103000	1313024	0	0.507	0.	40.7457026	-111.879636
UT	49035103100	1305553	0	0.504	0.	40.7375656	-111.8796317
UT	49035103200	1297351	0	0.501	0.	40.729473	-111.8796369
UT	49035103300	1305080	0	0.504	0.	40.7294586	-111.8624747
UT	49035103400	1312256	0	0.507	0.	40.7375662	-111.8624478
UT	49035103500	1313693	0	0.507	0.	40.7457126	-111.8624743
UT	49035103600	1033455	0	0.399	0.	40.7463575	-111.8480783
UT	49035103700	883575	0	0.341	0.	40.737578	-111.8480497
UT	49035103800	848294	0	0.328	0.	40.7296129	-111.8480668
UT	49035103900	1308226	0	0.505	0.	40.7295333	-111.8336403
UT	49035104000	1395800	0	0.539	0.	40.7373593	-111.8329181
UT	49035104100	1038948	0	0.401	0.	40.7459435	-111.8359403
UT	49035104200	5677155	0	2.192	0.	40.7379936	-111.8126935
UT	49035104300	1085945	0	0.419	0.	40.7258851	-111.8186977
UT	49035104400	1720158	0	0.664	0.	40.7185107	-111.8226552
UT	49035104700	2146983	0	0.829	0.	40.7157607	-111.8482934
UT	49035104800	2055555	0	0.794	0.	40.7094175	-111.8522968
UT	49035104900	1285177	0	0.496	0.	40.7166384	-111.8722564
UT	49035110103	254486411	388272	98.258	0.15	40.7437715	-111.7538183
UT	49035110104	64332664	0	24.839	0.	40.6742238	-111.7201078
UT	49035110105	3488299	0	1.347	0.	40.6008217	-111.7882839
UT	49035110106	223116322	570124	86.146	0.22	40.6169806	-111.6868121
UT	49035110200	3434044	0	1.326	0.	40.7063254	-111.8108788
UT	49035110300	2331339	0	0.9	0.	40.7049107	-111.8359426
UT	49035110401	1807681	0	0.698	0.	40.6936046	-111.8465316
UT	49035110402	1748671	0	0.675	0.	40.6933762	-111.8317664
UT	49035110500	3384832	0	1.307	0.	40.6935504	-111.8103653
UT	49035110600	2916677	0	1.126	0.	40.6811965	-111.8115857
UT	49035110701	1307309	0	0.505	0.	40.6803669	-111.8486118
UT	49035110702	2258320	0	0.872	0.	40.6808501	-111.8338739
UT	49035110800	3400677	0	1.313	0.	40.6675888	-111.8354938
UT	49035110900	2542609	0	0.982	0.	40.6679362	-111.81372
UT	49035111001	6284114	0	2.426	0.	40.6470102	-111.821445
UT	49035111002	3814186	0	1.473	0.	40.6287253	-111.8143728
UT	49035111104	2061998	5138	0.796	0.002	40.6357283	-111.8592239
UT	49035111105	1687019	0	0.651	0.	40.6574439	-111.8600159
UT	49035111106	1482621	0	0.572	0.	40.6615506	-111.8445788
UT	49035111107	1480786	0	0.572	0.	40.6536067	-111.8457627
UT	49035111108	1726462	0	0.667	0.	40.6356416	-111.844981
UT	49035111109	1690298	0	0.653	0.	40.6448172	-111.8447173
UT	49035111201	1378360	0	0.532	0.	40.6282272	-111.8453824
UT	49035111202	2486448	0	0.96	0.	40.6191959	-111.8441483
UT	49035111302	3333035	0	1.287	0.	40.6156482	-111.8033429
UT	49035111304	3012296	0	1.163	0.	40.5963086	-111.8016288
UT	49035111305	1929639	0	0.745	0.	40.6185327	-111.8243176
UT	49035111306	1531099	0	0.591	0.	40.6083544	-111.8210221
UT	49035111400	2155022	0	0.832	0.	40.7153516	-111.8824612
UT	49035111500	7537546	0	2.91	0.	40.7131718	-111.9071179
UT	49035111601	3464988	0	1.338	0.	40.6934606	-111.8953356
UT	49035111602	3316220	0	1.28	0.	40.6907838	-111.9117268
UT	49035111701	1358256	0	0.524	0.	40.693467	-111.8826082
UT	49035111702	1726762	0	0.667	0.	40.7038308	-111.8755125
UT	49035111801	2083862	0	0.805	0.	40.6934786	-111.8626901
UT	49035111802	1189466	0	0.459	0.	40.7033792	-111.8625973
UT	49035111903	2072253	0	0.8	0.	40.680683	-111.862747
UT	49035111904	1343385	0	0.519	0.	40.6701646	-111.8626046
UT	49035111905	1149800	0	0.444	0.	40.6766915	-111.8744983
UT	49035111906	1016424	0	0.392	0.	40.6820041	-111.8818921
UT	49035112001	1429754	0	0.552	0.	40.6700032	-111.8796054
UT	49035112002	2631001	0	1.016	0.	40.6568483	-111.8745363
UT	49035112101	3053804	0	1.179	0.	40.668099	-111.8949517
UT	49035112102	3633268	0	1.403	0.	40.6611573	-111.9106602
UT	49035112201	4080593	0	1.576	0.	40.6398228	-111.9122611
UT	49035112202	3761182	0	1.452	0.	40.6410731	-111.895968
UT	49035112301	2257609	0	0.872	0.	40.649956	-111.8813143
UT	49035112302	2515591	0	0.971	0.	40.6362784	-111.877486
UT	49035112402	2720634	0	1.05	0.	40.6002942	-111.8972171
UT	49035112404	2105048	0	0.813	0.	40.6186533	-111.8975988
UT	49035112405	2725118	0	1.052	0.	40.6196747	-111.912443
UT	49035112406	2921039	0	1.128	0.	40.6000301	-111.9106342
UT	49035112501	1693388	0	0.654	0.	40.6257186	-111.8813128
UT	49035112503	1950699	0	0.753	0.	40.6151376	-111.8814433
UT	49035112504	881202	0	0.34	0.	40.6260528	-111.8663589
UT	49035112505	1892571	0	0.731	0.	40.6159528	-111.8640338
UT	49035112604	2636493	0	1.018	0.	40.5729702	-111.8617362
UT	49035112608	2455885	0	0.948	0.	40.5874077	-111.844163
UT	49035112609	3297656	0	1.273	0.	40.5828598	-111.8161054
UT	49035112610	2102806	0	0.812	0.	40.6034699	-111.881929
UT	49035112611	2613552	0	1.009	0.	40.6023382	-111.8626006
UT	49035112612	2584969	0	0.998	0.	40.5877922	-111.8626662
UT	49035112613	2972074	0	1.148	0.	40.5708504	-111.8450889
UT	49035112614	2559697	0	0.988	0.	40.5988597	-111.8199776
UT	49035112615	1202685	0	0.464	0.	40.5912386	-111.8228853
UT	49035112616	2463363	0	0.951	0.	40.5741034	-111.8235164
UT	49035112617	2978897	0	1.15	0.	40.5646062	-111.8230589
UT	49035112618	2335614	0	0.902	0.	40.6088165	-111.8461116
UT	49035112619	1660652	0	0.641	0.	40.5981691	-111.8410457
UT	49035112620	1449265	0	0.56	0.	40.575039	-111.8789231
UT	49035112621	4868128	0	1.88	0.	40.5783781	-111.9010475
UT	49035112700	2960294	0	1.143	0.	40.5891234	-111.8811952
UT	49035112804	2567388	0	0.991	0.	40.5515335	-111.8627803
UT	49035112805	2760664	0	1.066	0.	40.5359016	-111.8615021
UT	49035112812	2858611	0	1.104	0.	40.5631815	-111.873585
UT	49035112813	4169218	0	1.61	0.	40.5488813	-111.8429134
UT	49035112814	5340756	0	2.062	0.	40.5521602	-111.8175493
UT	49035112815	40115769	43405	15.489	0.017	40.5280335	-111.7889698
UT	49035112816	6347114	0	2.451	0.	40.5058222	-111.8695867
UT	49035112818	3126672	0	1.207	0.	40.4953376	-111.901431
UT	49035112821	11159432	0	4.309	0.	40.4976481	-111.8416563
UT	49035112822	2548227	0	0.984	0.	40.5515538	-111.8815496
UT	49035112823	3588168	0	1.385	0.	40.5350566	-111.8803518
UT	49035112824	5095329	0	1.967	0.	40.547141	-111.9090948
UT	49035112825	12228254	0	4.721	0.	40.5234884	-111.9037235
UT	49035112826	10107668	0	3.903	0.	40.4879553	-111.9602004
UT	49035112827	14707809	5981	5.679	0.002	40.4733075	-111.9252104
UT	49035112828	3004592	0	1.16	0.	40.5144601	-111.8753718
UT	49035112829	2218986	38827	0.857	0.015	40.5131745	-111.888409
UT	49035112830	3919805	0	1.513	0.	40.4914035	-111.8655032
UT	49035112831	7830902	0	3.024	0.	40.4731895	-111.8876896
UT	49035112904	2164862	0	0.836	0.	40.6313791	-111.9753474
UT	49035112905	2600748	0	1.004	0.	40.6312969	-111.9578295
UT	49035112907	2601202	0	1.004	0.	40.6240663	-111.9435195
UT	49035112912	2158558	0	0.833	0.	40.616297	-111.9753584
UT	49035112913	2612602	0	1.009	0.	40.6167493	-111.9578031
UT	49035112914	2560864	0	0.989	0.	40.6237514	-111.9339934
UT	49035112916	1844619	0	0.712	0.	40.6024576	-111.9741708
UT	49035112917	2523556	0	0.974	0.	40.6045086	-111.9551472
UT	49035112918	2608360	0	1.007	0.	40.5949909	-111.9339546
UT	49035112920	2550160	0	0.985	0.	40.5928405	-111.945378
UT	49035112921	3363021	0	1.298	0.	40.58846	-111.960616
UT	49035113007	2588022	0	0.999	0.	40.5733186	-111.9957957
UT	49035113008	4230641	0	1.633	0.	40.5725581	-111.9713286
UT	49035113010	4915434	0	1.898	0.	40.5714717	-111.9435286
UT	49035113011	6153203	0	2.376	0.	40.5508633	-111.9434229
UT	49035113012	6238758	0	2.409	0.	40.5589513	-111.9207764
UT	49035113013	5042349	0	1.947	0.	40.5297793	-111.9761446
UT	49035113014	3032710	0	1.171	0.	40.5308624	-111.9484604
UT	49035113016	7263140	0	2.804	0.	40.5114452	-111.9753979
UT	49035113017	3880212	0	1.498	0.	40.5114324	-111.9482483
UT	49035113021	1962792	0	0.758	0.	40.5584074	-111.9840285
UT	49035113022	2905128	228039	1.122	0.088	40.5561646	-111.9966739
UT	49035113023	2279314	0	0.88	0.	40.5409188	-111.9991409
UT	49035113024	3648407	0	1.409	0.	40.5526506	-111.9661765
UT	49035113025	2247443	0	0.868	0.	40.5445415	-111.9753884
UT	49035113101	4740882	0	1.83	0.	40.5969516	-111.9930901
UT	49035113102	2547940	0	0.984	0.	40.5853239	-111.9839488
UT	49035113105	147802766	128519	57.067	0.05	40.5297815	-112.130873
UT	49035113108	1838353	0	0.71	0.	40.5933596	-112.0133949
UT	49035113109	2137921	0	0.825	0.	40.5300456	-112.0022821
UT	49035113110	1564436	0	0.604	0.	40.4933988	-112.0122248
UT	49035113111	1881892	0	0.727	0.	40.5025913	-112.0154891
UT	49035113112	2552860	0	0.986	0.	40.5007331	-112.0341631
UT	49035113113	4930797	0	1.904	0.	40.5137415	-112.0137245
UT	49035113114	6592834	0	2.546	0.	40.526187	-112.0280193
UT	49035113307	5013416	0	1.936	0.	40.7152213	-111.9652965
UT	49035113308	1646740	0	0.636	0.	40.7002662	-111.9650239
UT	49035113309	1867612	0	0.721	0.	40.6881369	-111.969398
UT	49035113310	1549588	0	0.598	0.	40.6907901	-111.9586559
UT	49035113311	3751867	0	1.449	0.	40.711954	-111.9313205
UT	49035113312	3612631	136726	1.395	0.053	40.7086978	-111.9498872
UT	49035113313	876452	0	0.338	0.	40.6857804	-111.9453075
UT	49035113314	914818	0	0.353	0.	40.6930614	-111.9456229
UT	49035113406	1958627	0	0.756	0.	40.7002419	-111.9914133
UT	49035113408	2606257	0	1.006	0.	40.6892602	-112.0534941
UT	49035113409	2599060	0	1.004	0.	40.6892928	-112.034356
UT	49035113410	2602766	0	1.005	0.	40.6893276	-111.9961592
UT	49035113411	1300653	0	0.502	0.	40.6893555	-111.9818424
UT	49035113412	1305184	0	0.504	0.	40.7002004	-112.0152928
UT	49035113413	2599994	0	1.004	0.	40.6893158	-112.0152411
UT	49035113414	2675097	0	1.033	0.	40.7002589	-112.0436293
UT	49035113415	7793811	0	3.009	0.	40.7148375	-112.0441048
UT	49035113505	2646087	0	1.022	0.	40.6746691	-111.99613
UT	49035113509	2156302	0	0.833	0.	40.6912043	-111.9308295
UT	49035113510	1855442	0	0.716	0.	40.6747546	-111.9456877
UT	49035113511	1543811	0	0.596	0.	40.6754034	-111.9332029
UT	49035113512	1860559	0	0.718	0.	40.6791059	-111.9206897
UT	49035113513	2805825	0	1.083	0.	40.6567999	-111.9454463
UT	49035113514	1842187	0	0.711	0.	40.6686792	-111.9212726
UT	49035113515	3616653	0	1.396	0.	40.6553562	-111.9284388
UT	49035113520	2049528	0	0.791	0.	40.6749687	-111.9599663
UT	49035113521	2648229	0	1.022	0.	40.6603113	-111.9771529
UT	49035113522	1996943	0	0.771	0.	40.6603427	-111.9601007
UT	49035113523	2638156	0	1.019	0.	40.6458597	-111.9770328
UT	49035113526	5856222	0	2.261	0.	40.6464379	-112.0464071
UT	49035113527	1220804	0	0.471	0.	40.6350064	-112.0156992
UT	49035113528	1229984	0	0.475	0.	40.6275788	-112.0156134
UT	49035113532	1295623	0	0.5	0.	40.6458398	-111.9626016
UT	49035113533	2964427	0	1.145	0.	40.6416462	-111.9414716
UT	49035113536	1304332	0	0.504	0.	40.6748253	-111.9818115
UT	49035113537	1303504	0	0.503	0.	40.6748425	-111.9722614
UT	49035113538	985335	0	0.38	0.	40.6783773	-112.0126501
UT	49035113539	1610302	0	0.622	0.	40.6726237	-112.0167077
UT	49035113540	2514717	0	0.971	0.	40.6291801	-112.0364619
UT	49035113541	1595074	0	0.616	0.	40.6352684	-112.0447423
UT	49035113542	4044570	0	1.562	0.	40.616553	-112.0393041
UT	49035113543	2609128	0	1.007	0.	40.6167525	-112.0148907
UT	49035113544	1880610	0	0.726	0.	40.678141	-112.0362655
UT	49035113545	15257229	0	5.891	0.	40.6670239	-112.0590181
UT	49035113600	1939278	0	0.749	0.	40.6600441	-111.9940056
UT	49035113701	1231812	0	0.476	0.	40.6438947	-111.9926237
UT	49035113702	865977	0	0.334	0.	40.6477567	-111.9974286
UT	49035113801	1595688	0	0.616	0.	40.6583605	-112.0175041
UT	49035113802	1606836	0	0.62	0.	40.6621052	-112.0083154
UT	49035113804	1241563	0	0.479	0.	40.6457575	-112.0200325
UT	49035113805	1758419	0	0.679	0.	40.6459749	-112.0089193
UT	49035113903	3956117	0	1.527	0.	40.7110645	-112.0773876
UT	49035113904	1948532	0	0.752	0.	40.7000989	-112.0774311
UT	49035113905	3907743	0	1.509	0.	40.6892405	-112.0774417
UT	49035113906	189075979	135149733	73.003	52.182	40.8113279	-112.084936
UT	49035113908	1844624	0	0.712	0.	40.6978787	-112.0993578
UT	49035113909	142042249	43751	54.843	0.017	40.670634	-112.1558372
UT	49035114000	3153173	0	1.217	0.	40.757595	-111.8974571
UT	49035114100	2403137	0	0.928	0.	40.7223076	-111.8500682
UT	49035114200	5005203	0	1.933	0.	40.6020054	-111.9232811
UT	49035114301	1052118	0	0.406	0.	40.6310656	-111.9863209
UT	49035114302	1178384	0	0.455	0.	40.618075	-112.0037909
UT	49035114303	6819278	0	2.633	0.	40.5956009	-112.0454676
UT	49035114304	2890975	0	1.116	0.	40.6031351	-112.0194816
UT	49035114500	42908500	19163	16.567	0.007	40.7348775	-111.980084
UT	49035114601	2959585	0	1.143	0.	40.5309648	-111.9294161
UT	49035114602	4794197	0	1.851	0.	40.5111901	-111.9271078
UT	49035114700	12343637	13867	4.766	0.005	40.8128727	-111.9437674
UT	49035114800	25638127	0	9.899	0.	40.8028753	-111.8234892
UT	49035115107	18883184	0	7.291	0.	40.4704655	-112.0594613
UT	49035115108	17067032	0	6.59	0.	40.4705145	-112.0031494
UT	49035115109	35522210	0	13.715	0.	40.4489391	-111.9766847
UT	49035115210	7761983	0	2.997	0.	40.5593883	-112.0171307
UT	49035115211	18422476	0	7.113	0.	40.5625637	-112.0408163
UT	49035980000	39276203	83499	15.165	0.032	40.7938465	-111.9777716
UT	49035980100	4511977	0	1.742	0.	40.622595	-111.9946837
UT	49037942000	2220692129	8673141	857.414	3.349	37.1948026	-109.3389774
UT	49037942100	2962773436	73658121	1143.933	28.44	37.1031945	-110.3979381
UT	49037978100	5773264445	17787003	2229.07	6.868	38.1009569	-109.3743934
UT	49037978200	9306727805	184893594	3593.348	71.388	37.6174788	-109.9834213
UT	49039972101	514401016	1125275	198.611	0.434	39.483504	-111.3979113
UT	49039972102	613114650	836192	236.725	0.323	39.6964136	-111.3818117
UT	49039972200	633600029	1493529	244.634	0.577	39.5914366	-111.6221404
UT	49039972300	943113271	22609919	364.138	8.73	39.2282925	-111.8534084
UT	49039972401	63587227	117078	24.551	0.045	39.3287343	-111.6393915
UT	49039972402	81452939	0	31.449	0.	39.3462326	-111.5295703
UT	49039972500	1268336449	5983102	489.707	2.31	39.1808317	-111.5039098
UT	49041975100	1375078910	497649	530.921	0.192	38.9218975	-111.6550426
UT	49041975200	2471513615	19031408	954.257	7.348	38.7066661	-111.7207221
UT	49041975300	137975176	0	53.273	0.	38.7919304	-112.1549406
UT	49041975400	50594794	0	19.535	0.	38.7429638	-112.0829908
UT	49041975500	912947453	610874	352.491	0.236	38.5990003	-112.2371066
UT	49043964101	902960102	6063488	348.635	2.341	41.0429616	-111.263989
UT	49043964103	109568262	4294862	42.305	1.658	40.7583371	-111.4089096
UT	49043964104	776055662	1128037	299.637	0.436	40.8985383	-111.1938983
UT	49043964201	182676277	24484	70.532	0.009	40.6346181	-111.2767906
UT	49043964202	219882599	33556	84.897	0.013	40.7242618	-111.2599679
UT	49043964203	2394561107	14402396	924.545	5.561	40.8572024	-110.4853177
UT	49043964303	33249554	0	12.838	0.	40.7755086	-111.6025382
UT	49043964304	22716938	0	8.771	0.	40.7314009	-111.5902976
UT	49043964305	37075636	14904	14.315	0.006	40.6680226	-111.5825792
UT	49043964306	74565388	0	28.79	0.	40.7756537	-111.5073443
UT	49043964307	13427587	0	5.184	0.	40.7120633	-111.5191116
UT	49043964308	21600587	0	8.34	0.	40.6862862	-111.4994179
UT	49043964401	31392391	15493	12.121	0.006	40.6366155	-111.528697
UT	49043964402	25291272	53572	9.765	0.021	40.6487373	-111.4759126
UT	49045130600	14888253174	93018361	5748.387	35.915	40.5016499	-113.5949635
UT	49045130701	182354271	0	70.407	0.	40.6017018	-112.2335926
UT	49045130704	3551975	469925	1.371	0.181	40.6447927	-112.3009004
UT	49045130705	16982893	20843	6.557	0.008	40.6154823	-112.3319157
UT	49045130706	51565354	0	19.909	0.	40.5823762	-112.3488276
UT	49045130707	1973235536	2426303	761.871	0.937	40.2093656	-112.3750296
UT	49045130708	554659245	29450462	214.155	11.371	40.5843231	-112.4984336
UT	49045130800	26224247	230010	10.125	0.089	40.5902918	-112.4602683
UT	49045130900	4084772	0	1.577	0.	40.5435848	-112.3086307
UT	49045131001	3030566	0	1.17	0.	40.5582224	-112.2855029
UT	49045131003	2250055	0	0.869	0.	40.5356478	-112.2863814
UT	49045131004	955350	0	0.369	0.	40.5459655	-112.2789489
UT	49045131005	1452060	0	0.561	0.	40.5457948	-112.2909406
UT	49045131101	4986632	0	1.925	0.	40.5201231	-112.3244228
UT	49045131102	2807475	0	1.084	0.	40.5246248	-112.307129
UT	49045131200	3240028	0	1.251	0.	40.5232894	-112.289985
UT	49045980000	514580208	510864008	198.681	197.246	40.8506117	-112.5006893
UT	49047940201	7470799100	30842820	2884.492	11.908	39.8969114	-109.5547738
UT	49047968201	2365347640	13664018	913.266	5.276	40.5012776	-109.2758949
UT	49047968202	252491485	3721334	97.488	1.437	40.2981217	-109.5695741
UT	49047968301	253662574	1072821	97.94	0.414	40.3536962	-109.7116959
UT	49047968302	1231491014	6665021	475.481	2.573	40.6148878	-109.6422627
UT	49047968401	7516566	0	2.902	0.	40.4609894	-109.520032
UT	49047968403	18767350	0	7.246	0.	40.4207372	-109.5621138
UT	49047968404	10531861	0	4.066	0.	40.4338715	-109.5186385
UT	49049000102	4149877	0	1.602	0.	40.4009747	-111.8604132
UT	49049000103	4414536	87779	1.704	0.034	40.3850275	-111.8458668
UT	49049000104	2558167	0	0.988	0.	40.4076644	-111.8490809
UT	49049000105	2459581	0	0.95	0.	40.4059454	-111.8347975
UT	49049000203	2382755	0	0.92	0.	40.3780618	-111.7804922
UT	49049000205	2502977	0	0.966	0.	40.402826	-111.811498
UT	49049000206	2002431	0	0.773	0.	40.3950994	-111.8084867
UT	49049000207	2840820	0	1.097	0.	40.3861157	-111.8210596
UT	49049000208	2117625	0	0.818	0.	40.3861186	-111.8061491
UT	49049000400	3830392	0	1.479	0.	40.3689611	-111.7891429
UT	49049000504	2431208	0	0.939	0.	40.36751	-111.7297599
UT	49049000505	3919698	0	1.513	0.	40.3700594	-111.7070846
UT	49049000506	2036519	0	0.786	0.	40.3565924	-111.7246366
UT	49049000507	3270955	0	1.263	0.	40.3582815	-111.6967684
UT	49049000508	2473690	0	0.955	0.	40.3709266	-111.7524115
UT	49049000510	1980950	0	0.765	0.	40.3624797	-111.7673779
UT	49049000511	2127450	0	0.821	0.	40.3604611	-111.7498954
UT	49049000601	8578857	0	3.312	0.	40.3429521	-111.7406245
UT	49049000603	4176163	0	1.612	0.	40.3433933	-111.7102065
UT	49049000604	4767557	0	1.841	0.	40.3426603	-111.6837053
UT	49049000703	1831747	0	0.707	0.	40.3156465	-111.689927
UT	49049000706	2184751	0	0.844	0.	40.3177123	-111.7170691
UT	49049000707	1532480	0	0.592	0.	40.3258061	-111.7137593
UT	49049000708	1289218	0	0.498	0.	40.33006	-111.7009712
UT	49049000709	2016840	0	0.779	0.	40.3229545	-111.6917189
UT	49049000710	1186162	0	0.458	0.	40.3301261	-111.6831595
UT	49049000711	4996671	0	1.929	0.	40.3225073	-111.6625951
UT	49049000801	1833326	0	0.708	0.	40.3081523	-111.7127586
UT	49049000803	744723	0	0.288	0.	40.3008223	-111.7201807
UT	49049000804	1257439	0	0.485	0.	40.3007177	-111.7056502
UT	49049000901	1686016	0	0.651	0.	40.3051285	-111.6922978
UT	49049000903	1674666	0	0.647	0.	40.3084459	-111.6740538
UT	49049000904	1417450	0	0.547	0.	40.3008096	-111.6761078
UT	49049001001	1694108	0	0.654	0.	40.2934775	-111.6812112
UT	49049001002	1507799	0	0.582	0.	40.2861636	-111.6792464
UT	49049001103	2084742	0	0.805	0.	40.2784944	-111.7079769
UT	49049001105	1401499	0	0.541	0.	40.2862905	-111.7151579
UT	49049001106	1388700	0	0.536	0.	40.2935564	-111.7153517
UT	49049001107	1484435	0	0.573	0.	40.2900686	-111.6996702
UT	49049001108	1090425	0	0.421	0.	40.2803271	-111.6914208
UT	49049001201	2463963	0	0.951	0.	40.2670293	-111.7036321
UT	49049001202	1693784	0	0.654	0.	40.2662306	-111.6886354
UT	49049001300	2669589	0	1.031	0.	40.2741758	-111.6769878
UT	49049001401	4766243	0	1.84	0.	40.2853416	-111.6625569
UT	49049001403	808294	0	0.312	0.	40.255328	-111.6667101
UT	49049001404	880039	0	0.34	0.	40.2614467	-111.6730284
UT	49049001501	11812055	0	4.561	0.	40.3014428	-111.639503
UT	49049001503	4960906	0	1.915	0.	40.2768794	-111.636915
UT	49049001504	2723059	0	1.051	0.	40.265929	-111.6445412
UT	49049001601	605361	0	0.234	0.	40.2558119	-111.6591591
UT	49049001602	1569239	0	0.606	0.	40.2507268	-111.6503298
UT	49049001701	6841497	0	2.642	0.	40.2563235	-111.6236778
UT	49049001702	1284809	0	0.496	0.	40.2405854	-111.6357014
UT	49049001801	498974	0	0.193	0.	40.2434274	-111.6508056
UT	49049001802	583166	0	0.225	0.	40.2396106	-111.6508819
UT	49049001803	485039	0	0.187	0.	40.2357059	-111.6498553
UT	49049001900	1043713	0	0.403	0.	40.244163	-111.6633607
UT	49049002001	898372	0	0.347	0.	40.2412138	-111.670596
UT	49049002002	1125355	0	0.435	0.	40.2384669	-111.6805424
UT	49049002101	2121444	0	0.819	0.	40.2535952	-111.6879804
UT	49049002102	1745742	0	0.674	0.	40.247233	-111.6809981
UT	49049002204	5859924	0	2.263	0.	40.2510618	-111.7145506
UT	49049002205	3935039	24222	1.519	0.009	40.2358689	-111.7170359
UT	49049002206	1669210	0	0.644	0.	40.2296403	-111.6918124
UT	49049002208	4074995	0	1.573	0.	40.309418	-111.7555261
UT	49049002209	6992904	0	2.7	0.	40.3115816	-111.737674
UT	49049002210	1146537	0	0.443	0.	40.2825015	-111.7276457
UT	49049002211	1250575	0	0.483	0.	40.2677472	-111.7168384
UT	49049002212	9459571	0	3.652	0.	40.2795921	-111.7426023
UT	49049002213	12842902	0	4.959	0.	40.2143115	-111.6872614
UT	49049002300	1319622	0	0.51	0.	40.2298421	-111.6721768
UT	49049002400	991590	0	0.383	0.	40.2331196	-111.6609779
UT	49049002500	1034541	0	0.399	0.	40.2296149	-111.6497278
UT	49049002702	12001667	0	4.634	0.	40.2068624	-111.6081619
UT	49049002703	999706	0	0.386	0.	40.2266819	-111.6369461
UT	49049002901	12681326	0	4.896	0.	40.1647516	-111.6310728
UT	49049002902	1970209	0	0.761	0.	40.1720951	-111.6142632
UT	49049003001	2464039	0	0.951	0.	40.1785789	-111.6048203
UT	49049003002	5022199	0	1.939	0.	40.1745775	-111.5831745
UT	49049003103	1813866	0	0.7	0.	40.1539525	-111.5890899
UT	49049003104	6454677	0	2.492	0.	40.1578716	-111.5651702
UT	49049003105	1821719	0	0.703	0.	40.1623456	-111.6002674
UT	49049003106	1730463	0	0.668	0.	40.1493479	-111.6041325
UT	49049003201	1554968	0	0.6	0.	40.1200505	-111.6472352
UT	49049003203	3199046	0	1.235	0.	40.0969331	-111.6422829
UT	49049003204	1238687	0	0.478	0.	40.1103247	-111.6476386
UT	49049003205	1701049	0	0.657	0.	40.1061007	-111.632043
UT	49049003301	2192964	0	0.847	0.	40.1032614	-111.6661769
UT	49049003302	1961445	0	0.757	0.	40.1139774	-111.6625946
UT	49049003401	9085587	23788	3.508	0.009	40.0560227	-111.712257
UT	49049003403	3321887	0	1.283	0.	40.0330523	-111.7448871
UT	49049003404	2540619	0	0.981	0.	40.0346544	-111.7155341
UT	49049003405	2624818	0	1.013	0.	40.0323075	-111.730708
UT	49049010107	641226292	177110	247.579	0.068	40.2359905	-112.0752235
UT	49049010110	5608200	230591	2.165	0.089	40.3969272	-111.8826956
UT	49049010114	16378452	0	6.324	0.	40.3196562	-111.9938423
UT	49049010115	74206104	0	28.651	0.	40.2668799	-111.9872443
UT	49049010116	14956427	0	5.775	0.	40.3023805	-111.9162718
UT	49049010117	18929101	0	7.309	0.	40.3245179	-111.9398978
UT	49049010118	3466271	0	1.338	0.	40.346654	-111.911038
UT	49049010119	4225590	0	1.632	0.	40.3474575	-111.9923429
UT	49049010120	9010871	0	3.479	0.	40.3467259	-111.9668508
UT	49049010121	8149890	0	3.147	0.	40.372917	-111.9542772
UT	49049010122	12411180	0	4.792	0.	40.3615175	-112.0021352
UT	49049010123	7680148	0	2.965	0.	40.4026356	-111.9324695
UT	49049010124	5269179	6561	2.034	0.003	40.4032762	-111.9093644
UT	49049010125	11845106	33234	4.573	0.013	40.3654602	-111.9241466
UT	49049010126	5033764	194293	1.944	0.075	40.3734527	-111.8968931
UT	49049010127	5895272	43124	2.276	0.017	40.3711272	-111.8745878
UT	49049010128	4287791	41068	1.656	0.016	40.4307668	-111.8962854
UT	49049010129	5953302	306767	2.299	0.118	40.4183103	-111.8975923
UT	49049010130	2505996	0	0.968	0.	40.37237	-111.8580534
UT	49049010131	21878114	26864	8.447	0.01	40.3527923	-111.8004871
UT	49049010132	71814667	359153768	27.728	138.67	40.2041976	-111.8939504
UT	49049010208	5348100	0	2.065	0.	40.44679	-111.7921204
UT	49049010209	6765131	0	2.612	0.	40.4440183	-111.7673794
UT	49049010210	15810491	0	6.104	0.	40.4005884	-111.7306856
UT	49049010211	76536322	26992	29.551	0.01	40.4888428	-111.7277764
UT	49049010212	18917654	0	7.304	0.	40.4512007	-111.8762841
UT	49049010213	3290448	0	1.27	0.	40.3981295	-111.760351
UT	49049010216	2969785	0	1.147	0.	40.4248218	-111.8397077
UT	49049010217	21139918	0	8.162	0.	40.4557783	-111.8267628
UT	49049010219	6447254	0	2.489	0.	40.4198858	-111.7879949
UT	49049010220	9371841	0	3.618	0.	40.425371	-111.7439811
UT	49049010221	2027557	0	0.783	0.	40.4253481	-111.8762321
UT	49049010222	3393099	0	1.31	0.	40.4229336	-111.8591969
UT	49049010223	2653902	0	1.025	0.	40.425874	-111.8152325
UT	49049010224	3901868	0	1.507	0.	40.4135202	-111.8161627
UT	49049010225	3025880	0	1.168	0.	40.3837989	-111.7592711
UT	49049010226	2688306	0	1.038	0.	40.3827543	-111.7404495
UT	49049010303	9788582	0	3.779	0.	40.1402449	-111.566196
UT	49049010305	34035759	0	13.141	0.	40.105702	-111.5633371
UT	49049010306	6790650	0	2.622	0.	40.1334066	-111.6319026
UT	49049010307	5821112	0	2.248	0.	40.105673	-111.6120424
UT	49049010308	5888327	0	2.273	0.	40.1265856	-111.6104127
UT	49049010404	2107067	0	0.814	0.	40.0903961	-111.6236493
UT	49049010405	1631373	0	0.63	0.	40.0891288	-111.607888
UT	49049010406	30907445	0	11.933	0.	40.0770612	-111.6593554
UT	49049010407	7603262	58009	2.936	0.022	40.0401671	-111.6907394
UT	49049010408	6316888	0	2.439	0.	40.0490244	-111.6598208
UT	49049010409	45037035	0	17.389	0.	39.9440148	-111.7630203
UT	49049010410	14489130	27969	5.594	0.011	40.0036126	-111.7405956
UT	49049010411	261446964	119359	100.945	0.046	39.9466355	-111.6661157
UT	49049010503	88580826	645018	34.201	0.249	40.1360548	-111.7150317
UT	49049010504	63260120	16518	24.425	0.006	40.0589715	-111.7636999
UT	49049010505	5500629	1204	2.124	0.	39.9845777	-111.7846095
UT	49049010506	7225282	110911	2.79	0.043	39.9647667	-111.8015108
UT	49049010600	682410909	248293	263.48	0.096	39.972361	-111.9783615
UT	49049010700	5471092	0	2.112	0.	40.3949516	-111.7831957
UT	49049010900	2394250422	418399	924.425	0.162	40.0668653	-111.3869803
UT	49049980100	79266609	810	30.605	0.	40.4169986	-112.0446402
UT	49049980200	646147	0	0.249	0.	40.2595686	-111.64212
UT	49049980300	5645803	0	2.18	0.	40.2098914	-111.6529642
UT	49049980400	3386537	0	1.308	0.	40.2338747	-111.6237522
UT	49049980500	6012483	0	2.321	0.	40.2022326	-111.6318777
UT	49049980600	5123588	155129	1.978	0.06	40.2169282	-111.7210797
UT	49051940501	2402912718	68590948	927.77	26.483	40.300733	-111.0820069
UT	49051960100	12452834	0	4.808	0.	40.5145089	-111.4251091
UT	49051960201	4004719	0	1.546	0.	40.4952763	-111.4032842
UT	49051960202	16769892	0	6.475	0.	40.5259265	-111.3893956
UT	49051960203	37838378	0	14.609	0.	40.4842931	-111.3507495
UT	49051960204	11434284	0	4.415	0.	40.4687306	-111.4142599
UT	49051960401	26736915	47954	10.323	0.019	40.4993947	-111.4654693
UT	49051960402	15727269	0	6.072	0.	40.5187588	-111.487101
UT	49051960500	518609210	10468719	200.236	4.042	40.4249346	-111.4199269
UT	49051980100	1804891	0	0.697	0.	40.4814188	-111.4244975
UT	49053270101	693074805	963696	267.598	0.372	37.364583	-113.3099427
UT	49053270102	1531143216	1127163	591.178	0.435	37.2598527	-113.0345217
UT	49053270200	1397878321	1992706	539.724	0.769	37.4620727	-113.6760178
UT	49053270301	196606235	0	75.91	0.	37.2314186	-113.5805263
UT	49053270302	1548874208	1142600	598.024	0.441	37.2020618	-113.8875061
UT	49053270401	19362454	127467	7.476	0.049	37.1612189	-113.6896152
UT	49053270402	120398471	0	46.486	0.	37.2332869	-113.693399
UT	49053270501	19025266	0	7.346	0.	37.1226609	-113.6823239
UT	49053270502	10600662	15103	4.093	0.006	37.1527022	-113.6528273
UT	49053270601	4330356	0	1.672	0.	37.1106834	-113.6173217
UT	49053270602	10929715	6866	4.22	0.003	37.0943195	-113.635002
UT	49053270701	2556061	0	0.987	0.	37.1296252	-113.6144424
UT	49053270702	14613009	0	5.642	0.	37.1563958	-113.6235181
UT	49053270802	87818787	0	33.907	0.	37.1895738	-113.4907462
UT	49053270803	58448531	30820	22.567	0.012	37.0807422	-113.4625079
UT	49053270804	7658724	0	2.957	0.	37.0954314	-113.5115124
UT	49053270805	7079948	0	2.734	0.	37.1358176	-113.4917621
UT	49053270806	12241563	0	4.726	0.	37.1417029	-113.4617351
UT	49053270901	97588484	82768	37.679	0.032	37.1083381	-113.2942259
UT	49053270903	9460629	0	3.653	0.	37.1887378	-113.3029902
UT	49053270904	22530239	1505556	8.699	0.581	37.1656891	-113.4258071
UT	49053270905	216458485	788022	83.575	0.304	37.0576547	-113.3988349
UT	49053271000	49357908	0	19.057	0.	37.2280203	-113.2428937
UT	49053271101	5544235	0	2.141	0.	37.1146732	-113.520861
UT	49053271102	2900687	0	1.12	0.	37.1120454	-113.5387149
UT	49053271200	5405798	0	2.087	0.	37.1111546	-113.5496883
UT	49053271300	1767944	0	0.683	0.	37.100628	-113.5697221
UT	49053271400	2305525	0	0.89	0.	37.0975726	-113.5825795
UT	49053271501	8864785	0	3.423	0.	37.0972527	-113.5991468
UT	49053271502	13929361	0	5.378	0.	37.0704622	-113.6209341
UT	49053271600	14964527	0	5.778	0.	37.0450879	-113.6146931
UT	49053271702	73255665	0	28.284	0.	37.0286617	-113.5446448
UT	49053271703	10847639	0	4.188	0.	37.0763063	-113.533539
UT	49053271704	4642605	0	1.793	0.	37.0743642	-113.5672386
UT	49053271800	4961108	0	1.915	0.	37.0876669	-113.562385
UT	49055979100	6374203167	14660837	2461.094	5.661	38.2598556	-110.9908718
UT	49057200100	2490914	0	0.962	0.	41.2616847	-111.9491694
UT	49057200202	2036054	0	0.786	0.	41.2594702	-111.9636386
UT	49057200203	2052245	0	0.792	0.	41.2731319	-111.9580443
UT	49057200204	2774385	0	1.071	0.	41.2836298	-111.9564126
UT	49057200301	2666945	0	1.03	0.	41.2585423	-111.9791636
UT	49057200302	7883138	0	3.044	0.	41.2619563	-111.9978928
UT	49057200400	2379840	0	0.919	0.	41.2401363	-111.9796208
UT	49057200500	3159443	0	1.22	0.	41.2423754	-111.9579413
UT	49057200600	2868858	0	1.108	0.	41.2466833	-111.9405548
UT	49057200700	2829947	0	1.093	0.	41.2303022	-111.9375107
UT	49057200800	1807488	0	0.698	0.	41.2270747	-111.9534311
UT	49057200900	1592207	0	0.615	0.	41.2279423	-111.9636935
UT	49057201100	3872842	0	1.495	0.	41.2224613	-111.979974
UT	49057201200	1190093	0	0.459	0.	41.2122298	-111.9755314
UT	49057201301	759130	0	0.293	0.	41.2162978	-111.9580371
UT	49057201302	1077621	0	0.416	0.	41.2109491	-111.9566064
UT	49057201400	1773862	0	0.685	0.	41.2169492	-111.9400644
UT	49057201500	5441323	8202	2.101	0.003	41.196536	-111.9393391
UT	49057201600	1589351	0	0.614	0.	41.1966395	-111.9533047
UT	49057201700	1244106	0	0.48	0.	41.2036941	-111.9626222
UT	49057201800	1635177	0	0.631	0.	41.2029417	-111.9765524
UT	49057201900	10536728	0	4.068	0.	41.2080718	-112.0077356
UT	49057202000	5060873	24184	1.954	0.009	41.1722803	-111.941248
UT	49057210101	258171706	10168584	99.681	3.926	41.3055794	-111.8804506
UT	49057210102	646880548	615911	249.762	0.238	41.3162228	-111.6383232
UT	49057210201	2888252	2346	1.115	0.001	41.3182641	-111.9529809
UT	49057210203	2247007	0	0.868	0.	41.308669	-111.9601975
UT	49057210204	4550679	0	1.757	0.	41.2980022	-111.9542206
UT	49057210303	19222309	3012	7.422	0.001	41.3395345	-111.9882428
UT	49057210304	9620262	0	3.714	0.	41.3155645	-112.0035338
UT	49057210305	3616224	0	1.396	0.	41.2992578	-111.9889163
UT	49057210306	6366513	0	2.458	0.	41.2815825	-111.9815617
UT	49057210404	26379763	666717	10.185	0.257	41.2646663	-112.0721856
UT	49057210405	12531460	0	4.838	0.	41.2710924	-112.0121574
UT	49057210406	8288599	0	3.2	0.	41.3139292	-112.0375142
UT	49057210407	20796595	160384	8.03	0.062	41.3000296	-112.0565802
UT	49057210408	326355573	112425294	126.007	43.408	41.2211063	-112.2965731
UT	49057210508	1306374	0	0.504	0.	41.1688904	-112.0596066
UT	49057210509	2298499	0	0.887	0.	41.1696818	-112.0737799
UT	49057210510	1903900	0	0.735	0.	41.1580195	-112.0744129
UT	49057210511	3915528	0	1.512	0.	41.1915833	-111.9931946
UT	49057210512	9426770	0	3.64	0.	41.1688729	-112.0041893
UT	49057210513	3082079	0	1.19	0.	41.189235	-112.0443123
UT	49057210514	4901092	0	1.892	0.	41.1868266	-112.0659504
UT	49057210515	6857359	98	2.648	0.	41.1729019	-112.0933052
UT	49057210516	32002325	1583464	12.356	0.611	41.1737769	-112.14023
UT	49057210517	14363501	0	5.546	0.	41.2063052	-112.0756243
UT	49057210518	30540041	814311	11.792	0.314	41.2283323	-112.0665175
UT	49057210600	4124000	0	1.592	0.	41.1849295	-112.0312753
UT	49057210701	2996054	0	1.157	0.	41.1691944	-112.0323221
UT	49057210703	1544982	0	0.597	0.	41.1684391	-112.0489915
UT	49057210704	3638745	0	1.405	0.	41.1571483	-112.0427927
UT	49057210800	1585960	0	0.612	0.	41.1933983	-111.9697813
UT	49057210900	4514107	0	1.743	0.	41.1749563	-111.9586806
UT	49057211000	1424120	0	0.55	0.	41.1813423	-111.9780332
UT	49057211100	4281324	46807	1.653	0.018	41.1641364	-111.9796548
UT	49057211201	23263749	14777	8.982	0.006	41.1577782	-111.8871363
UT	49057211202	7997800	68010	3.088	0.026	41.1501671	-111.9469493
