USPS	GEOID	ALAND	AWATER	ALAND_SQMI	AWATER_SQMI	INTPTLAT	INTPTLONG
WV	54001965500	341199555	561759	131.738	0.217	39.1073822	-80.1087281
WV	54001965600	39292909	571445	15.171	0.221	39.1472915	-80.0503807
WV	54001965700	425053553	2836203	164.114	1.095	39.1793962	-79.9353303
WV	54001965800	77792359	670179	30.036	0.259	39.0201282	-79.9173484
WV	54003971101	25650809	0	9.904	0.	39.53271	-77.9006308
WV	54003971103	8374324	0	3.233	0.	39.5944447	-77.85158
WV	54003971104	22974895	0	8.871	0.	39.5892245	-77.905116
WV	54003971105	16078907	0	6.208	0.	39.5512608	-77.9318467
WV	54003971203	60021222	0	23.174	0.	39.5511186	-78.0483495
WV	54003971204	62497270	0	24.13	0.	39.5453956	-78.1059769
WV	54003971205	47096260	0	18.184	0.	39.5619565	-77.9860633
WV	54003971206	43633135	4287	16.847	0.002	39.50691	-78.0079386
WV	54003971301	16883465	0	6.519	0.	39.5052745	-77.9533892
WV	54003971302	16554776	154582	6.392	0.06	39.5017398	-77.9215932
WV	54003971401	63267849	0	24.428	0.	39.4735605	-77.8753699
WV	54003971402	7058927	0	2.725	0.	39.4652405	-77.9365693
WV	54003971500	3387627	0	1.308	0.	39.4577594	-77.9561725
WV	54003971600	4450908	42877	1.719	0.017	39.4679345	-77.9732496
WV	54003971700	4070885	0	1.572	0.	39.4514387	-77.9787683
WV	54003971801	64129880	0	24.761	0.	39.3712801	-78.1175412
WV	54003971802	171582215	828131	66.248	0.32	39.457899	-78.1371235
WV	54003971901	24888155	0	9.609	0.	39.3782428	-78.0183853
WV	54003971902	25445490	0	9.825	0.	39.4265002	-78.0212651
WV	54003972001	19140593	0	7.39	0.	39.4151154	-77.9218511
WV	54003972002	9024853	0	3.485	0.	39.4354476	-77.9480763
WV	54003972003	24482423	0	9.453	0.	39.3964589	-77.9656397
WV	54003972101	43356920	1379	16.74	0.001	39.3105884	-78.0559477
WV	54003972103	11986082	0	4.628	0.	39.3365314	-78.0332881
WV	54003972104	17558098	16402	6.779	0.006	39.3487792	-78.0002616
WV	54003972105	18171561	13300	7.016	0.005	39.3714673	-78.0587902
WV	54005958200	207953704	815862	80.291	0.315	38.1655282	-81.7585747
WV	54005958300	192012225	385983	74.136	0.149	38.0591906	-81.9169329
WV	54005958400	20036083	89719	7.736	0.035	38.0390073	-81.8530944
WV	54005958501	197957701	1237946	76.432	0.478	38.0492896	-81.6411997
WV	54005958502	148826060	32093	57.462	0.012	38.0228143	-81.7135382
WV	54005958600	151466645	169878	58.482	0.066	38.0783898	-81.5713845
WV	54005958700	275349666	710069	106.313	0.274	37.8676689	-81.6770805
WV	54005958800	107531152	864439	41.518	0.334	37.9873179	-81.786336
WV	54007967900	576206516	7236294	222.475	2.794	38.7677577	-80.6127238
WV	54007968000	393354528	1140916	151.875	0.441	38.6806835	-80.8330703
WV	54007968100	353235478	5967616	136.385	2.304	38.5988044	-80.7431339
WV	54009031102	34589021	187604	13.355	0.072	40.3333638	-80.5452482
WV	54009031103	4508418	899332	1.741	0.347	40.3897094	-80.61168
WV	54009031104	34362647	809333	13.267	0.312	40.3718158	-80.5588513
WV	54009031200	6201114	1467420	2.394	0.567	40.3290774	-80.5904326
WV	54009031401	1509443	929423	0.583	0.359	40.2807972	-80.6129637
WV	54009031402	20126000	501114	7.771	0.193	40.2872143	-80.5890771
WV	54009031600	75193702	524962	29.032	0.203	40.2309098	-80.5630893
WV	54009031700	54525451	3413273	21.052	1.318	40.2085959	-80.6235123
WV	54011000101	2021523	134630	0.781	0.052	38.4157259	-82.3721601
WV	54011000102	2578583	77340	0.996	0.03	38.40556	-82.3705472
WV	54011000200	7833492	1947405	3.025	0.752	38.4295001	-82.3640433
WV	54011000300	1710315	971137	0.66	0.375	38.4325341	-82.408101
WV	54011000400	2017038	26232	0.779	0.01	38.4248065	-82.4088274
WV	54011000500	656090	0	0.253	0.	38.4223736	-82.427019
WV	54011000600	910135	877240	0.351	0.339	38.4270313	-82.4298843
WV	54011000900	1472279	1249076	0.568	0.482	38.4160358	-82.4765346
WV	54011001000	2072350	797888	0.8	0.308	38.4087875	-82.4894378
WV	54011001100	984197	0	0.38	0.	38.4106866	-82.4703644
WV	54011001200	1076914	0	0.416	0.	38.410236	-82.4541528
WV	54011001300	857005	0	0.331	0.	38.4114171	-82.4418436
WV	54011001400	1064925	0	0.411	0.	38.4131089	-82.4304877
WV	54011001500	1338944	0	0.517	0.	38.4101107	-82.421546
WV	54011001600	612254	0	0.236	0.	38.4159581	-82.4162541
WV	54011001800	2813570	19703	1.086	0.008	38.416049	-82.4021565
WV	54011001900	1976395	11791	0.763	0.005	38.4056911	-82.3913962
WV	54011002000	2741666	442	1.059	0.	38.4007231	-82.4102884
WV	54011002100	10781138	761	4.163	0.	38.3998775	-82.4543405
WV	54011010103	49464101	289054	19.098	0.112	38.3626266	-82.3371803
WV	54011010104	36961395	13474	14.271	0.005	38.3656886	-82.4052502
WV	54011010202	11974858	148213	4.624	0.057	38.3983256	-82.3436292
WV	54011010203	2950345	60552	1.139	0.023	38.4196052	-82.315537
WV	54011010204	2731806	85689	1.055	0.033	38.4166082	-82.3345744
WV	54011010300	35583171	3893267	13.739	1.503	38.4488269	-82.2945524
WV	54011010401	9431656	266814	3.642	0.103	38.4048543	-82.2669917
WV	54011010402	13243733	112445	5.113	0.043	38.3919218	-82.285398
WV	54011010500	144297451	995179	55.714	0.384	38.3154814	-82.2504657
WV	54011010600	98811038	483338	38.151	0.187	38.3945064	-82.1354113
WV	54011010701	168059159	4960619	64.888	1.915	38.5311483	-82.1952289
WV	54011010702	58285162	477568	22.504	0.184	38.4663057	-82.2010843
WV	54011010801	38751576	6969	14.962	0.003	38.4625431	-82.0967455
WV	54011010802	10452265	205337	4.036	0.079	38.4277526	-82.1184307
WV	54011010900	1331305	0	0.514	0.	38.4186895	-82.4472819
WV	54013962600	308706892	2535757	119.192	0.979	38.947145	-81.1517915
WV	54013962700	414579949	1134374	160.07	0.438	38.7551982	-81.0704602
WV	54015957900	302919376	927384	116.958	0.358	38.5532895	-81.0462732
WV	54015958000	350590109	3397887	135.364	1.312	38.4455521	-81.0642353
WV	54015958100	232107932	537017	89.617	0.207	38.3507902	-81.1762299
WV	54017965000	543448772	1057396	209.827	0.408	39.2683045	-80.6588054
WV	54017965100	284629634	893145	109.896	0.345	39.2629402	-80.7740468
WV	54019020101	64115656	1168808	24.755	0.451	38.0190353	-81.0760927
WV	54019020102	64537376	763196	24.918	0.295	38.0792487	-81.146353
WV	54019020201	33428279	171883	12.907	0.066	37.9822602	-81.1056681
WV	54019020202	37053164	40135	14.306	0.015	38.0164009	-81.1504235
WV	54019020300	3737159	1343	1.443	0.001	37.9830872	-81.1560447
WV	54019020400	118666082	1610406	45.817	0.622	37.906679	-81.1326853
WV	54019020500	10866399	8262	4.196	0.003	37.8932592	-81.1617434
WV	54019020600	179671603	230921	69.372	0.089	37.9752331	-81.2753731
WV	54019020700	185428198	2715870	71.594	1.049	38.0968721	-81.2592312
WV	54019020800	108690617	2474641	41.966	0.955	38.1876852	-81.2454706
WV	54019020900	248884436	3085334	96.095	1.191	38.1716942	-81.0715983
WV	54019021000	334347216	1565548	129.092	0.604	38.0204997	-80.9337034
WV	54019021100	324000576	3483880	125.097	1.345	37.9021411	-80.9512063
WV	54021967701	807283223	3386524	311.694	1.308	38.8312226	-80.9650111
WV	54021967800	68676494	693338	26.516	0.268	38.9494039	-80.8455643
WV	54021980000	757903	2250	0.293	0.001	38.9155155	-80.7844458
WV	54023969400	707357991	7420776	273.112	2.865	39.1747477	-79.2133293
WV	54023969500	349202881	16922	134.828	0.007	39.0201377	-79.1888733
WV	54023969600	179826954	108362	69.432	0.042	38.9238553	-79.1331347
WV	54025950101	4295743	72096	1.659	0.028	37.8106808	-80.290133
WV	54025950102	622244515	3650819	240.25	1.41	37.9468237	-80.1831961
WV	54025950200	806695869	2360996	311.467	0.912	38.0813066	-80.5018773
WV	54025950300	230216617	1529484	88.887	0.591	37.992526	-80.7562327
WV	54025950401	301655082	757096	116.47	0.292	37.9275066	-80.4958526
WV	54025950402	98969960	816900	38.213	0.315	37.8608812	-80.4011232
WV	54025950500	256250303	389513	98.939	0.15	37.8219679	-80.6239345
WV	54025950600	42772947	373433	16.515	0.144	37.7995129	-80.4467741
WV	54025950701	107392364	1267335	41.464	0.489	37.7500624	-80.4988388
WV	54025950702	170835857	945626	65.96	0.365	37.7349496	-80.3680802
WV	54027968201	245556823	1890174	94.81	0.73	39.4397468	-78.4611065
WV	54027968202	184111910	1501901	71.086	0.58	39.310638	-78.4815625
WV	54027968301	93226441	120849	35.995	0.047	39.3487036	-78.6271455
WV	54027968302	181588254	2507531	70.112	0.968	39.444917	-78.6276112
WV	54027968401	138144059	1106459	53.338	0.427	39.2690111	-78.8693802
WV	54027968402	130514636	928296	50.392	0.358	39.4176677	-78.7387528
WV	54027968500	264026918	803648	101.941	0.31	39.2054792	-78.7730955
WV	54027968601	119858265	425922	46.278	0.164	39.1885004	-78.6551947
WV	54027968602	301606255	1618147	116.451	0.625	39.2059378	-78.5121346
WV	54029020600	7928471	3318	3.061	0.001	40.4228722	-80.5407235
WV	54029020700	7201889	0	2.781	0.	40.4078221	-80.5512192
WV	54029020900	41706622	5304701	16.103	2.048	40.5810426	-80.6190691
WV	54029021100	65995111	265704	25.481	0.103	40.5048886	-80.5458699
WV	54029021200	42704572	2981956	16.488	1.151	40.5078095	-80.5838433
WV	54029021300	4562907	535620	1.762	0.207	40.4068956	-80.602825
WV	54029021400	10168890	1606755	3.926	0.62	40.4263391	-80.5906552
WV	54029021500	33690501	3179422	13.008	1.228	40.596997	-80.5651927
WV	54031970101	336652923	1084497	129.982	0.419	39.032097	-78.6708478
WV	54031970102	277704999	1121511	107.223	0.433	39.1440231	-78.8891754
WV	54031970201	23292712	149318	8.993	0.058	39.0390255	-78.9346043
WV	54031970202	363635484	585304	140.4	0.226	38.9734115	-78.8269154
WV	54031970300	506904032	2683434	195.717	1.036	38.9368674	-78.9694806
WV	54033030100	2654946	1947	1.025	0.001	39.2783174	-80.3456855
WV	54033030200	4291352	0	1.657	0.	39.2994364	-80.3418936
WV	54033030300	6777503	0	2.617	0.	39.2860201	-80.3197263
WV	54033030400	2692950	0	1.04	0.	39.2716479	-80.3335162
WV	54033030501	18258059	0	7.049	0.	39.2127134	-80.3697815
WV	54033030502	30838005	0	11.907	0.	39.2341639	-80.3328677
WV	54033030601	14059041	1941	5.428	0.001	39.301498	-80.3939773
WV	54033030603	20291947	19760	7.835	0.008	39.2565144	-80.4010582
WV	54033030604	11497830	0	4.439	0.	39.2744738	-80.3927287
WV	54033030700	66500849	41034	25.676	0.016	39.2926561	-80.4424421
WV	54033030801	30078251	6372	11.613	0.002	39.3195502	-80.3071983
WV	54033030802	72482793	151887	27.986	0.059	39.3758474	-80.3696082
WV	54033031000	7498230	0	2.895	0.	39.2590368	-80.3067917
WV	54033031100	60203489	80191	23.245	0.031	39.2436667	-80.2361188
WV	54033031200	116887304	17545	45.13	0.007	39.172477	-80.2741862
WV	54033031300	78381777	125828	30.263	0.049	39.1578011	-80.3760711
WV	54033031400	116622064	250071	45.028	0.097	39.2021855	-80.4921143
WV	54033031500	91650663	231790	35.387	0.089	39.3067138	-80.5093173
WV	54033031600	21732026	77163	8.391	0.03	39.2724936	-80.5728432
WV	54033031700	128588393	23359	49.648	0.009	39.4211189	-80.4707342
WV	54033031800	55838551	36709	21.559	0.014	39.4270385	-80.3313786
WV	54033031900	4450485	0	1.718	0.	39.3926043	-80.2985741
WV	54033032000	77142208	22941	29.785	0.009	39.3598579	-80.2606592
WV	54033032103	7546846	10621	2.914	0.004	39.2964419	-80.2588634
WV	54033032104	30490792	219680	11.773	0.085	39.2970025	-80.2256955
WV	54035963200	380564325	7107955	146.937	2.744	38.9699741	-81.6671527
WV	54035963300	35886491	2191817	13.856	0.846	38.9663866	-81.7430255
WV	54035963400	120900044	7232325	46.68	2.792	38.8938502	-81.8164004
WV	54035963500	103901567	604801	40.117	0.234	38.8109361	-81.7724159
WV	54035963600	74909011	603789	28.923	0.233	38.8212577	-81.6733305
WV	54035963701	183135234	145040	70.709	0.056	38.6765348	-81.6894777
WV	54035963702	303388437	943214	117.139	0.364	38.7326678	-81.5917889
WV	54037972201	41533965	0	16.036	0.	39.4497104	-77.8270338
WV	54037972203	46340118	38636	17.892	0.015	39.3917373	-77.7760116
WV	54037972204	26881385	11875	10.379	0.005	39.3967418	-77.8322891
WV	54037972300	73003732	176086	28.187	0.068	39.3535742	-77.9196007
WV	54037972401	2172043	0	0.839	0.	39.2998141	-77.8597406
WV	54037972402	38904399	2841	15.021	0.001	39.324099	-77.8757748
WV	54037972501	18020475	9953	6.958	0.004	39.2730672	-77.8935922
WV	54037972503	6681132	74902	2.58	0.029	39.2992138	-77.8366763
WV	54037972505	5334518	0	2.06	0.	39.2797456	-77.8590612
WV	54037972506	22040271	444318	8.51	0.172	39.2575056	-77.8403162
WV	54037972601	22001926	1959708	8.495	0.757	39.2933111	-77.7913914
WV	54037972602	32912903	59570	12.708	0.023	39.3389243	-77.787806
WV	54037972701	18793718	1270434	7.256	0.491	39.2817528	-77.7669057
WV	54037972702	44370322	1469321	17.131	0.567	39.195229	-77.8121504
WV	54037972800	143082072	632527	55.244	0.244	39.2351271	-77.9405575
WV	54039000100	1656347	25415	0.64	0.01	38.3742178	-81.6788763
WV	54039000200	14123690	5609	5.453	0.002	38.3917563	-81.6821722
WV	54039000300	15648020	508	6.042	0.	38.3919285	-81.6340393
WV	54039000500	3028246	102472	1.169	0.04	38.3667947	-81.6324277
WV	54039000600	2275710	0	0.879	0.	38.3731373	-81.6512719
WV	54039000700	1106403	132453	0.427	0.051	38.3661322	-81.6600896
WV	54039000800	1023693	184489	0.395	0.071	38.3601619	-81.6480869
WV	54039000900	1468599	175251	0.567	0.068	38.3514903	-81.6352653
WV	54039001100	14276627	391611	5.512	0.151	38.3518062	-81.597018
WV	54039001200	867755	0	0.335	0.	38.3456835	-81.6200424
WV	54039001300	813240	184721	0.314	0.071	38.3403139	-81.6214921
WV	54039001500	3015503	597193	1.164	0.231	38.3278679	-81.5945991
WV	54039001700	2023273	587568	0.781	0.227	38.3078365	-81.5667944
WV	54039001800	26823453	3439	10.357	0.001	38.3135079	-81.602777
WV	54039001901	5411502	406	2.089	0.	38.3341766	-81.6776871
WV	54039001902	11014650	1215	4.253	0.	38.3234713	-81.6511136
WV	54039002000	2871437	84183	1.109	0.033	38.3423176	-81.6464873
WV	54039002100	4663920	292282	1.801	0.113	38.3498368	-81.6639198
WV	54039010100	8014399	860	3.094	0.	38.3757123	-81.7267404
WV	54039010200	967828	57654	0.374	0.022	38.360943	-81.7479696
WV	54039010300	1308636	54329	0.505	0.021	38.3676301	-81.7489844
WV	54039010400	9148660	644257	3.532	0.249	38.3831307	-81.7671022
WV	54039010500	21611668	93197	8.344	0.036	38.4086689	-81.7435273
WV	54039010601	1621951	339938	0.626	0.131	38.4100772	-81.8440796
WV	54039010602	16600809	473409	6.41	0.183	38.4049061	-81.8083453
WV	54039010701	8223354	23302	3.175	0.009	38.4274809	-81.7938401
WV	54039010702	39720477	14374	15.336	0.006	38.4323994	-81.7161625
WV	54039010802	127912068	592415	49.387	0.229	38.5340127	-81.5926321
WV	54039010803	34651071	156734	13.379	0.061	38.4768392	-81.6787384
WV	54039010804	108738623	351891	41.984	0.136	38.5493178	-81.7030244
WV	54039010900	44006861	11481	16.991	0.004	38.4495763	-81.6203428
WV	54039011000	27023975	466016	10.434	0.18	38.405443	-81.5638528
WV	54039011100	161659636	786635	62.417	0.304	38.4773828	-81.4850858
WV	54039011200	189045897	1379486	72.991	0.533	38.4474832	-81.3293222
WV	54039011301	102222131	342282	39.468	0.132	38.3674529	-81.4647979
WV	54039011302	76642178	646395	29.592	0.25	38.4152117	-81.4350295
WV	54039011401	34986931	333994	13.509	0.129	38.3415858	-81.542717
WV	54039011402	98530850	164688	38.043	0.064	38.2832126	-81.4925567
WV	54039011500	4495317	1299053	1.736	0.502	38.2943516	-81.5604776
WV	54039011800	336432867	2727801	129.897	1.053	38.2935321	-81.3445984
WV	54039012100	226086051	2420094	87.292	0.934	38.0601484	-81.4051228
WV	54039012200	182419519	1529391	70.433	0.591	38.1365031	-81.5268339
WV	54039012301	142495870	738320	55.018	0.285	38.2562199	-81.7406471
WV	54039012302	65200309	368912	25.174	0.142	38.2551881	-81.6273698
WV	54039012800	6805381	187812	2.628	0.073	38.3532817	-81.6929711
WV	54039012900	2915199	1432800	1.126	0.553	38.3672772	-81.6958774
WV	54039013001	1486238	306783	0.574	0.118	38.3565574	-81.7213718
WV	54039013002	7571902	0	2.924	0.	38.3353184	-81.7211311
WV	54039013100	10945533	388454	4.226	0.15	38.3328513	-81.7557335
WV	54039013200	46707922	688608	18.034	0.266	38.3281212	-81.7958457
WV	54039013300	4694534	4536	1.813	0.002	38.3681178	-81.8103978
WV	54039013400	1369081	334821	0.529	0.129	38.3789679	-81.7949219
WV	54039013500	1344314	171582	0.519	0.066	38.3839097	-81.8164294
WV	54039013600	12133729	517532	4.685	0.2	38.359871	-81.8284805
WV	54039013701	29787753	252685	11.501	0.098	38.3357764	-81.8978535
WV	54039013702	20350020	486646	7.857	0.188	38.3794097	-81.8710246
WV	54039013800	7436816	496898	2.871	0.192	38.4070608	-81.8673204
WV	54041967200	343125862	1090585	132.482	0.421	39.0628723	-80.5923667
WV	54041967300	152374085	2008938	58.832	0.776	39.0655685	-80.389722
WV	54041967400	27861113	197350	10.757	0.076	39.0484851	-80.4339206
WV	54041967500	13315474	133807	5.141	0.052	39.0553137	-80.4779757
WV	54041967600	465467062	3605854	179.718	1.392	38.9117751	-80.4790755
WV	54043955401	111933527	537180	43.218	0.207	38.2453073	-81.8636138
WV	54043955402	131593946	33097	50.809	0.013	38.2321838	-81.9411021
WV	54043955500	171297283	795559	66.138	0.307	38.2940533	-82.0988612
WV	54043955600	169158382	434250	65.312	0.168	38.1922811	-82.2032852
WV	54043955700	172899518	889353	66.757	0.343	38.032834	-82.1502125
WV	54043955800	375183106	1364125	144.859	0.527	38.1374371	-82.0582959
WV	54045956102	35766747	250463	13.81	0.097	38.0001832	-81.9846402
WV	54045956103	87584559	381356	33.817	0.147	37.915825	-82.0543734
WV	54045956104	111360737	254308	42.997	0.098	37.9627614	-82.1265423
WV	54045956200	64157336	162337	24.771	0.063	37.8385716	-82.0667855
WV	54045956400	186441784	992783	71.986	0.383	37.8168497	-81.8494153
WV	54045956500	110367287	195343	42.613	0.075	37.7705521	-81.7412556
WV	54045956600	236289570	1405279	91.232	0.543	37.7210749	-81.9056952
WV	54045956700	134474129	162294	51.921	0.063	37.7601265	-82.0457501
WV	54045956800	179709674	676609	69.386	0.261	37.9296478	-81.8814391
WV	54045956900	26803035	267550	10.349	0.103	37.8814068	-81.9550672
WV	54047953600	74443665	38892	28.743	0.015	37.4166687	-81.3689591
WV	54047953800	153822271	932952	59.391	0.36	37.4613322	-81.6620425
WV	54047953900	188049807	709258	72.606	0.274	37.4629091	-81.8800966
WV	54047954000	109535098	7578	42.292	0.003	37.3348269	-81.8353638
WV	54047954200	219123079	428219	84.604	0.165	37.2638365	-81.5987418
WV	54047954501	161932494	235096	62.522	0.091	37.3307676	-81.4478193
WV	54047954503	132460283	358894	51.143	0.139	37.4283201	-81.5113353
WV	54047954504	342281869	1020682	132.156	0.394	37.3744257	-81.7078428
WV	54049020100	659636	46877	0.255	0.018	39.4841213	-80.1462241
WV	54049020200	2769321	116214	1.069	0.045	39.4731025	-80.1524575
WV	54049020300	3331091	105111	1.286	0.041	39.4732105	-80.1635059
WV	54049020400	13051204	78462	5.039	0.03	39.4879792	-80.1900185
WV	54049020500	4384645	199566	1.693	0.077	39.4940367	-80.1416788
WV	54049020600	8304208	289152	3.206	0.112	39.5169988	-80.1581276
WV	54049020700	13682383	393550	5.283	0.152	39.5012374	-80.115139
WV	54049020800	3345540	123598	1.292	0.048	39.4730402	-80.1352325
WV	54049020900	20634742	473654	7.967	0.183	39.456893	-80.1295066
WV	54049021001	100196133	488662	38.686	0.189	39.4723852	-80.0403147
WV	54049021002	42007405	601873	16.219	0.232	39.4257326	-80.0992338
WV	54049021100	4302061	206236	1.661	0.08	39.4572617	-80.1700625
WV	54049021201	22807900	547623	8.806	0.211	39.4158095	-80.1652309
WV	54049021202	35812219	638228	13.827	0.246	39.4456943	-80.2244054
WV	54049021300	45049778	264967	17.394	0.102	39.4813549	-80.2646377
WV	54049021400	23199774	251732	8.957	0.097	39.5152187	-80.1977472
WV	54049021500	64972048	1028748	25.086	0.397	39.5788714	-80.143989
WV	54049021601	56592957	156369	21.851	0.06	39.5639684	-80.2363702
WV	54049021602	70223527	540673	27.113	0.209	39.5496578	-80.3084398
WV	54049021700	26384979	140803	10.187	0.054	39.5739818	-80.3523891
WV	54049021800	238037801	387204	91.907	0.15	39.5500782	-80.4131389
WV	54051020200	3249835	1172281	1.255	0.453	39.920035	-80.7487875
WV	54051020500	1816872	1458880	0.701	0.563	40.0131363	-80.7351647
WV	54051020601	8035137	686672	3.102	0.265	39.9886997	-80.7158007
WV	54051020702	2177503	906606	0.841	0.35	39.9469999	-80.7553606
WV	54051020800	412047901	2037697	159.093	0.787	39.8494275	-80.5976061
WV	54051020900	205501199	9958156	79.344	3.845	39.8188545	-80.7563232
WV	54051021001	48452913	9917	18.708	0.004	39.9050976	-80.6622343
WV	54051021002	5402619	0	2.086	0.	39.925402	-80.719443
WV	54051021100	35699390	657933	13.784	0.254	39.9572352	-80.7091473
WV	54051021300	68680103	523363	26.518	0.202	39.9825854	-80.6579968
WV	54053954801	62746752	5291314	24.227	2.043	38.9725535	-82.0465145
WV	54053954802	145273638	6467577	56.09	2.497	38.9109748	-81.9618261
WV	54053954901	228337963	1754733	88.162	0.678	38.7556927	-81.8906957
WV	54053954902	147527051	2536962	56.961	0.98	38.8486474	-82.0486591
WV	54053955000	21929256	3708014	8.467	1.432	38.879282	-82.1207521
WV	54053955101	140633639	8482715	54.299	3.275	38.7566229	-82.1468753
WV	54053955102	369235201	7883062	142.563	3.044	38.6571402	-82.0756047
WV	54055000900	310186725	669329	119.764	0.258	37.51519	-81.1638485
WV	54055001000	112510450	1294861	43.441	0.5	37.4184078	-81.1496932
WV	54055001100	159077106	100017	61.42	0.039	37.4280805	-80.9691271
WV	54055001200	13402694	96474	5.175	0.037	37.3940367	-81.0695128
WV	54055001300	4662695	60716	1.8	0.023	37.3674313	-81.0925331
WV	54055001400	2342070	3470	0.904	0.001	37.3670428	-81.1045267
WV	54055001500	30810873	29658	11.896	0.011	37.3638956	-81.1603876
WV	54055001600	82631752	553387	31.904	0.214	37.3614795	-81.2992018
WV	54055001700	52644265	317991	20.326	0.123	37.3103467	-81.2520635
WV	54055001800	41163315	554398	15.893	0.214	37.3353528	-81.1876429
WV	54055001900	11674874	254190	4.508	0.098	37.2877773	-81.1824076
WV	54055002000	9051020	4374	3.495	0.002	37.2647042	-81.2492876
WV	54055002100	3661578	0	1.414	0.	37.2517622	-81.2350143
WV	54055002200	13599288	55109	5.251	0.021	37.263303	-81.197559
WV	54055002300	61172058	177057	23.619	0.068	37.3269275	-81.1185319
WV	54055002400	176515300	271419	68.153	0.105	37.3431378	-80.9717139
WV	54057010100	12224219	23547	4.72	0.009	39.6164319	-78.7519847
WV	54057010200	106962184	0	41.298	0.	39.5139091	-78.8397148
WV	54057010300	138017908	355317	53.289	0.137	39.4992126	-78.7535066
WV	54057010400	278987570	296186	107.718	0.114	39.3553077	-78.9137713
WV	54057010500	134232011	103993	51.827	0.04	39.3714206	-79.0407338
WV	54057010600	22021998	7817	8.503	0.003	39.4255494	-79.0254904
WV	54057010700	156763825	2679452	60.527	1.035	39.3779647	-79.1186833
WV	54059957100	281450730	6061	108.669	0.002	37.8727897	-82.3212058
WV	54059957200	177018823	85692	68.347	0.033	37.7920422	-82.1895879
WV	54059957300	135644086	0	52.372	0.	37.7206123	-82.2028332
WV	54059957400	23031585	0	8.893	0.	37.6854472	-82.266634
WV	54059957500	125400858	22089	48.418	0.009	37.651996	-82.1173878
WV	54059957600	186194814	161067	71.89	0.062	37.5995997	-82.0588289
WV	54059957700	167185739	1902924	64.551	0.735	37.5976514	-81.8838589
WV	54061010101	255897	0	0.099	0.	39.6324633	-79.9497224
WV	54061010103	471139	0	0.182	0.	39.6430613	-79.9600004
WV	54061010104	1542211	147541	0.595	0.057	39.637467	-79.9496453
WV	54061010202	1066311	0	0.412	0.	39.644858	-79.9505516
WV	54061010203	1394359	3655	0.538	0.001	39.6537073	-79.950142
WV	54061010204	1180135	0	0.456	0.	39.6520118	-79.9582181
WV	54061010400	4249019	452316	1.641	0.175	39.6587464	-79.9804752
WV	54061010601	2503384	3789	0.967	0.001	39.6618112	-79.9503114
WV	54061010602	2194951	444	0.847	0.	39.6528635	-79.9304151
WV	54061010700	2772470	22184	1.07	0.009	39.6347781	-79.9367507
WV	54061010800	17230364	879270	6.653	0.339	39.6556039	-79.9009243
WV	54061010901	1141657	22657	0.441	0.009	39.6246287	-79.9493212
WV	54061010902	7327158	44920	2.829	0.017	39.6139226	-79.9365779
WV	54061011000	9502324	530435	3.669	0.205	39.5990713	-79.9586946
WV	54061011100	9400206	593963	3.629	0.229	39.6156388	-79.976477
WV	54061011200	4808461	161465	1.857	0.062	39.6445036	-79.9951809
WV	54061011300	109343716	1554095	42.218	0.6	39.6072799	-80.078758
WV	54061011400	257071328	415781	99.256	0.161	39.6580487	-80.2771684
WV	54061011500	132532669	1486061	51.171	0.574	39.6874176	-80.0495492
WV	54061011601	2946535	130951	1.138	0.051	39.6779873	-79.958591
WV	54061011602	29996512	1939823	11.582	0.749	39.6935459	-79.9050862
WV	54061011700	68278035	3735448	26.362	1.442	39.6763819	-79.8009204
WV	54061011803	36351213	156842	14.035	0.061	39.5712981	-79.8822757
WV	54061011804	71200954	182494	27.491	0.07	39.5538862	-79.9586165
WV	54061011805	26482692	72555	10.225	0.028	39.6061365	-79.8682701
WV	54061011806	30331402	914540	11.711	0.353	39.6286186	-79.8532177
WV	54061011900	97940986	1528152	37.815	0.59	39.5211451	-79.9885861
WV	54061012000	3117897	11054	1.204	0.004	39.6586416	-79.9666882
WV	54063950100	549016515	1044636	211.976	0.403	37.5867179	-80.4170418
WV	54063950200	454261483	607924	175.391	0.235	37.5777595	-80.6230295
WV	54063950300	221148773	645039	85.386	0.249	37.4489782	-80.7419703
WV	54065970701	112492445	46857	43.434	0.018	39.6288775	-78.1584383
WV	54065970702	42353583	0	16.353	0.	39.6254161	-78.0777376
WV	54065970800	36563529	134524	14.117	0.052	39.6585307	-78.2181998
WV	54065970900	190262182	1124337	73.461	0.434	39.5511971	-78.3788022
WV	54065971001	135628229	14452	52.366	0.006	39.4909377	-78.230635
WV	54065971002	75995539	81401	29.342	0.031	39.5411578	-78.2787249
WV	54067950100	419947610	1442439	162.143	0.557	38.4341962	-80.7631368
WV	54067950201	215201783	4172602	83.09	1.611	38.304869	-80.9334393
WV	54067950202	47250510	3969183	18.244	1.533	38.2846029	-80.8867934
WV	54067950300	206694041	1812500	79.805	0.7	38.2804059	-81.0644312
WV	54067950400	112088841	1282849	43.278	0.495	38.3297295	-80.6715847
WV	54067950500	136538150	1182739	52.718	0.457	38.2732915	-80.5441014
WV	54067950600	318318858	2645392	122.904	1.021	38.2101487	-80.6834192
WV	54067950700	219284548	3072915	84.666	1.186	38.1549643	-80.8176387
WV	54069000200	4388999	1322838	1.695	0.511	40.1164883	-80.6974429
WV	54069000300	3960614	22151	1.529	0.009	40.0895542	-80.7075208
WV	54069000400	1808956	936797	0.698	0.362	40.0873067	-80.719766
WV	54069000500	662601	498906	0.256	0.193	40.0770747	-80.7330212
WV	54069000600	830665	462056	0.321	0.178	40.0635054	-80.7323414
WV	54069000700	1345981	43013	0.52	0.017	40.0738703	-80.7168595
WV	54069001300	4144995	0	1.6	0.	40.0427663	-80.7129383
WV	54069001400	3597723	91827	1.389	0.035	40.0676196	-80.6961132
WV	54069001500	5952292	22458	2.298	0.009	40.0853518	-80.6842947
WV	54069001600	3962962	3235	1.53	0.001	40.0686833	-80.6704923
WV	54069001700	3298457	29389	1.274	0.011	40.058238	-80.6649155
WV	54069001800	10105200	141879	3.902	0.055	40.0424649	-80.6518557
WV	54069001901	9015448	2841	3.481	0.001	40.0443768	-80.6880968
WV	54069002000	62810479	3223394	24.251	1.245	40.1354613	-80.6544821
WV	54069002100	88842260	120531	34.302	0.047	40.1243059	-80.57897
WV	54069002200	66472437	252725	25.665	0.098	40.0491792	-80.5723703
WV	54069002600	1786626	932929	0.69	0.36	40.0485109	-80.7265546
WV	54069002700	1112281	167325	0.429	0.065	40.0633775	-80.7225169
WV	54071970400	600127240	1666864	231.71	0.644	38.7810857	-79.4757981
WV	54071970500	625103862	1804861	241.354	0.697	38.6744501	-79.3406175
WV	54071970600	577529200	1956668	222.985	0.755	38.5483078	-79.2269667
WV	54073962100	199336836	3768246	76.964	1.455	39.3945458	-81.0788381
WV	54073962200	137670738	7699777	53.155	2.973	39.3493719	-81.2524253
WV	54075960101	307007043	85464	118.536	0.033	38.447151	-79.7491914
WV	54075960102	532095880	179954	205.443	0.069	38.5458767	-79.8273198
WV	54075960201	493212644	1219842	190.43	0.471	38.3755933	-80.0799697
WV	54075960202	461139876	507844	178.047	0.196	38.1974519	-79.9749529
WV	54075960300	641751299	2100988	247.782	0.811	38.1889625	-80.2060484
WV	54077963801	82021617	56470	31.669	0.022	39.6913926	-79.5489019
WV	54077963802	255562368	1091093	98.673	0.421	39.6290016	-79.6733484
WV	54077963900	122886918	795422	47.447	0.307	39.5374013	-79.7493627
WV	54077964000	46803857	201233	18.071	0.078	39.4781023	-79.7055321
WV	54077964101	172998906	166714	66.795	0.064	39.5967132	-79.5279694
WV	54077964102	16842132	117557	6.503	0.045	39.4475278	-79.5235674
WV	54077964103	107764066	362499	41.608	0.14	39.4996858	-79.566249
WV	54077964200	384685089	2027965	148.528	0.783	39.3767242	-79.5791488
WV	54077964300	103184684	768730	39.84	0.297	39.466281	-79.7800363
WV	54077964400	166732595	303190	64.376	0.117	39.4049738	-79.8083325
WV	54077964500	220938069	777286	85.305	0.3	39.3127908	-79.7631241
WV	54079020100	217372940	1595075	83.928	0.616	38.6038692	-81.8044768
WV	54079020200	131608278	2467996	50.814	0.953	38.5988403	-81.9262317
WV	54079020300	180825328	2786479	69.817	1.076	38.5242592	-82.0018557
WV	54079020400	67458680	2530522	26.046	0.977	38.4879111	-81.8792363
WV	54079020500	59496881	1981139	22.972	0.765	38.4862619	-81.7847857
WV	54079020601	10694138	170073	4.129	0.066	38.4469788	-81.8945236
WV	54079020604	2682531	56463	1.036	0.022	38.4428698	-81.962983
WV	54079020606	4830324	16091	1.865	0.006	38.4456754	-81.992283
WV	54079020607	3292503	57857	1.271	0.022	38.45435	-81.9500125
WV	54079020608	4630493	14358	1.788	0.006	38.4264711	-82.029053
WV	54079020609	52146620	293983	20.134	0.114	38.4118455	-81.916823
WV	54079020700	160266011	254494	61.879	0.098	38.3811455	-81.9720724
WV	54081000200	3791945	7499	1.464	0.003	37.7686062	-81.1827763
WV	54081000300	20523215	280204	7.924	0.108	37.7800651	-81.1492927
WV	54081000400	2933347	1310	1.133	0.001	37.7866509	-81.173387
WV	54081000500	8982561	19259	3.468	0.007	37.8078589	-81.1959606
WV	54081000600	6545777	8385	2.527	0.003	37.7809558	-81.2078386
WV	54081000700	12869811	74046	4.969	0.029	37.7592198	-81.2024632
WV	54081000802	276466874	4521594	106.744	1.746	37.7399976	-81.0355973
WV	54081000803	31074627	313730	11.998	0.121	37.7231018	-81.0804143
WV	54081000804	46750848	209393	18.051	0.081	37.7220649	-81.1300972
WV	54081000900	329369872	1275955	127.17	0.493	37.6260109	-81.2164585
WV	54081001001	27884146	59594	10.766	0.023	37.7540705	-81.2515014
WV	54081001002	30210263	133941	11.664	0.052	37.711407	-81.2414772
WV	54081001100	185386723	835364	71.578	0.323	37.7543093	-81.3543077
WV	54081001200	418063611	1387971	161.415	0.536	37.8794427	-81.4542471
WV	54081001300	66703559	651405	25.754	0.252	37.8228917	-81.266199
WV	54081001400	43521625	57893	16.804	0.022	37.8530605	-81.2150178
WV	54081001500	56831300	491292	21.943	0.19	37.8377962	-81.1442479
WV	54083965900	593019575	34445	228.966	0.013	38.7885314	-80.0788759
WV	54083966000	49355405	0	19.056	0.	38.941427	-79.8884441
WV	54083966100	3734398	0	1.442	0.	38.9296131	-79.852674
WV	54083966200	94096718	0	36.331	0.	38.9688041	-79.8104421
WV	54083966300	900031849	577658	347.504	0.223	38.8725157	-79.6440809
WV	54083966400	113217136	43257	43.713	0.017	38.841016	-79.8477168
WV	54083966500	939355769	11999	362.687	0.005	38.624994	-79.9675131
WV	54085962300	324562656	1111706	125.314	0.429	39.2593293	-80.978948
WV	54085962400	638096830	2557470	246.371	0.987	39.1369155	-81.1543498
WV	54085962500	207989364	755436	80.305	0.292	39.1636744	-80.9749338
WV	54087962800	291191096	18502	112.43	0.007	38.8628878	-81.347939
WV	54087962901	306811711	0	118.461	0.	38.6380864	-81.4380582
WV	54087962902	194262032	172535	75.005	0.067	38.7692306	-81.4272364
WV	54087963000	36051561	43852	13.92	0.017	38.7882559	-81.3802384
WV	54087963100	424105975	169793	163.748	0.066	38.6477559	-81.2265068
WV	54089000500	242851572	2078611	93.766	0.803	37.783343	-80.813413
WV	54089000600	365284593	10415814	141.037	4.022	37.6231972	-80.783606
WV	54089000700	1982517	1324245	0.765	0.511	37.6536772	-80.8872257
WV	54089000800	323800277	4662893	125.02	1.8	37.5815973	-80.9648403
WV	54091964600	117143587	560946	45.229	0.217	39.3875284	-79.9801184
WV	54091964700	109066169	494005	42.111	0.191	39.3574654	-80.1384367
WV	54091964800	133077057	3444889	51.381	1.33	39.2786968	-80.0889262
WV	54091964900	88188240	3032995	34.05	1.171	39.328046	-79.9491757
WV	54093965200	375938256	2426150	145.151	0.937	39.1820047	-79.6415829
WV	54093965300	531464831	704578	205.2	0.272	39.0571354	-79.5052641
WV	54093965400	177916957	2173058	68.694	0.839	39.0892045	-79.7315958
WV	54095961800	53332331	3583670	20.592	1.384	39.5604532	-80.9450731
WV	54095961900	257167662	6259269	99.293	2.417	39.514246	-80.9202709
WV	54095962000	353318567	1539221	136.417	0.594	39.4137071	-80.8612898
WV	54097966600	200294953	250776	77.334	0.097	39.0175892	-80.2484212
WV	54097966700	2742703	0	1.059	0.	38.9904671	-80.2271019
WV	54097966800	25158411	19587	9.714	0.008	38.9804038	-80.2010126
WV	54097966900	17644070	0	6.812	0.	38.9567066	-80.2480459
WV	54097967000	351603573	0	135.755	0.	38.8165142	-80.3019582
WV	54097967100	321063194	32340	123.963	0.012	38.8933043	-80.1442697
WV	54099005100	1426056	1032049	0.551	0.398	38.4017436	-82.524199
WV	54099005200	2197347	42578	0.848	0.016	38.3981593	-82.5178648
WV	54099020100	16365957	32272	6.319	0.012	38.3880044	-82.5303051
WV	54099020300	7472108	2870192	2.885	1.108	38.398654	-82.573805
WV	54099020400	63834722	671266	24.647	0.259	38.357961	-82.5217505
WV	54099020500	189131152	2861456	73.024	1.105	38.2637665	-82.3803432
WV	54099020600	78347159	0	30.25	0.	38.2731021	-82.477753
WV	54099020700	176001891	2237900	67.955	0.864	38.2138949	-82.5496341
WV	54099020800	165400207	942127	63.861	0.364	38.0963815	-82.5002173
WV	54099020900	280934753	4466562	108.47	1.725	38.1263349	-82.3500442
WV	54099021000	329436537	660545	127.196	0.255	37.9597214	-82.3580059
WV	54101970101	327768843	1260451	126.552	0.487	38.4921263	-80.5344175
WV	54101970102	420676844	1371888	162.424	0.53	38.616854	-80.3868135
WV	54101970200	289445092	1808446	111.755	0.698	38.5064641	-80.2961161
WV	54101970300	395588709	2705758	152.738	1.045	38.3200885	-80.4132187
WV	54103004900	19799432	2555956	7.645	0.987	39.6683971	-80.8402509
WV	54103030400	348242569	724911	134.457	0.28	39.6700994	-80.6126259
WV	54103030500	464080064	1363702	179.182	0.527	39.5516856	-80.6269127
WV	54103030700	54597060	3655824	21.08	1.412	39.6006631	-80.8606348
WV	54103030800	40669994	149486	15.703	0.058	39.6448138	-80.8041754
WV	54105030101	363340366	3000986	140.287	1.159	39.0013168	-81.4200134
WV	54105030102	238860710	2838723	92.225	1.096	39.0573855	-81.310564
WV	54107000100	4503050	5879	1.739	0.002	39.2922569	-81.5226075
WV	54107000300	1402684	2247	0.542	0.001	39.2808303	-81.5348316
WV	54107000400	2181783	1249	0.842	0.	39.2772975	-81.5203318
WV	54107000500	2046223	0	0.79	0.	39.2735885	-81.5426714
WV	54107000701	2118392	91457	0.818	0.035	39.2639482	-81.5457187
WV	54107000702	1328688	12635	0.513	0.005	39.2680318	-81.5263259
WV	54107000801	1711734	56595	0.661	0.022	39.2464522	-81.53925
WV	54107000802	6702533	359292	2.588	0.139	39.2325921	-81.5279709
WV	54107000901	2410912	107359	0.931	0.041	39.2504411	-81.5522924
WV	54107000902	2987341	46657	1.153	0.018	39.2522472	-81.5720511
WV	54107000903	5190417	8779	2.004	0.003	39.23288	-81.5547176
WV	54107010101	29901249	2605039	11.545	1.006	39.3556504	-81.4782794
WV	54107010102	17796127	29002	6.871	0.011	39.3158312	-81.4975389
WV	54107010200	5933548	1960866	2.291	0.757	39.3972862	-81.4540543
WV	54107010300	3700157	0	1.429	0.	39.3352816	-81.5333094
WV	54107010400	2997329	1356478	1.157	0.524	39.3377518	-81.5485058
WV	54107010501	2459901	711603	0.95	0.275	39.3088394	-81.5548338
WV	54107010502	5946593	3246	2.296	0.001	39.3110835	-81.5357022
WV	54107010601	62005272	3211666	23.94	1.24	39.3418915	-81.4300695
WV	54107010602	132997941	45275	51.351	0.017	39.2751747	-81.3821505
WV	54107010703	83735471	863156	32.33	0.333	39.142126	-81.5119052
WV	54107010704	83133830	77362	32.098	0.03	39.1748957	-81.5749302
WV	54107010705	140544697	821278	54.265	0.317	39.1944787	-81.3786083
WV	54107010706	39957185	704367	15.428	0.272	39.2264637	-81.4833948
WV	54107010800	230168282	6040055	88.868	2.332	39.1167691	-81.634943
WV	54107010901	54362280	3215780	20.989	1.242	39.2212902	-81.6641038
WV	54107010902	16430060	3025620	6.344	1.168	39.2615998	-81.6182852
WV	54107011000	4576099	1227825	1.767	0.474	39.2818984	-81.5567142
WV	54109002800	218010590	289818	84.174	0.112	37.701312	-81.4630182
WV	54109002901	198560583	401188	76.665	0.155	37.7069701	-81.6947296
WV	54109002902	92401622	433450	35.676	0.167	37.6533324	-81.6209896
WV	54109003000	157149277	2495096	60.676	0.963	37.5784063	-81.7573277
WV	54109003100	319936596	1318724	123.528	0.509	37.5517187	-81.5793264
WV	54109003200	307562287	1145002	118.75	0.442	37.5398572	-81.3606925
