USPS	GEOID	ALAND	AWATER	ALAND_SQMI	AWATER_SQMI	INTPTLAT	INTPTLONG
WI	55001950100	233951801	17547549	90.329	6.775	44.2022742	-89.7468898
WI	55001950201	109489823	7642078	42.274	2.951	44.0031471	-89.8876764
WI	55001950203	114351980	1368834	44.152	0.529	44.1209611	-89.7278541
WI	55001950204	353539615	49159328	136.502	18.981	44.0462804	-89.6886609
WI	55001950400	236243014	1195071	91.214	0.461	43.9407474	-89.7376994
WI	55001950501	114019362	19754029	44.023	7.627	43.8817191	-89.896239
WI	55001950502	249556171	3145970	96.354	1.215	43.8227785	-89.7494816
WI	55001950700	261064457	8536124	100.798	3.296	43.7124887	-89.6814892
WI	55003940000	567097187	20990356	218.957	8.104	46.5031467	-90.6881142
WI	55003950300	5613671	63299	2.167	0.024	46.5743757	-90.8729761
WI	55003950400	8534364	198305	3.295	0.077	46.5704906	-90.9075476
WI	55003950500	335435241	2301643	129.512	0.889	46.3975034	-90.831493
WI	55003950600	519304885	10419297	200.505	4.023	46.2511536	-90.7254906
WI	55003950700	1047215553	7834735	404.332	3.025	46.1037085	-90.5854567
WI	55003950800	223257886	1075374210	86.2	415.204	46.9406451	-90.5708301
WI	55003990000	0	2113546457	0.	816.045	47.1291288	-90.1846558
WI	55005000100	337532430	22892792	130.322	8.839	45.5918684	-91.7745374
WI	55005000200	182548125	13476695	70.482	5.203	45.5648875	-92.092646
WI	55005000300	254660509	8467853	98.325	3.269	45.4465419	-92.026963
WI	55005000400	216718324	834892	83.675	0.322	45.4736573	-91.8374686
WI	55005000500	20600569	0	7.954	0.	45.4907199	-91.7556532
WI	55005000601	7933306	1178828	3.063	0.455	45.4769517	-91.7260919
WI	55005000602	10474783	3519018	4.044	1.359	45.512003	-91.7183723
WI	55005000800	272420033	1406714	105.182	0.543	45.4618566	-91.6341712
WI	55005000900	563127170	1419103	217.425	0.548	45.3033871	-91.9586324
WI	55005001001	201721407	1632853	77.885	0.63	45.2678407	-91.7134616
WI	55005001003	11035549	4913688	4.261	1.897	45.3347461	-91.6567531
WI	55005001004	156525425	9435837	60.435	3.643	45.3247992	-91.6117537
WI	55007960100	456055001	263255563	176.084	101.644	46.8919992	-90.922325
WI	55007960200	837976725	20727927	323.545	8.003	46.7034389	-91.3169102
WI	55007960300	347196228	58382008	134.053	22.541	46.6768417	-91.0002896
WI	55007960401	478689083	20123531	184.823	7.77	46.4518941	-91.4168155
WI	55007960402	829769968	7730256	320.376	2.985	46.4595592	-91.1023577
WI	55007960600	878007373	52902877	339.001	20.426	46.2541897	-91.2420186
WI	55007990000	0	1037161438	0.	400.45	46.967866	-91.1950102
WI	55009000100	7277462	4547718	2.81	1.756	44.5487323	-88.0229546
WI	55009000200	3069089	0	1.185	0.	44.5344024	-88.0389675
WI	55009000302	2800416	0	1.081	0.	44.519641	-88.0738251
WI	55009000303	1880377	0	0.726	0.	44.536082	-88.0640524
WI	55009000401	2431787	0	0.939	0.	44.5269473	-88.0511528
WI	55009000402	1804300	0	0.697	0.	44.5143221	-88.0628756
WI	55009000500	1166418	0	0.45	0.	44.519987	-88.0334066
WI	55009000600	2155723	0	0.832	0.	44.5078996	-88.0536607
WI	55009000700	2774662	0	1.071	0.	44.5074662	-88.0410393
WI	55009000800	2861327	598876	1.105	0.231	44.5016677	-88.0306261
WI	55009000900	3109814	160355	1.201	0.062	44.5223675	-87.9955853
WI	55009001000	1485944	372038	0.574	0.144	44.511308	-88.0138036
WI	55009001100	1033462	48633	0.399	0.019	44.511726	-87.9934333
WI	55009001200	725064	23345	0.28	0.009	44.5097968	-88.0016513
WI	55009001300	1378565	0	0.532	0.	44.5019738	-88.011188
WI	55009001400	2162482	117771	0.835	0.045	44.4973943	-87.9994156
WI	55009001600	3538241	8847	1.366	0.003	44.4885958	-87.9835008
WI	55009001701	1839377	0	0.71	0.	44.5173062	-87.9721269
WI	55009001702	2847071	0	1.099	0.	44.5105553	-87.9582447
WI	55009001801	11713129	34950	4.522	0.013	44.5146596	-87.9165411
WI	55009001802	20140123	20678230	7.776	7.984	44.5256892	-87.973241
WI	55009002001	6976236	13298	2.694	0.005	44.4981471	-87.9606188
WI	55009002002	3632749	0	1.403	0.	44.4804467	-87.9564684
WI	55009002003	13565397	16425	5.238	0.006	44.4861617	-87.9132809
WI	55009010100	4789500	496893	1.849	0.192	44.4500418	-88.0437738
WI	55009010201	3937380	1275810	1.52	0.493	44.4471874	-88.0721228
WI	55009010202	6542444	12251	2.526	0.005	44.4333621	-88.0929386
WI	55009010300	19256092	604753	7.435	0.233	44.4118555	-88.0353522
WI	55009020100	165104649	105013505	63.747	40.546	44.5931471	-87.8431334
WI	55009020203	50269949	66823212	19.409	25.801	44.5953107	-87.9833358
WI	55009020204	43845708	31170	16.929	0.012	44.6339478	-88.1022815
WI	55009020502	21326636	11872034	8.234	4.584	44.5760497	-88.0375996
WI	55009020504	17566625	0	6.783	0.	44.5748537	-88.1329373
WI	55009020505	5909027	0	2.281	0.	44.5634917	-88.0893392
WI	55009020506	3137804	0	1.212	0.	44.5856544	-88.092688
WI	55009020600	156007429	1108253	60.235	0.428	44.3997642	-87.8249087
WI	55009020702	118250523	58116	45.657	0.022	44.3902509	-87.9427793
WI	55009020703	17842896	0	6.889	0.	44.4583679	-87.9211457
WI	55009020704	19268869	135756	7.44	0.052	44.4596719	-87.9845833
WI	55009020800	2609178	502601	1.007	0.194	44.4893908	-88.016919
WI	55009020900	2001983	314524	0.773	0.121	44.4780117	-88.0217881
WI	55009021000	2935393	657811	1.133	0.254	44.4680478	-88.0375381
WI	55009021200	4061229	183467	1.568	0.071	44.460305	-88.0236334
WI	55009021301	2592870	0	1.001	0.	44.4996274	-88.0724274
WI	55009021302	7250344	0	2.799	0.	44.4951823	-88.101636
WI	55009021303	8847646	1163054	3.416	0.449	44.4796	-88.0623777
WI	55009021304	4267366	0	1.648	0.	44.4739297	-88.0902063
WI	55009021400	149014194	2553649	57.535	0.986	44.3450779	-88.0742549
WI	55009021500	187202834	349047	72.279	0.135	44.2771492	-88.020025
WI	55009021600	88880948	63119	34.317	0.024	44.6338065	-88.1850578
WI	55009940002	11531694	0	4.452	0.	44.515753	-88.1259731
WI	55009940003	4091739	0	1.58	0.	44.5227562	-88.1040042
WI	55009940004	3778031	0	1.459	0.	44.5221596	-88.0897633
WI	55009940005	36598291	246228	14.131	0.095	44.5428955	-88.1625608
WI	55009940006	64004969	361708	24.712	0.14	44.4364764	-88.1593193
WI	55009940007	11793749	1363305	4.554	0.526	44.4067841	-88.1169711
WI	55009940008	25827563	0	9.972	0.	44.4509278	-88.1277079
WI	55009980000	216605	0	0.084	0.	44.4704578	-88.0365944
WI	55011960100	599725249	2386277	231.555	0.921	44.4799978	-91.688596
WI	55011960200	29569133	343713	11.417	0.133	44.5750896	-91.6574074
WI	55011960300	335277891	42234825	129.452	16.307	44.4660999	-91.9663739
WI	55011960400	332569330	16236492	128.406	6.269	44.3474767	-91.8024008
WI	55011960500	453149153	26348267	174.962	10.173	44.2067805	-91.6405082
WI	55013970400	633025372	61317447	244.412	23.675	46.0094679	-92.1988328
WI	55013970600	393581086	22899082	151.963	8.841	45.7909042	-92.1447634
WI	55013970700	279301854	28103929	107.839	10.851	45.8803599	-92.3950567
WI	55013970800	208146589	11620797	80.366	4.487	45.8029895	-92.4559393
WI	55013970900	294806393	12871764	113.825	4.97	45.8325158	-92.6277958
WI	55013971000	319063283	15033334	123.191	5.804	45.6977879	-92.6777312
WI	55015020100	92699140	393822	35.791	0.152	44.2043354	-88.0991233
WI	55015020200	251211986	2149945	96.993	0.83	44.1023958	-88.1283976
WI	55015020303	2018483	0	0.779	0.	44.2385821	-88.3934772
WI	55015020304	1884686	0	0.728	0.	44.2396229	-88.3723045
WI	55015020306	74644674	58976949	28.82	22.771	44.1906286	-88.3236295
WI	55015020308	13279301	8859696	5.127	3.421	44.2059841	-88.3654609
WI	55015020400	190440887	132821892	73.53	51.283	44.0183611	-88.3040057
WI	55015020500	96808206	502158	37.378	0.194	44.0645413	-88.1938527
WI	55015020600	89179670	374598	34.432	0.145	43.9279672	-88.0925262
WI	55015020700	3900457	8495	1.506	0.003	44.2323558	-88.3352107
WI	55015020800	8196079	74004	3.165	0.029	44.2309079	-88.3694316
WI	55017010100	15328138	970538	5.918	0.375	44.8693447	-91.4701864
WI	55017010200	34919756	763008	13.483	0.295	44.8961046	-91.4164111
WI	55017010300	5316151	330812	2.053	0.128	44.9342195	-91.4103546
WI	55017010400	275144110	1885282	106.234	0.728	44.9287091	-91.528902
WI	55017010500	19284577	7881956	7.446	3.043	44.948054	-91.364368
WI	55017010700	90521847	12880334	34.951	4.973	44.9059634	-91.3171813
WI	55017010800	334898525	1123247	129.305	0.434	44.9094902	-91.0955909
WI	55017010900	514490793	8119938	198.646	3.135	45.1286698	-91.0197769
WI	55017011001	266723515	6291318	102.983	2.429	45.1112756	-91.1804553
WI	55017011002	253362651	12050996	97.824	4.653	45.0690918	-91.2835054
WI	55017011100	508305646	32025346	196.258	12.365	45.2138082	-91.4186083
WI	55017011200	293332790	910528	113.256	0.352	45.0672272	-91.519486
WI	55019950100	105161814	384034	40.603	0.148	44.9773747	-90.3669679
WI	55019950200	313350202	3393460	120.985	1.31	44.9521808	-90.5205515
WI	55019950300	291969165	1100414	112.73	0.425	44.9685343	-90.7894194
WI	55019950400	564233018	5519076	217.852	2.131	44.8087893	-90.7306337
WI	55019950500	411510104	886442	158.885	0.342	44.7920881	-90.4318739
WI	55019950600	548508420	2375996	211.78	0.917	44.5621159	-90.426866
WI	55019950700	104152998	1410731	40.214	0.545	44.6211439	-90.6045574
WI	55019950800	794216668	8168460	306.649	3.154	44.5759654	-90.748108
WI	55021970100	368581940	2575580	142.31	0.994	43.553841	-89.1236401
WI	55021970200	187499159	6773891	72.394	2.615	43.5518849	-89.2988825
WI	55021970300	186558378	8142870	72.031	3.144	43.597823	-89.6245333
WI	55021970401	24246353	1036890	9.362	0.4	43.5707623	-89.5141163
WI	55021970402	13848765	3450098	5.347	1.332	43.512365	-89.4438455
WI	55021970500	14595270	183342	5.635	0.071	43.5625855	-89.4521506
WI	55021970600	269573145	23188293	104.083	8.953	43.5092648	-89.4634571
WI	55021970700	104179002	6339072	40.224	2.448	43.419157	-89.4480801
WI	55021970800	122938352	5505382	47.467	2.126	43.3202073	-89.592979
WI	55021970900	129697979	13347582	50.077	5.154	43.3412317	-89.4594892
WI	55021971000	278674753	5857166	107.597	2.261	43.3910354	-89.2539882
WI	55021971100	240733473	2034915	92.948	0.786	43.3589633	-89.1227525
WI	55021971200	41767645	261916	16.127	0.101	43.3213437	-89.0420579
WI	55023960100	356392070	190348	137.604	0.073	43.3432584	-90.8053391
WI	55023960200	352625391	43846769	136.149	16.929	43.3376637	-91.015338
WI	55023960300	524013058	7907627	202.323	3.053	43.1802792	-90.8812844
WI	55023960400	221358625	13964560	85.467	5.392	43.0697275	-91.0420373
WI	55023960500	2323649	75930	0.897	0.029	43.0546025	-91.145863
WI	55023960600	21664710	7584027	8.365	2.928	43.0331937	-91.1323552
WI	55025000100	2065248	0	0.797	0.	43.0829411	-89.4754524
WI	55025000201	1836348	3089	0.709	0.001	43.0673531	-89.4762966
WI	55025000202	2426567	0	0.937	0.	43.0683816	-89.493438
WI	55025000204	2637213	0	1.018	0.	43.0678781	-89.5124362
WI	55025000205	4085539	26558	1.577	0.01	43.0802713	-89.499693
WI	55025000301	928377	0	0.358	0.	43.072037	-89.4595332
WI	55025000302	1430511	0	0.552	0.	43.0648171	-89.4607267
WI	55025000401	1816061	0	0.701	0.	43.0547071	-89.448349
WI	55025000402	2804265	74173	1.083	0.029	43.051366	-89.4654159
WI	55025000406	3205183	0	1.238	0.	43.0439815	-89.5247929
WI	55025000407	2750038	13351	1.062	0.005	43.0401727	-89.4893192
WI	55025000408	3908990	25103	1.509	0.01	43.0578771	-89.4854465
WI	55025000409	2867087	44987	1.107	0.017	43.0400888	-89.5116794
WI	55025000410	1453114	600	0.561	0.	43.054322	-89.5066088
WI	55025000501	3351203	4385	1.294	0.002	43.0333511	-89.4709218
WI	55025000504	4968963	0	1.919	0.	43.0237699	-89.5156545
WI	55025000505	1699506	0	0.656	0.	43.0226291	-89.4922166
WI	55025000506	1679640	0	0.649	0.	43.0227713	-89.4798422
WI	55025000600	3147405	124317	1.215	0.048	43.0273239	-89.4573862
WI	55025000700	2322579	0	0.897	0.	43.0426004	-89.4451245
WI	55025000800	1915362	0	0.74	0.	43.0680165	-89.4438321
WI	55025000901	647728	0	0.25	0.	43.0651598	-89.4228029
WI	55025000902	1348774	0	0.521	0.	43.0702062	-89.4259672
WI	55025001000	1567721	0	0.605	0.	43.0587299	-89.4305173
WI	55025001101	668728	0	0.258	0.	43.0705626	-89.4073908
WI	55025001102	1069612	3186	0.413	0.001	43.075823	-89.4094026
WI	55025001200	1817511	44071	0.702	0.017	43.0625975	-89.4056146
WI	55025001300	1480602	0	0.572	0.	43.0541472	-89.3915434
WI	55025001401	4124042	52550	1.592	0.02	43.0429997	-89.386101
WI	55025001402	8161841	1520166	3.151	0.587	43.0404689	-89.4259789
WI	55025001404	3024233	21069	1.168	0.008	43.020926	-89.435541
WI	55025001405	8084602	50632	3.121	0.02	43.0202317	-89.4011494
WI	55025001501	1088841	8854	0.42	0.003	43.0483414	-89.3528893
WI	55025001502	9567678	1229971	3.694	0.475	43.0355094	-89.3447908
WI	55025001603	175758	0	0.068	0.	43.0734025	-89.3954294
WI	55025001604	274805	0	0.106	0.	43.076625	-89.3922265
WI	55025001605	353502	0	0.136	0.	43.06758	-89.3896342
WI	55025001606	421670	0	0.163	0.	43.0701392	-89.3956339
WI	55025001704	422109	0	0.163	0.	43.0729164	-89.3860992
WI	55025001706	513259	0	0.198	0.	43.0757022	-89.3821026
WI	55025001707	182563	0	0.07	0.	43.0790392	-89.382357
WI	55025001802	713893	49227	0.276	0.019	43.087504	-89.3747347
WI	55025001804	839072	7861	0.324	0.003	43.097724	-89.3658065
WI	55025001901	1420045	19522	0.548	0.008	43.0829576	-89.3656434
WI	55025001902	694532	0	0.268	0.	43.0912375	-89.3545551
WI	55025002000	2607926	33441	1.007	0.013	43.0975675	-89.338827
WI	55025002100	3123882	308	1.206	0.	43.1044276	-89.354838
WI	55025002200	1882902	0	0.727	0.	43.1211036	-89.3623704
WI	55025002301	2318756	134823	0.895	0.052	43.1316144	-89.3793035
WI	55025002302	3254428	0	1.257	0.	43.1376482	-89.4003515
WI	55025002401	1841165	0	0.711	0.	43.1443253	-89.3776283
WI	55025002402	2244974	0	0.867	0.	43.1375902	-89.3632519
WI	55025002500	11124504	1451	4.295	0.001	43.1384104	-89.3363477
WI	55025002601	1542480	6933	0.596	0.003	43.1119478	-89.3222936
WI	55025002602	6018954	0	2.324	0.	43.1382579	-89.3135516
WI	55025002603	6343925	0	2.449	0.	43.1176516	-89.3013136
WI	55025002700	3149988	25383	1.216	0.01	43.0940953	-89.3213285
WI	55025002800	1797931	0	0.694	0.	43.0768396	-89.318074
WI	55025002900	3359021	2963	1.297	0.001	43.058914	-89.3180168
WI	55025003001	3770683	0	1.456	0.	43.0916621	-89.2997057
WI	55025003002	1906704	0	0.736	0.	43.1022447	-89.3026265
WI	55025003100	10198820	98106	3.938	0.038	43.0677589	-89.3011177
WI	55025003200	2365237	57729	0.913	0.022	43.0812626	-89.4325544
WI	55025010100	1923076	0	0.743	0.	43.0790663	-89.4487635
WI	55025010200	1810371	3967	0.699	0.002	43.1173985	-89.3710499
WI	55025010300	2246387	16710	0.867	0.006	43.0676192	-89.3365917
WI	55025010400	2094427	49628	0.809	0.019	43.055886	-89.3343991
WI	55025010501	8946663	14465	3.454	0.006	43.0337201	-89.2905411
WI	55025010503	15238375	133446	5.884	0.052	42.9971276	-89.2754814
WI	55025010504	2915726	0	1.126	0.	43.0172547	-89.2970964
WI	55025010600	69343097	18315733	26.774	7.072	42.9785687	-89.3201702
WI	55025010701	10218118	24016	3.945	0.009	42.9943598	-89.4436069
WI	55025010702	60641348	269201	23.414	0.104	42.9758435	-89.4597727
WI	55025010801	6678345	2744	2.579	0.001	43.0050773	-89.519673
WI	55025010802	10289490	7227	3.973	0.003	43.0007192	-89.5520202
WI	55025010903	9734493	44138	3.759	0.017	43.0303338	-89.5503991
WI	55025010905	9519738	18724	3.676	0.007	43.0580234	-89.5341228
WI	55025010906	7095163	0	2.739	0.	43.0714593	-89.5551117
WI	55025010907	48365264	77629	18.674	0.03	43.0200745	-89.5831051
WI	55025010908	66524838	427049	25.685	0.165	43.1378264	-89.5569427
WI	55025011000	2736912	199595	1.057	0.077	43.0919938	-89.4977179
WI	55025011101	3078151	12673	1.188	0.005	43.1017645	-89.4991993
WI	55025011103	11161942	116024	4.31	0.045	43.1222782	-89.4530735
WI	55025011104	9039984	90969	3.49	0.035	43.1302423	-89.4970199
WI	55025011201	41546413	2022615	16.041	0.781	43.1771279	-89.374544
WI	55025011202	61504103	358740	23.747	0.139	43.1701679	-89.4891206
WI	55025011301	20703905	0	7.994	0.	43.2017449	-89.4538554
WI	55025011302	6701664	3710	2.588	0.001	43.186349	-89.4352534
WI	55025011403	3229355	0	1.247	0.	43.094737	-89.2570723
WI	55025011404	16689229	91630	6.444	0.035	43.1782947	-89.2955032
WI	55025011405	25592608	97942	9.881	0.038	43.1390147	-89.2698201
WI	55025011406	3250503	0	1.255	0.	43.0944273	-89.2762178
WI	55025011407	15520182	56815	5.992	0.022	43.0579078	-89.263305
WI	55025011504	5125533	0	1.979	0.	43.1834893	-89.2521117
WI	55025011505	2557735	0	0.988	0.	43.1865431	-89.2253508
WI	55025011506	6255277	0	2.415	0.	43.1688405	-89.2429766
WI	55025011507	5678242	0	2.192	0.	43.2012205	-89.2443445
WI	55025011508	8930159	0	3.448	0.	43.2135428	-89.233221
WI	55025011600	23315302	641344	9.002	0.248	43.1936122	-89.1919852
WI	55025011700	144571819	21124	55.819	0.008	43.1489022	-89.1608896
WI	55025011800	183471692	1395774	70.839	0.539	43.2041239	-89.0707565
WI	55025011900	185987529	1281804	71.81	0.495	43.0219587	-89.071182
WI	55025012002	151886091	6205156	58.644	2.396	43.0137277	-89.1813697
WI	55025012003	10790395	0	4.166	0.	43.0924117	-89.216032
WI	55025012004	12373269	19365	4.777	0.007	43.0884693	-89.1754883
WI	55025012100	150823131	2896652	58.233	1.118	42.8834878	-89.1179994
WI	55025012201	10132757	615837	3.912	0.238	42.9275078	-89.1942303
WI	55025012202	5247044	2268	2.026	0.001	42.9289547	-89.2362492
WI	55025012300	22170235	594865	8.56	0.23	42.899918	-89.2132785
WI	55025012400	146528544	1808249	56.575	0.698	42.890385	-89.3585261
WI	55025012501	26024980	241716	10.048	0.093	42.9274417	-89.3620163
WI	55025012502	29406509	360653	11.354	0.139	42.9372009	-89.4059846
WI	55025012600	277375459	1118776	107.095	0.432	42.88955	-89.6578513
WI	55025012700	231413491	52350	89.349	0.02	43.0816965	-89.7824777
WI	55025012800	47735971	25085	18.431	0.01	42.9969559	-89.7281369
WI	55025012900	239709874	4980806	92.553	1.923	43.167715	-89.6635366
WI	55025013000	36006491	15482	13.902	0.006	43.1188084	-89.6430969
WI	55025013100	126369519	2214966	48.792	0.855	43.1791901	-89.7732051
WI	55025013201	177129957	1193645	68.39	0.461	43.2540503	-89.4861564
WI	55025013202	63201821	296216	24.402	0.114	43.227391	-89.2817312
WI	55025013301	16336198	0	6.307	0.	43.2450217	-89.3200754
WI	55025013302	8077793	200434	3.119	0.077	43.2485097	-89.3539987
WI	55025013700	19123384	182922	7.384	0.071	42.9629264	-89.5421875
WI	55025991702	0	40014934	0.	15.45	43.1054034	-89.4198192
WI	55025991703	0	13684943	0.	5.284	43.0684101	-89.3583551
WI	55027960100	149285929	1223464	57.64	0.472	43.5653895	-88.4691921
WI	55027960200	318029777	11205291	122.792	4.326	43.567981	-88.6722595
WI	55027960300	13473814	5191	5.202	0.002	43.6226965	-88.7501535
WI	55027960400	208904394	7588441	80.658	2.93	43.5120364	-88.8206797
WI	55027960500	88476951	14226397	34.161	5.493	43.5990044	-88.9373438
WI	55027960600	172797173	16120904	66.717	6.224	43.4663965	-88.9370912
WI	55027960700	6359319	3275211	2.455	1.265	43.4762238	-88.8389226
WI	55027960800	2593818	0	1.001	0.	43.4627598	-88.8224543
WI	55027960900	4172068	40548	1.611	0.016	43.4450296	-88.8334795
WI	55027961000	2934705	1381766	1.133	0.534	43.4450116	-88.8514792
WI	55027961100	123385297	1823583	47.639	0.704	43.3957775	-88.7023687
WI	55027961200	23786101	2774742	9.184	1.071	43.4716425	-88.6212528
WI	55027961300	15411771	394679	5.951	0.152	43.4962042	-88.5449627
WI	55027961400	219561533	4261022	84.773	1.645	43.4231804	-88.5146226
WI	55027961500	186119551	1516960	71.861	0.586	43.2855877	-88.473908
WI	55027961600	175724888	8238122	67.848	3.181	43.280505	-88.6014437
WI	55027961700	209053170	1611591	80.716	0.622	43.2655882	-88.7457946
WI	55027961800	337362586	5224092	130.256	2.017	43.3048809	-88.9020991
WI	55027961900	9322906	147146	3.6	0.057	43.2088265	-88.731137
WI	55027962000	1294123	272108	0.5	0.105	43.2005356	-88.7137035
WI	55029100100	192717111	581077374	74.408	224.355	45.3504356	-86.956149
WI	55029100300	114776971	355254018	44.316	137.164	45.1661359	-87.2690479
WI	55029100400	181588998	256234456	70.112	98.933	45.0327327	-87.2443195
WI	55029100500	202982073	152603893	78.372	58.921	44.9857955	-87.1768033
WI	55029100600	247152692	6393301	95.426	2.468	44.726772	-87.4840977
WI	55029100700	18334894	1243450	7.079	0.48	44.845082	-87.3284879
WI	55029100800	46528094	7697438	17.965	2.972	44.8113672	-87.3336989
WI	55029100900	103370454	53368943	39.912	20.606	44.8395688	-87.478683
WI	55029101000	140758429	241137687	54.347	93.104	44.8329361	-87.6064846
WI	55029990000	0	3235661755	0.	1249.296	45.0162911	-86.8164838
WI	55031020300	2342193	330446	0.904	0.128	46.726563	-92.0834575
WI	55031020400	3516775	1594668	1.358	0.616	46.7165688	-92.0650508
WI	55031020500	1943636	0	0.75	0.	46.7133998	-92.0900248
WI	55031020600	2259597	0	0.872	0.	46.7113985	-92.1051514
WI	55031020700	28227983	9949897	10.899	3.842	46.696912	-92.1615822
WI	55031020800	24051309	398451	9.286	0.154	46.6783481	-92.0836463
WI	55031020900	5434217	1090474	2.098	0.421	46.7001826	-92.0471686
WI	55031021000	44586935	5685054	17.215	2.195	46.6686706	-91.9892838
WI	55031021100	7358248	5207159	2.841	2.01	46.7403184	-92.1091188
WI	55031030101	461872877	6629521	178.33	2.56	46.6080501	-91.7855896
WI	55031030102	265776445	1975670	102.617	0.763	46.604061	-91.6373834
WI	55031030200	518557634	6321629	200.216	2.441	46.5558694	-92.0786793
WI	55031030301	1364297328	36180371	526.758	13.969	46.3122617	-92.0137722
WI	55031030302	647823647	23271966	250.126	8.985	46.3119445	-91.6713629
WI	55031990000	0	355657556	0.	137.32	46.7675069	-91.737262
WI	55033970100	642828352	3416465	248.197	1.319	45.1292303	-91.877395
WI	55033970200	322039453	1308922	124.34	0.505	45.0041231	-92.0318776
WI	55033970300	218874118	8952587	84.508	3.457	44.9760939	-91.7835044
WI	55033970400	469254615	11161650	181.18	4.31	44.7984297	-91.7672889
WI	55033970500	39919845	5895295	15.413	2.276	44.909362	-91.9156381
WI	55033970600	460545115	4275935	177.817	1.651	44.7973342	-92.0249267
WI	55033970700	37823089	561723	14.604	0.217	44.8506302	-91.9335024
WI	55033970801	852740	0	0.329	0.	44.8711958	-91.9255895
WI	55033970802	9765550	0	3.771	0.	44.8661915	-91.8989089
WI	55035000100	482075475	4929759	186.13	1.903	44.7143783	-91.0486845
WI	55035000200	465375962	1443341	179.683	0.557	44.7175573	-91.2455711
WI	55035000301	77302791	2492379	29.847	0.962	44.8297501	-91.3415326
WI	55035000302	140340802	228177	54.186	0.088	44.7415328	-91.4012909
WI	55035000401	7649896	1406357	2.954	0.543	44.8105733	-91.4263841
WI	55035000402	7543915	0	2.913	0.	44.7989234	-91.4286837
WI	55035000501	6355291	1234613	2.454	0.477	44.8520404	-91.5012091
WI	55035000502	8529020	0	3.293	0.	44.8447851	-91.4541849
WI	55035000600	4692586	1412441	1.812	0.545	44.8225872	-91.4883544
WI	55035000700	3691905	38747	1.425	0.015	44.8041028	-91.4793975
WI	55035000801	2715930	0	1.049	0.	44.7878591	-91.4807704
WI	55035000802	4897255	0	1.891	0.	44.7736589	-91.4825903
WI	55035000803	6500972	0	2.51	0.	44.7769927	-91.4509599
WI	55035000900	6931348	397530	2.676	0.153	44.780772	-91.520738
WI	55035001101	937596	196754	0.362	0.076	44.8093191	-91.4995212
WI	55035001200	3785915	738839	1.462	0.285	44.803585	-91.522505
WI	55035001300	13511419	126901	5.217	0.049	44.8241767	-91.5599261
WI	55035001401	3896331	0	1.504	0.	44.827847	-91.5354606
WI	55035001402	2860954	107581	1.105	0.042	44.8254936	-91.51927
WI	55035001500	71729998	2338635	27.695	0.903	44.8217554	-91.5996491
WI	55035001600	328369983	1565495	126.784	0.604	44.6770307	-91.5372604
WI	55035001700	2515899	191002	0.971	0.074	44.7979718	-91.5005853
WI	55037190101	352190737	3730101	135.982	1.44	45.9399859	-88.50452
WI	55037190102	176014270	8792768	67.959	3.395	45.8726171	-88.2103023
WI	55037190200	735771509	11588768	284.083	4.474	45.7837218	-88.3851265
WI	55039040100	2625454	927874	1.014	0.358	43.7897667	-88.43213
WI	55039040200	2245864	522035	0.867	0.202	43.7919681	-88.4477887
WI	55039040300	3892746	87126	1.503	0.034	43.7882212	-88.471313
WI	55039040400	1996094	178	0.771	0.	43.7738215	-88.4691091
WI	55039040500	1699457	76726	0.656	0.03	43.778003	-88.447623
WI	55039040700	47377251	622157	18.292	0.24	43.7547219	-88.493284
WI	55039040800	1455142	0	0.562	0.	43.7675423	-88.4396359
WI	55039040900	1777585	10424	0.686	0.004	43.7710901	-88.4283731
WI	55039041000	2536015	1767	0.979	0.001	43.7598991	-88.4331475
WI	55039041101	14911629	106922	5.757	0.041	43.7378268	-88.4243044
WI	55039041102	7599339	2722823	2.934	1.051	43.7896336	-88.4110842
WI	55039041300	17524828	15960607	6.766	6.162	43.8213366	-88.4677138
WI	55039041400	311213339	34045619	120.16	13.145	43.8320026	-88.5909666
WI	55039041500	53236139	702910	20.555	0.271	43.8467258	-88.7939324
WI	55039041600	39380424	378919	15.205	0.146	43.8501449	-88.8564916
WI	55039041700	281263707	1266354	108.597	0.489	43.7354493	-88.7846079
WI	55039041800	93360241	940273	36.047	0.363	43.6715997	-88.7121905
WI	55039041901	221715234	1285223	85.605	0.496	43.6712774	-88.4971256
WI	55039041902	151261590	4220586	58.402	1.63	43.6794408	-88.2532619
WI	55039042001	75611845	569814	29.194	0.22	43.759893	-88.3491884
WI	55039042002	82083147	13779602	31.692	5.32	43.8293959	-88.3455598
WI	55039042100	263203935	38622774	101.624	14.912	43.844117	-88.2480269
WI	55039042200	185696251	3003110	71.698	1.16	43.5899144	-88.28219
WI	55041950100	1303943084	30037486	503.455	11.598	45.7961989	-88.8601545
WI	55041950200	739899337	10476811	285.677	4.045	45.5145029	-88.5631479
WI	55041950300	306760300	13908521	118.441	5.37	45.5496642	-88.785529
WI	55041950400	276333379	29113773	106.693	11.241	45.5044098	-88.9389846
WI	55043960100	364751533	3687082	140.831	1.424	43.0851304	-90.5338688
WI	55043960200	97170287	3231853	37.518	1.248	43.1489936	-90.6446612
WI	55043960300	251636304	1171694	97.157	0.452	43.0197102	-90.6778785
WI	55043960400	518466124	22694863	200.181	8.763	42.9627625	-90.970931
WI	55043960500	569067967	31187513	219.718	12.042	42.8066244	-90.8677346
WI	55043960600	495955434	40951	191.489	0.016	42.8491345	-90.5857485
WI	55043960700	22255352	0	8.593	0.	42.8525133	-90.712617
WI	55043960800	253185855	15987542	97.756	6.173	42.7117441	-90.6232729
WI	55043960900	30198184	0	11.66	0.	42.7381815	-90.4542393
WI	55043961000	17730072	0	6.846	0.	42.7478687	-90.4916092
WI	55043961100	188421247	10418252	72.75	4.023	42.6224241	-90.5534011
WI	55043961200	161558704	6107003	62.378	2.358	42.5411922	-90.5251218
WI	55045960100	296161423	73446	114.349	0.028	42.7906922	-89.4962132
WI	55045960200	363695415	0	140.424	0.	42.7711102	-89.7202305
WI	55045960300	317843574	838565	122.72	0.324	42.6611333	-89.5278447
WI	55045960400	16174473	15810	6.245	0.006	42.6175195	-89.6663403
WI	55045960500	13651665	0	5.271	0.	42.58531	-89.6615572
WI	55045960600	11352566	0	4.383	0.	42.585881	-89.6161458
WI	55045960700	426592845	385420	164.708	0.149	42.5568006	-89.7313346
WI	55045960800	67195218	0	25.944	0.	42.5644136	-89.3937056
WI	55047100100	30803008	1874255	11.893	0.724	43.9577361	-88.9357074
WI	55047100200	11960068	195017	4.618	0.075	43.9779017	-88.9680492
WI	55047100300	277463574	7142282	107.129	2.758	43.8505585	-89.102616
WI	55047100400	105764777	13699968	40.836	5.29	43.8359388	-88.951585
WI	55047100500	215584865	38401882	83.238	14.827	43.7368841	-89.1363367
WI	55047100600	263738484	17889258	101.83	6.907	43.7141942	-88.9982251
WI	55049950100	481204193	7132057	185.794	2.754	43.0860868	-90.0038974
WI	55049950200	424520538	6356623	163.908	2.454	43.0985827	-90.3081222
WI	55049950300	393176884	19556	151.806	0.008	42.923291	-90.3186484
WI	55049950400	67343292	0	26.001	0.	42.9516749	-90.1148935
WI	55049950500	451966893	117659	174.505	0.045	42.922458	-89.9490767
WI	55049950600	157167854	244685	60.683	0.094	42.8711285	-90.1464666
WI	55051180100	32974199	1495475	12.731	0.577	46.4339699	-90.2123424
WI	55051180200	1061068940	21835869	409.681	8.431	46.3625458	-90.3694889
WI	55051180300	869708114	95633930	335.796	36.924	46.1297943	-90.0771671
WI	55051990000	0	297907165	0.	115.023	46.6929178	-90.4165893
WI	55053960100	1168905217	26243604	451.317	10.133	44.2801892	-90.5879307
WI	55053960200	265209926	1149720	102.398	0.444	44.4010848	-90.8593013
WI	55053960300	575203497	138767	222.087	0.054	44.4623336	-91.0554593
WI	55053960400	520085223	4603220	200.806	1.777	44.2016046	-91.0211404
WI	55053960500	29283886	403008	11.307	0.156	44.2966621	-90.8559777
WI	55055100100	17309374	400880	6.683	0.155	43.1692278	-88.7094245
WI	55055100200	1511466	94929	0.584	0.037	43.1920327	-88.7179124
WI	55055100301	10322518	338262	3.986	0.131	43.1762089	-88.7441225
WI	55055100302	3385574	25549	1.307	0.01	43.1923696	-88.7527365
WI	55055100400	208980637	2324494	80.688	0.897	43.1499141	-88.8805864
WI	55055100500	23907964	3006855	9.231	1.161	43.0669635	-88.9026675
WI	55055100601	66118156	3733121	25.528	1.441	43.0774668	-88.9663615
WI	55055100602	108329540	3987343	41.826	1.54	42.982654	-88.9339175
WI	55055100700	118449634	1260384	45.734	0.487	43.0535543	-88.7652683
WI	55055100800	144542394	2692398	55.808	1.04	43.0475144	-88.6002677
WI	55055100900	201293098	2040604	77.72	0.788	42.961877	-88.7021905
WI	55055101000	15410680	532247	5.95	0.206	43.0184687	-88.8127864
WI	55055101100	12472835	425706	4.816	0.164	42.9927312	-88.8143827
WI	55055101201	99914618	41026449	38.577	15.84	42.9115037	-88.9743684
WI	55055101202	42647410	280205	16.466	0.108	42.8730114	-88.8001608
WI	55055101300	17663411	217154	6.82	0.084	42.944236	-88.8593961
WI	55055101400	6416930	403379	2.478	0.156	42.912386	-88.8566628
WI	55055101500	7384049	560745	2.851	0.217	42.9180158	-88.8263368
WI	55055101600	157333822	1407876	60.747	0.544	42.8822778	-88.6394968
WI	55055101701	78541291	1808823	30.325	0.698	43.1210701	-88.7255345
WI	55055101702	99373024	1418321	38.368	0.548	43.1582243	-88.6050715
WI	55057100100	683522277	55331670	263.909	21.364	44.130364	-90.1589178
WI	55057100200	370954415	104574	143.226	0.04	43.8686229	-90.2310007
WI	55057100301	97418479	2634686	37.613	1.017	43.972422	-90.0864938
WI	55057100302	71222299	29797460	27.499	11.505	43.9395121	-90.0099119
WI	55057100400	201265881	3800061	77.709	1.467	43.8375261	-90.0312976
WI	55057100500	20991041	545571	8.105	0.211	43.7861462	-90.085596
WI	55057100600	153575000	44551	59.296	0.017	43.6950269	-90.2402654
WI	55057100700	387780150	6379965	149.723	2.463	43.6999705	-89.9886111
WI	55059000101	2067281	2268715	0.798	0.876	42.637954	-87.817332
WI	55059000102	10014457	0	3.867	0.	42.6509128	-87.8318941
WI	55059000300	2618446	2242159	1.011	0.866	42.6122197	-87.8201797
WI	55059000400	2145586	0	0.828	0.	42.6070152	-87.8352402
WI	55059000501	1242121	0	0.48	0.	42.6205349	-87.8318587
WI	55059000502	1760913	0	0.68	0.	42.6227097	-87.8407771
WI	55059000601	69344441	89863	26.774	0.035	42.6314748	-87.909888
WI	55059000603	4325308	0	1.67	0.	42.6115034	-87.864395
WI	55059000604	3618563	0	1.397	0.	42.6250971	-87.8541163
WI	55059000700	4693872	0	1.812	0.	42.5956944	-87.8631926
WI	55059000800	1296109	0	0.5	0.	42.595189	-87.8407654
WI	55059000900	1374881	0	0.531	0.	42.592221	-87.8310958
WI	55059001000	1238086	408553	0.478	0.158	42.585781	-87.8168905
WI	55059001100	870635	0	0.336	0.	42.5805457	-87.8335146
WI	55059001200	1788284	0	0.69	0.	42.5827909	-87.8473597
WI	55059001300	1837615	0	0.71	0.	42.584884	-87.8694886
WI	55059001401	1319119	0	0.509	0.	42.5728463	-87.8641394
WI	55059001402	2397859	0	0.926	0.	42.5751307	-87.8759664
WI	55059001500	1406090	0	0.543	0.	42.5706342	-87.8523259
WI	55059001600	947332	0	0.366	0.	42.5745639	-87.8342406
WI	55059001700	1078574	14048	0.416	0.005	42.5685393	-87.8348368
WI	55059001800	1021641	0	0.394	0.	42.5709279	-87.82193
WI	55059001900	1469783	1265517	0.567	0.489	42.5681553	-87.8131301
WI	55059002000	19488183	3193405	7.524	1.233	42.5153482	-87.8351193
WI	55059002100	2369536	0	0.915	0.	42.5492279	-87.8277741
WI	55059002200	1491079	0	0.576	0.	42.5622175	-87.8339144
WI	55059002300	4573224	0	1.766	0.	42.5500636	-87.8455797
WI	55059002400	3895062	0	1.504	0.	42.5515787	-87.8620794
WI	55059002500	5747257	0	2.219	0.	42.5514864	-87.8802682
WI	55059002603	3820145	0	1.475	0.	42.5748963	-87.9387211
WI	55059002604	5219827	64460	2.015	0.025	42.5738815	-87.909275
WI	55059002605	40393995	733462	15.596	0.283	42.5273919	-87.9176092
WI	55059002606	14525534	0	5.608	0.	42.515867	-87.8717426
WI	55059002700	92778029	946783	35.822	0.366	42.5422426	-88.0111539
WI	55059002801	62310291	1004886	24.058	0.388	42.5834439	-88.2474588
WI	55059002802	184909043	541055	71.394	0.209	42.6253743	-88.0605058
WI	55059002903	20237855	2478146	7.814	0.957	42.5648446	-88.1486673
WI	55059002904	34766052	2961877	13.423	1.144	42.5160205	-88.1372465
WI	55059002905	10280452	998000	3.969	0.385	42.5733633	-88.0883291
WI	55059002906	20850690	1352072	8.05	0.522	42.5202466	-88.0919354
WI	55059003001	19026241	3836381	7.346	1.481	42.5306119	-88.2859952
WI	55059003002	37484897	1925532	14.473	0.743	42.5227718	-88.225062
WI	55059990000	0	1222547245	0.	472.028	42.5796696	-87.4220978
WI	55061960100	7950296	1658681	3.07	0.64	44.6056771	-87.4480081
WI	55061960200	214813773	12150040	82.94	4.691	44.6108741	-87.5111126
WI	55061960401	214575610	526869	82.848	0.203	44.4996908	-87.6269058
WI	55061960402	174329598	3017518	67.309	1.165	44.5960121	-87.6779917
WI	55061960500	275282513	7508680	106.287	2.899	44.3925871	-87.6338331
WI	55061990000	0	1896474481	0.	732.233	44.500879	-87.1604375
WI	55063000100	6775604	281354	2.616	0.109	43.8593119	-91.2285539
WI	55063000200	6169467	320682	2.382	0.124	43.8369444	-91.2372339
WI	55063000300	4781010	4764001	1.846	1.839	43.839817	-91.2751461
WI	55063000401	736557	0	0.284	0.	43.807451	-91.243915
WI	55063000402	976785	0	0.377	0.	43.8181729	-91.2424776
WI	55063000500	3227146	0	1.246	0.	43.8229553	-91.2290641
WI	55063000600	4713987	0	1.82	0.	43.819192	-91.2073431
WI	55063000700	6691950	0	2.584	0.	43.8028237	-91.2049649
WI	55063000800	1125852	0	0.435	0.	43.8070548	-91.2336233
WI	55063000900	3222393	2216594	1.244	0.856	43.7905981	-91.2449232
WI	55063001000	1516263	39158	0.585	0.015	43.79282	-91.234124
WI	55063001101	1596713	0	0.616	0.	43.7907827	-91.2256427
WI	55063001102	2742177	130465	1.059	0.05	43.7737091	-91.2192508
WI	55063001200	2390628	0	0.923	0.	43.7839826	-91.211106
WI	55063010101	342111714	1270445	132.09	0.491	43.980974	-91.0271184
WI	55063010102	9477251	1171197	3.659	0.452	43.9010438	-91.0706581
WI	55063010202	76970929	50491067	29.719	19.495	43.9471253	-91.2919245
WI	55063010203	11882692	0	4.588	0.	43.9375264	-91.3073638
WI	55063010204	5426071	0	2.095	0.	43.9490903	-91.2522997
WI	55063010205	166852814	935206	64.422	0.361	44.0082085	-91.2036658
WI	55063010300	11358025	1960684	4.385	0.757	43.8807049	-91.2578243
WI	55063010401	56535776	69291	21.829	0.027	43.9251796	-91.1455913
WI	55063010403	3320286	0	1.282	0.	43.8942932	-91.2299011
WI	55063010404	4716014	0	1.821	0.	43.9113342	-91.2374225
WI	55063010500	11581106	566160	4.471	0.219	43.8738	-91.196936
WI	55063010600	62779110	3438	24.239	0.001	43.8274323	-91.1649646
WI	55063010700	69135773	8929882	26.693	3.448	43.7530764	-91.1535778
WI	55063010800	291361762	0	112.495	0.	43.8076567	-91.0089277
WI	55065970100	298085014	2070450	115.091	0.799	42.7439023	-89.9610966
WI	55065970200	257473623	35410	99.411	0.014	42.749059	-90.1819065
WI	55065970300	366468019	270824	141.494	0.105	42.6901443	-90.3307219
WI	55065970400	197002315	0	76.063	0.	42.5550103	-90.2959528
WI	55065970500	521956444	162326	201.529	0.063	42.5967041	-90.0110362
WI	55067960101	277705936	14343344	107.223	5.538	45.3842541	-89.0340751
WI	55067960102	412832398	13908890	159.395	5.37	45.3874169	-89.2811211
WI	55067960300	522336221	2884417	201.675	1.114	45.211898	-89.251333
WI	55067960400	347235161	3425354	134.068	1.323	45.0772619	-89.0472119
WI	55067960500	667944371	9558688	257.895	3.691	45.2441935	-88.857439
WI	55067960600	11977889	24703	4.625	0.01	45.1465566	-89.1644861
WI	55067960700	15044137	154203	5.809	0.06	45.1431827	-89.1383642
WI	55069960100	259794191	19677267	100.307	7.597	45.4870581	-89.5561639
WI	55069960200	15895423	3996060	6.137	1.543	45.4840287	-89.720332
WI	55069960300	261499583	16905496	100.966	6.527	45.5184921	-89.8816837
WI	55069960400	788490592	13482557	304.438	5.206	45.2972371	-89.8989737
WI	55069960500	242743712	6265643	93.724	2.419	45.3940216	-89.6020984
WI	55069960600	391887365	2043086	151.309	0.789	45.1992551	-89.5592474
WI	55069960700	286553290	6808260	110.639	2.629	45.2791552	-89.672406
WI	55069960800	13408952	2432079	5.177	0.939	45.1826646	-89.7322082
WI	55069960900	2480894	103768	0.958	0.04	45.1856673	-89.6997843
WI	55069961000	13078533	1030838	5.05	0.398	45.172488	-89.6702676
WI	55071000100	19456589	1369383	7.512	0.529	44.1348081	-87.6492486
WI	55071000200	7085933	101971	2.736	0.039	44.126342	-87.678673
WI	55071000300	21713313	574485	8.384	0.222	44.1129361	-87.7129843
WI	55071000400	2730884	1718762	1.054	0.664	44.1013581	-87.6527715
WI	55071000500	1825396	122196	0.705	0.047	44.0931608	-87.675216
WI	55071000600	17748567	252757	6.853	0.098	44.0731866	-87.7030907
WI	55071000700	8455374	2279559	3.265	0.88	44.053207	-87.6768111
WI	55071000800	4102453	5484915	1.584	2.118	44.0653468	-87.6553283
WI	55071005100	7578549	1636663	2.926	0.632	44.1628467	-87.5538478
WI	55071005200	10045372	863620	3.879	0.333	44.1650104	-87.5910435
WI	55071005300	1137844	123420	0.439	0.048	44.1541539	-87.5691818
WI	55071005400	11963128	4027270	4.619	1.555	44.138843	-87.6056387
WI	55071010100	181285535	11553868	69.995	4.461	44.24402	-87.593129
WI	55071010200	287301188	1854061	110.928	0.716	44.2481534	-87.7534923
WI	55071010300	276910250	3682217	106.916	1.422	44.1685146	-87.9411166
WI	55071010400	278561695	2752374	107.553	1.063	44.051696	-87.9020917
WI	55071010500	137293002	4271574	53.009	1.649	44.0612297	-87.7496928
WI	55071010600	227900689	9071775	87.993	3.503	43.9401545	-87.8641102
WI	55071010700	23189486	848369	8.954	0.328	43.9143306	-88.0082412
WI	55071990000	0	2290765661	0.	884.47	44.1046064	-87.310738
WI	55073000100	1724542	169001	0.666	0.065	44.9631151	-89.6288946
WI	55073000200	3020359	47829	1.166	0.018	44.968835	-89.6089008
WI	55073000300	12903010	469281	4.982	0.181	44.9912455	-89.6023434
WI	55073000400	6462239	302883	2.495	0.117	44.9825501	-89.6415282
WI	55073000500	1909494	55411	0.737	0.021	44.964987	-89.6475611
WI	55073000601	2540449	227207	0.981	0.088	44.9532157	-89.6579278
WI	55073000602	2524921	1043797	0.975	0.403	44.946077	-89.6368644
WI	55073000700	8427606	198251	3.254	0.077	44.9557335	-89.6027044
WI	55073000800	4272956	1111009	1.65	0.429	44.932114	-89.6236422
WI	55073000900	4526091	2594147	1.748	1.002	44.9133476	-89.6214783
WI	55073001000	7017651	592816	2.71	0.229	44.8817446	-89.6206614
WI	55073001103	10096714	61285	3.898	0.024	44.9131302	-89.570384
WI	55073001104	10963129	0	4.233	0.	44.8925583	-89.5888237
WI	55073001105	83989393	15165	32.428	0.006	44.9822986	-89.5548519
WI	55073001106	59221677	165243	22.866	0.064	44.8912203	-89.5496505
WI	55073001202	100192641	4113836	38.685	1.588	44.817981	-89.757782
WI	55073001203	9996418	0	3.86	0.	44.8461355	-89.6051802
WI	55073001204	140620572	2072119	54.294	0.8	44.8198931	-89.5886734
WI	55073001300	63949598	2270622	24.691	0.877	44.8972196	-89.6838549
WI	55073001401	19069906	0	7.363	0.	45.0004023	-89.7359808
WI	55073001402	87547320	557513	33.802	0.215	44.9822543	-89.7778912
WI	55073001500	227356194	2665935	87.783	1.029	45.0467475	-89.6293544
WI	55073001600	612930087	2009406	236.654	0.776	44.9913724	-89.3559891
WI	55073001700	403700826	4983132	155.87	1.924	44.7772374	-89.3679131
WI	55073001800	501461035	51047750	193.615	19.71	44.7436434	-89.7997982
WI	55073001900	264984503	137317	102.311	0.053	44.8958368	-89.8934835
WI	55073002000	176539692	2332971	68.162	0.901	44.8116681	-90.0816025
WI	55073002101	172077543	592729	66.44	0.229	44.7791008	-90.279747
WI	55073002102	98030600	523742	37.85	0.202	44.721808	-90.149646
WI	55073002200	271167644	207509	104.698	0.08	44.9326966	-90.2111578
WI	55073002301	282885885	24545	109.223	0.009	45.0440832	-90.0969067
WI	55073002302	349923070	60618	135.106	0.023	45.026936	-89.8972572
WI	55075960100	310231780	5915612	119.781	2.284	45.6797134	-87.9162549
WI	55075960200	1389925374	18637924	536.653	7.196	45.5585494	-88.1745874
WI	55075960600	340305511	10861910	131.393	4.194	45.3590697	-87.9459565
WI	55075960700	473630361	18889844	182.87	7.293	45.2766719	-88.1707438
WI	55075960800	156461829	7472569	60.41	2.885	45.2436893	-87.9884279
WI	55075960900	296938027	7286861	114.648	2.813	45.2364308	-87.7588834
WI	55075961000	340921114	3155644	131.63	1.218	45.1159353	-87.9796796
WI	55075961100	157254948	1391194	60.716	0.537	45.0457859	-87.8381294
WI	55075961200	124180136	11558139	47.946	4.463	45.0238824	-87.6909345
WI	55075961300	16170796	705853	6.244	0.273	45.1033456	-87.6794977
WI	55075961400	12854273	127649	4.963	0.049	45.07609	-87.6367054
WI	55075961500	5731565	29136793	2.213	11.25	45.0733431	-87.5785735
WI	55075990000	0	274730121	0.	106.074	44.9534516	-87.6362643
WI	55077960100	326867865	3586246	126.204	1.385	43.9457646	-89.3826684
WI	55077960200	268969034	1799922	103.85	0.695	43.8453015	-89.3390842
WI	55077960300	214625439	8607140	82.867	3.323	43.7239347	-89.3166702
WI	55077960400	193825027	6749902	74.836	2.606	43.6916935	-89.4868339
WI	55077960500	176003030	1924611	67.955	0.743	43.8108434	-89.5374637
WI	55078940101	59398787	435584	22.934	0.168	44.8697593	-88.6649544
WI	55078940103	829641683	10727669	320.326	4.142	45.0187451	-88.6989584
WI	55078940104	37177096	7859226	14.354	3.034	44.8859325	-88.537705
WI	55079000101	3817599	168402	1.474	0.065	43.1820631	-88.01003
WI	55079000102	6511460	0	2.514	0.	43.1646428	-88.0116759
WI	55079000201	7910387	102	3.054	0.	43.1866246	-88.0512999
WI	55079000202	7874256	267	3.04	0.	43.1609997	-88.0382587
WI	55079000301	1985249	1761	0.767	0.001	43.1367894	-88.0621303
WI	55079000302	1836837	0	0.709	0.	43.1392272	-88.0465034
WI	55079000303	1595753	0	0.616	0.	43.1296853	-88.0458826
WI	55079000304	3358549	0	1.297	0.	43.143641	-88.0264463
WI	55079000400	2413732	447	0.932	0.	43.1136896	-88.0525138
WI	55079000501	4048410	0	1.563	0.	43.1153922	-88.0434008
WI	55079000502	1783313	0	0.689	0.	43.124806	-88.0312873
WI	55079000600	3885140	0	1.5	0.	43.1401032	-88.0019062
WI	55079000700	3906107	10362	1.508	0.004	43.1524839	-87.9950691
WI	55079000800	3037274	0	1.173	0.	43.1406505	-87.9737274
WI	55079000900	3476717	31259	1.342	0.012	43.1518387	-87.9569545
WI	55079001000	1540160	0	0.595	0.	43.1246522	-87.9534894
WI	55079001100	3173535	0	1.225	0.	43.1276896	-87.9690147
WI	55079001200	1225463	0	0.473	0.	43.1261764	-87.9862011
WI	55079001300	1975478	0	0.763	0.	43.1267834	-87.9984335
WI	55079001400	1111241	0	0.429	0.	43.130901	-88.0165698
WI	55079001500	1484773	0	0.573	0.	43.1237541	-88.0152015
WI	55079001600	1318148	0	0.509	0.	43.1158865	-88.0159967
WI	55079001700	1324195	0	0.511	0.	43.108559	-88.0162122
WI	55079001800	985112	0	0.38	0.	43.1158474	-87.9985379
WI	55079001900	979288	0	0.378	0.	43.1156863	-87.9836742
WI	55079002000	1059898	17008	0.409	0.007	43.1147217	-87.9682901
WI	55079002100	898165	0	0.347	0.	43.1155296	-87.9531572
WI	55079002200	1138518	3717	0.44	0.001	43.1147549	-87.9301481
WI	55079002300	1843973	0	0.712	0.	43.1059861	-87.9362168
WI	55079002400	1160508	0	0.448	0.	43.1064039	-87.951887
WI	55079002500	555002	0	0.214	0.	43.107964	-87.9621803
WI	55079002600	697794	0	0.269	0.	43.1006683	-87.9619353
WI	55079002700	686072	0	0.265	0.	43.100827	-87.9717683
WI	55079002800	657403	0	0.254	0.	43.1083062	-87.9714196
WI	55079002900	656552	0	0.253	0.	43.1083412	-87.9813189
WI	55079003000	1312377	0	0.507	0.	43.1085104	-87.9961906
WI	55079003100	1253608	0	0.484	0.	43.1009177	-87.9860702
WI	55079003200	813100	0	0.314	0.	43.1011585	-88.0011119
WI	55079003300	1471143	0	0.568	0.	43.1010455	-88.017306
WI	55079003400	2041542	0	0.788	0.	43.0934991	-88.0243847
WI	55079003500	1158403	0	0.447	0.	43.0936322	-87.9983012
WI	55079003600	1007038	0	0.389	0.	43.0927362	-87.9832113
WI	55079003700	635345	0	0.245	0.	43.0854604	-87.9833638
WI	55079003800	666717	0	0.257	0.	43.0862317	-87.9721453
WI	55079003900	669222	0	0.258	0.	43.0862029	-87.9621467
WI	55079004000	637861	0	0.246	0.	43.0934614	-87.9720518
WI	55079004100	1431476	0	0.553	0.	43.0941162	-87.9567836
WI	55079004200	689736	0	0.266	0.	43.0951654	-87.9454476
WI	55079004300	1987853	0	0.768	0.	43.0947996	-87.9322103
WI	55079004400	2230454	162274	0.861	0.063	43.0911323	-87.9060074
WI	55079004500	686808	0	0.265	0.	43.0855088	-87.9222691
WI	55079004600	683593	0	0.264	0.	43.0856905	-87.9321086
WI	55079004700	1438654	0	0.555	0.	43.0857728	-87.9476151
WI	55079004800	997450	0	0.385	0.	43.0770302	-87.9623023
WI	55079004900	987987	0	0.381	0.	43.0770613	-87.9723152
WI	55079005000	1140724	0	0.44	0.	43.0766513	-87.9832762
WI	55079005100	2429564	0	0.938	0.	43.0826559	-87.9975804
WI	55079005200	686287	0	0.265	0.	43.0862586	-88.0124247
WI	55079005300	670712	0	0.259	0.	43.0789228	-88.0124272
WI	55079005400	1346019	0	0.52	0.	43.0824781	-88.0225979
WI	55079005500	1286825	0	0.497	0.	43.0823885	-88.0328492
WI	55079005600	1236487	0	0.477	0.	43.0710506	-88.0275889
WI	55079005700	796893	0	0.308	0.	43.0713881	-88.0130983
WI	55079005800	1012035	0	0.391	0.	43.0723034	-87.9999461
WI	55079005900	850828	0	0.329	0.	43.0682111	-87.9852357
WI	55079006000	414269	0	0.16	0.	43.0679479	-87.9755401
WI	55079006100	520490	0	0.201	0.	43.0679124	-87.9684751
WI	55079006200	470068	0	0.181	0.	43.0679027	-87.9609713
WI	55079006300	867874	0	0.335	0.	43.0763564	-87.9522752
WI	55079006400	488483	0	0.189	0.	43.074218	-87.9423479
WI	55079006500	501873	0	0.194	0.	43.0797331	-87.9422946
WI	55079006600	944299	0	0.365	0.	43.0753991	-87.931352
WI	55079006700	403857	0	0.156	0.	43.0743782	-87.9204041
WI	55079006800	597800	0	0.231	0.	43.0796834	-87.9250021
WI	55079006900	503376	0	0.194	0.	43.0797954	-87.9107818
WI	55079007000	663450	0	0.256	0.	43.0742456	-87.9112246
WI	55079007100	367623	0	0.142	0.	43.0738357	-87.9014958
WI	55079007200	813990	31817	0.314	0.012	43.0774377	-87.8983235
WI	55079007300	661433	37659	0.255	0.015	43.0785487	-87.888367
WI	55079007400	913229	476790	0.353	0.184	43.0777349	-87.8704971
WI	55079007500	690878	0	0.267	0.	43.0710613	-87.8777247
WI	55079007600	579007	0	0.224	0.	43.0639973	-87.8785956
WI	55079007700	679121	21023	0.262	0.008	43.0649318	-87.8886201
WI	55079007800	639253	11000	0.247	0.004	43.0705452	-87.8885427
WI	55079007900	534569	24150	0.206	0.009	43.066192	-87.8957527
WI	55079008000	326024	0	0.126	0.	43.0674802	-87.9028298
WI	55079008100	278881	0	0.108	0.	43.0674717	-87.9074384
WI	55079008400	456634	0	0.176	0.	43.067583	-87.9233258
WI	55079008500	398854	0	0.154	0.	43.0677612	-87.9298715
WI	55079008600	302060	0	0.117	0.	43.0676216	-87.9351787
WI	55079008700	329089	0	0.127	0.	43.067816	-87.9399703
WI	55079008800	490357	0	0.189	0.	43.0678883	-87.9461708
WI	55079008900	596895	0	0.23	0.	43.0670633	-87.9533782
WI	55079009000	503057	0	0.194	0.	43.0603558	-87.9610838
WI	55079009100	508700	0	0.196	0.	43.0606753	-87.9685281
WI	55079009200	407898	0	0.157	0.	43.0606901	-87.9756047
WI	55079009300	570520	0	0.22	0.	43.060746	-87.9831452
WI	55079009400	604148	0	0.233	0.	43.0533479	-87.9830957
WI	55079009500	510256	0	0.197	0.	43.0530093	-87.9753536
WI	55079009600	993228	43754	0.383	0.017	43.0534313	-87.9671865
WI	55079009700	446218	0	0.172	0.	43.0539395	-87.9526211
WI	55079009800	440162	0	0.17	0.	43.059778	-87.9540957
WI	55079009900	516216	0	0.199	0.	43.0602738	-87.9463031
WI	55079010600	290784	0	0.112	0.	43.0601361	-87.9074988
WI	55079010700	587454	25046	0.227	0.01	43.0607213	-87.9018938
WI	55079010800	323872	0	0.125	0.	43.0573487	-87.8898547
WI	55079011000	278908	0	0.108	0.	43.0500613	-87.8972605
WI	55079011100	247935	0	0.096	0.	43.0493392	-87.9015596
WI	55079011200	375296	35020	0.145	0.014	43.0551222	-87.8974218
WI	55079011300	433647	37538	0.167	0.014	43.0487688	-87.9066295
WI	55079011400	512182	39102	0.198	0.015	43.0531715	-87.9105225
WI	55079012200	498545	0	0.192	0.	43.0486666	-87.952711
WI	55079012300	766027	0	0.296	0.	43.043584	-87.9619534
WI	55079012400	1319164	0	0.509	0.	43.0458056	-87.9767853
WI	55079012500	1820910	0	0.703	0.	43.0370865	-87.9765541
WI	55079012600	787676	0	0.304	0.	43.0340375	-87.9944251
WI	55079012700	1013136	0	0.391	0.	43.0296776	-88.0122782
WI	55079012800	2709462	19352	1.046	0.007	43.0313794	-88.0307236
WI	55079012900	1057405	0	0.408	0.	43.0281367	-87.9998916
WI	55079013000	643294	0	0.248	0.	43.0277004	-87.9876712
WI	55079013300	596295	0	0.23	0.	43.0348359	-87.9620643
WI	55079013400	561743	0	0.217	0.	43.0347996	-87.953581
WI	55079013500	253354	0	0.098	0.	43.0401481	-87.9526118
WI	55079013600	390886	0	0.151	0.	43.0436953	-87.9527515
WI	55079013700	315489	0	0.122	0.	43.042299	-87.9452951
WI	55079014100	665061	0	0.257	0.	43.0486357	-87.9209727
WI	55079014300	251197	0	0.097	0.	43.0427314	-87.9010154
WI	55079014400	559475	28273	0.216	0.011	43.0429933	-87.9076276
WI	55079014600	404415	0	0.156	0.	43.0423784	-87.930326
WI	55079014700	268914	0	0.104	0.	43.042204	-87.9355082
WI	55079014800	342795	0	0.132	0.	43.0421231	-87.9401997
WI	55079014900	356629	0	0.138	0.	43.0370444	-87.9448183
WI	55079015700	486733	0	0.188	0.	43.021663	-87.9277727
WI	55079015800	428515	0	0.165	0.	43.02166	-87.9376176
WI	55079015900	471510	0	0.182	0.	43.0215967	-87.9473669
WI	55079016000	395383	0	0.153	0.	43.0213749	-87.9572589
WI	55079016100	594386	0	0.229	0.	43.0160905	-87.9594659
WI	55079016200	463874	0	0.179	0.	43.0166058	-87.9474509
WI	55079016300	563205	0	0.217	0.	43.0157329	-87.9376228
WI	55079016400	463201	0	0.179	0.	43.0166568	-87.9277506
WI	55079016500	1063064	83484	0.41	0.032	43.0151014	-87.9118913
WI	55079016600	603887	36712	0.233	0.014	43.0097292	-87.9132702
WI	55079016700	486175	0	0.188	0.	43.0103011	-87.9220952
WI	55079016800	526168	0	0.203	0.	43.0103604	-87.92935
WI	55079016900	477616	0	0.184	0.	43.0095191	-87.9377079
WI	55079017000	705659	0	0.272	0.	43.0104184	-87.947526
WI	55079017100	675647	0	0.261	0.	43.0105728	-87.95807
WI	55079017200	485608	0	0.187	0.	43.0028945	-87.9561902
WI	55079017300	509429	0	0.197	0.	43.0036654	-87.9487665
WI	55079017400	326532	0	0.126	0.	43.0047662	-87.9382983
WI	55079017500	488635	0	0.189	0.	43.0028744	-87.9296512
WI	55079017600	471590	0	0.182	0.	43.0028087	-87.9223606
WI	55079017900	611852	0	0.236	0.	42.9987784	-87.9050495
WI	55079018000	2830669	1971450	1.093	0.761	43.0113856	-87.8950353
WI	55079018100	572888	593830	0.221	0.229	42.9982278	-87.8854826
WI	55079018200	555911	1358156	0.215	0.524	42.9891585	-87.8739272
WI	55079018300	673550	0	0.26	0.	42.9913614	-87.8928643
WI	55079018400	714703	16275	0.276	0.006	42.9905495	-87.9024606
WI	55079018500	1876099	0	0.724	0.	42.9844186	-87.9143974
WI	55079018600	478342	0	0.185	0.	42.9955754	-87.9225565
WI	55079018700	489660	0	0.189	0.	42.9955832	-87.9299143
WI	55079018800	932635	0	0.36	0.	42.9992964	-87.9405839
WI	55079018900	621622	0	0.24	0.	42.9956637	-87.9532254
WI	55079019000	2467513	31918	0.953	0.012	42.9947531	-87.9684245
WI	55079019100	1565059	0	0.604	0.	42.9821654	-87.9654941
WI	55079019200	1423880	0	0.55	0.	42.9928271	-87.9858353
WI	55079019300	883072	0	0.341	0.	42.9949738	-87.9961365
WI	55079019400	1302294	0	0.503	0.	42.9845779	-88.0275565
WI	55079019500	1307603	0	0.505	0.	42.9773249	-88.0276979
WI	55079019600	1303165	0	0.503	0.	42.9846573	-88.0076967
WI	55079019700	1882750	0	0.727	0.	42.9757082	-88.0074181
WI	55079019800	2062296	0	0.796	0.	42.9820787	-87.9897334
WI	55079019900	1559238	0	0.602	0.	42.973175	-87.982363
WI	55079020000	1406788	0	0.543	0.	42.9840534	-87.9527361
WI	55079020100	1901369	0	0.734	0.	42.9884823	-87.9409967
WI	55079020200	949816	0	0.367	0.	42.9775276	-87.941125
WI	55079020300	1450957	0	0.56	0.	42.9792426	-87.9265896
WI	55079020400	489099	0	0.189	0.	42.98834	-87.9300853
WI	55079020500	477668	0	0.184	0.	42.9883214	-87.9227237
WI	55079020600	1326336	0	0.512	0.	42.9810335	-87.9044429
WI	55079020700	1777786	0	0.686	0.	42.9803925	-87.8928284
WI	55079020800	899314	211873	0.347	0.082	42.9855605	-87.8765247
WI	55079020900	1011688	0	0.391	0.	42.9701335	-87.9018627
WI	55079021000	1273043	0	0.492	0.	42.9627755	-87.8999431
WI	55079021100	642849	0	0.248	0.	42.9701493	-87.9144456
WI	55079021200	1933866	0	0.747	0.	42.9652938	-87.9210237
WI	55079021300	1241610	37233	0.479	0.014	42.9708698	-87.9385222
WI	55079021400	1283163	0	0.495	0.	42.9629595	-87.9389186
WI	55079021500	1291068	0	0.498	0.	42.9520982	-87.9439827
WI	55079021600	3703308	0	1.43	0.	42.952257	-87.9248749
WI	55079021700	12788916	0	4.938	0.	42.9405473	-87.9131084
WI	55079021800	872800	0	0.337	0.	42.9407958	-87.9569493
WI	55079030100	5955565	1323427	2.299	0.511	43.1823795	-87.8977108
WI	55079035100	3542651	2117208	1.368	0.817	43.1525663	-87.8943433
WI	55079035200	3864669	0	1.492	0.	43.1601185	-87.9070732
WI	55079040100	13352910	452589	5.156	0.175	43.1734798	-87.9338487
WI	55079050101	4896027	0	1.89	0.	43.1768173	-87.9849329
WI	55079050103	3442087	0	1.329	0.	43.1825936	-87.9680528
WI	55079050104	3045801	0	1.176	0.	43.1609816	-87.9667337
WI	55079060101	4276671	89601	1.651	0.035	43.1391792	-87.925915
WI	55079060102	3023037	0	1.167	0.	43.1486555	-87.9397577
WI	55079060200	7630601	429658	2.946	0.166	43.101131	-87.9174318
WI	55079070100	1616167	0	0.624	0.	43.1206163	-87.9076369
WI	55079070200	2581764	2069356	0.997	0.799	43.1141984	-87.8945189
WI	55079070300	1280685	0	0.494	0.	43.1063142	-87.9037997
WI	55079080100	996173	0	0.385	0.	43.0955479	-87.8977397
WI	55079080200	881854	0	0.34	0.	43.094249	-87.887739
WI	55079080300	1491398	946432	0.576	0.365	43.0903476	-87.8754811
WI	55079080400	747723	0	0.289	0.	43.0859404	-87.8884888
WI	55079090100	4506829	0	1.74	0.	43.0973415	-88.04834
WI	55079090200	3822389	9179	1.476	0.004	43.0824098	-88.0521934
WI	55079090300	4015001	0	1.55	0.	43.0673905	-88.0515482
WI	55079090600	3069808	243	1.185	0.	43.0369557	-88.0545528
WI	55079090700	1804120	0	0.697	0.	43.0591936	-88.0254535
WI	55079090800	786986	0	0.304	0.	43.0630722	-88.0175484
WI	55079090900	1228445	0	0.474	0.	43.0600218	-87.9940185
WI	55079091000	1103937	0	0.426	0.	43.064333	-87.9970566
WI	55079091100	1721772	0	0.665	0.	43.0549381	-88.0038186
WI	55079091200	2366760	0	0.914	0.	43.0467095	-88.0038919
WI	55079091300	1720754	0	0.664	0.	43.0378684	-88.0097521
WI	55079091400	807551	0	0.312	0.	43.0403211	-87.9938477
WI	55079100100	859797	0	0.332	0.	43.0165987	-87.9859863
WI	55079100200	1965664	0	0.759	0.	43.0146091	-87.9913786
WI	55079100300	779874	0	0.301	0.	43.0173449	-88.0031715
WI	55079100400	1389954	0	0.537	0.	43.0170205	-88.0116662
WI	55079100500	1127567	0	0.435	0.	43.013264	-88.0267016
WI	55079100600	693011	0	0.268	0.	43.0203515	-88.0223705
WI	55079100700	1690871	0	0.653	0.	43.0213025	-88.0378862
WI	55079100800	2617672	14646	1.011	0.006	43.0227776	-88.0546054
WI	55079100900	3776145	30353	1.458	0.012	43.0091773	-88.0518209
WI	55079101000	4166392	0	1.609	0.	42.9917352	-88.0576362
WI	55079101100	1347710	0	0.52	0.	42.994209	-88.0427675
WI	55079101200	1343091	0	0.519	0.	42.9918022	-88.027729
WI	55079101300	1355858	0	0.523	0.	42.9990775	-88.0276968
WI	55079101400	1346031	0	0.52	0.	43.0063152	-88.0273556
WI	55079101500	1051355	0	0.406	0.	43.0071361	-88.0074496
WI	55079101600	1454831	0	0.562	0.	43.0030931	-87.9887973
WI	55079101700	932628	0	0.36	0.	43.0017345	-88.0069719
WI	55079101800	1517625	15790	0.586	0.006	42.9937986	-88.0093865
WI	55079110100	2897231	0	1.119	0.	43.0124371	-87.9709843
WI	55079120101	5350704	14778	2.066	0.006	42.9603465	-88.0485651
WI	55079120102	5221935	0	2.016	0.	42.9740986	-88.0496741
WI	55079120201	1859546	0	0.718	0.	42.9673797	-88.0186896
WI	55079120202	1788049	0	0.69	0.	42.9658494	-87.998683
WI	55079120203	3235326	0	1.249	0.	42.9569488	-88.0077655
WI	55079120300	886271	0	0.342	0.	42.9809106	-87.9737644
WI	55079120400	4794658	0	1.851	0.	42.9666958	-87.9655356
WI	55079120501	2606172	0	1.006	0.	42.9407326	-87.9668206
WI	55079120502	4060848	0	1.568	0.	42.953046	-87.9651066
WI	55079130100	5495500	0	2.122	0.	42.9427509	-88.0440775
WI	55079130200	2771078	15882	1.07	0.006	42.9390168	-88.0627571
WI	55079140100	5650346	0	2.182	0.	42.9374445	-88.0188637
WI	55079140201	4656853	0	1.798	0.	42.9390202	-87.9991137
WI	55079140202	4107316	22101	1.586	0.009	42.9344488	-87.979542
WI	55079150100	13308545	87446	5.138	0.034	42.9141429	-87.97837
WI	55079150301	15950122	51679	6.158	0.02	42.8883569	-88.0530459
WI	55079150303	6650914	0	2.568	0.	42.8896083	-88.0231245
WI	55079150304	6949579	125034	2.683	0.048	42.9124717	-88.0340939
WI	55079160101	4932830	0	1.905	0.	42.9111608	-87.8940224
WI	55079160102	12030739	0	4.645	0.	42.9167686	-87.9232031
WI	55079160202	11476536	1137260	4.431	0.439	42.8822716	-87.8710674
WI	55079160203	9056598	0	3.497	0.	42.8940285	-87.9163886
WI	55079160205	3223093	0	1.244	0.	42.8795872	-87.9246835
WI	55079160206	1884280	0	0.728	0.	42.8798932	-87.9439579
WI	55079160301	17601753	1915384	6.796	0.74	42.8535005	-87.8748291
WI	55079160302	13470798	0	5.201	0.	42.8593946	-87.9247515
WI	55079170100	3597755	1343497	1.389	0.519	42.9156437	-87.8465593
WI	55079170200	2298067	0	0.887	0.	42.9227536	-87.8726373
WI	55079170300	1282933	0	0.495	0.	42.9095535	-87.87539
WI	55079170400	1561093	0	0.603	0.	42.8984825	-87.8734268
WI	55079170500	883042	0	0.341	0.	42.8976029	-87.8576476
WI	55079170600	1485912	0	0.574	0.	42.9077125	-87.8632141
WI	55079170700	1390191	815231	0.537	0.315	42.8999282	-87.8489681
WI	55079180100	2602387	1884511	1.005	0.728	42.9457649	-87.8469696
WI	55079180200	1136517	0	0.439	0.	42.9546545	-87.8550699
WI	55079180300	3835491	0	1.481	0.	42.9519009	-87.8700704
WI	55079180400	1667353	0	0.644	0.	42.9370899	-87.8563332
WI	55079180500	3122817	0	1.206	0.	42.9372598	-87.8747122
WI	55079185100	3613754	1767049	1.395	0.682	42.9788028	-87.8684815
WI	55079185200	3012205	0	1.163	0.	42.9677014	-87.8819448
WI	55079185300	7304498	0	2.82	0.	43.0498781	-88.0426298
WI	55079185400	713046	0	0.275	0.	43.0602366	-87.9376906
WI	55079185500	883852	0	0.341	0.	43.0601763	-87.9262488
WI	55079185600	676083	0	0.261	0.	43.0602672	-87.9146907
WI	55079185700	669187	0	0.258	0.	43.0675258	-87.9147121
WI	55079185800	439204	0	0.17	0.	43.0538684	-87.9426517
WI	55079185900	482397	0	0.186	0.	43.0538377	-87.9322917
WI	55079186000	582485	0	0.225	0.	43.053957	-87.9203985
WI	55079186100	504578	0	0.195	0.	43.0486524	-87.9427932
WI	55079186200	531348	0	0.205	0.	43.0485661	-87.9324481
WI	55079186300	1192482	35023	0.46	0.014	43.0408345	-87.9174316
WI	55079186400	762838	0	0.295	0.	43.0369528	-87.9303891
WI	55079186500	1220131	89160	0.471	0.034	43.0226856	-87.9133326
WI	55079186600	995250	23968	0.384	0.009	43.0005739	-87.913223
WI	55079186800	5695803	0	2.199	0.	43.0281444	-87.950649
WI	55079186900	434924	0	0.168	0.	43.05577	-87.8827615
WI	55079187000	359353	0	0.139	0.	43.0553077	-87.8872831
WI	55079187200	38888088	7794	15.015	0.003	42.8672363	-88.0033793
WI	55079187300	7800888	0	3.012	0.	42.8871589	-87.9656303
WI	55079187400	1579651	140198	0.61	0.054	43.0320245	-87.9081371
WI	55079980000	1994598	4044007	0.77	1.561	43.0444511	-87.8873906
WI	55079990000	0	2428866689	0.	937.791	43.0176628	-87.4778271
WI	55081950100	365453347	14352295	141.102	5.541	44.0864827	-90.4698853
WI	55081950200	683006144	2680250	263.71	1.035	44.0301221	-90.7652837
WI	55081950300	30185437	0	11.655	0.	43.9401569	-90.8590008
WI	55081950400	13580221	146184	5.243	0.056	43.9497926	-90.7922166
WI	55081950500	27971424	1042083	10.8	0.402	43.9839119	-90.5300209
WI	55081950600	16352870	13984	6.314	0.005	43.9916604	-90.4813515
WI	55081950700	393419610	225701	151.9	0.087	43.8810301	-90.3854559
WI	55081950800	413668744	98458	159.718	0.038	43.8299822	-90.5695813
WI	55081950900	389691977	27811	150.461	0.011	43.81969	-90.8010232
WI	55083100300	603924180	23089001	233.176	8.915	45.2713165	-88.5209072
WI	55083100500	446833691	12355633	172.523	4.771	45.1390657	-88.2881751
WI	55083100600	287164148	2178004	110.875	0.841	44.9779276	-88.4294753
WI	55083100700	166108830	2755788	64.135	1.064	44.9326539	-88.2911066
WI	55083100800	210721029	2032149	81.36	0.785	44.9852749	-88.1153756
WI	55083100900	122576659	6843306	47.327	2.642	44.9568916	-87.8845532
WI	55083101000	120110416	6420216	46.375	2.479	44.882079	-87.9342343
WI	55083101100	252967233	11323116	97.671	4.372	44.8306474	-88.0334442
WI	55083101200	88803392	1843240	34.287	0.712	44.8999243	-88.1878552
WI	55083101301	72627900	118738	28.042	0.046	44.6968532	-88.1446572
WI	55083101302	211616297	5530689	81.706	2.135	44.7666384	-88.1361235
WI	55083990000	0	317559368	0.	122.61	44.7815225	-87.8406162
WI	55085970101	135079695	39308535	52.155	15.177	45.8159605	-89.1048045
WI	55085970103	357034677	20817985	137.852	8.038	45.5235605	-89.2361531
WI	55085970104	481398894	34123723	185.869	13.175	45.691646	-89.2080837
WI	55085970400	85736680	9771885	33.103	3.773	45.6110798	-89.3710535
WI	55085970500	77640926	8641470	29.977	3.336	45.6054558	-89.5165028
WI	55085970601	64089206	8632675	24.745	3.333	45.6821144	-89.4912639
WI	55085970603	84554751	8987114	32.647	3.47	45.7109863	-89.4391946
WI	55085970604	276609641	38322663	106.8	14.796	45.821832	-89.4495913
WI	55085970800	81296479	21073513	31.389	8.137	45.8485499	-89.592699
WI	55085970900	187305052	30908457	72.319	11.934	45.7706483	-89.6902479
WI	55085971001	500721373	30743258	193.33	11.87	45.659654	-89.8724388
WI	55085971002	340549687	32311997	131.487	12.476	45.8216485	-89.9151373
WI	55085971100	159741730	17505549	61.677	6.759	45.5989073	-89.6813491
WI	55085971300	26306656	14487346	10.157	5.594	45.8615993	-89.7222926
WI	55085971400	9527673	287879	3.679	0.111	45.6385188	-89.3903461
WI	55085971500	17509704	1678262	6.761	0.648	45.6543087	-89.378561
WI	55087010100	1431502	0	0.553	0.	44.2647422	-88.4062243
WI	55087010200	1983490	0	0.766	0.	44.2675367	-88.4260229
WI	55087010300	728329	0	0.281	0.	44.2687141	-88.4110279
WI	55087010501	1698418	70378	0.656	0.027	44.2694624	-88.3859877
WI	55087010502	596272	183336	0.23	0.071	44.2613737	-88.3939876
WI	55087010601	2942379	336358	1.136	0.13	44.2658169	-88.3678386
WI	55087010602	2699973	0	1.042	0.	44.2522607	-88.3658827
WI	55087010700	3642585	119640	1.406	0.046	44.2519943	-88.3883943
WI	55087010800	1275287	260411	0.492	0.101	44.2504665	-88.4093984
WI	55087010900	1737526	193285	0.671	0.075	44.2499628	-88.4330973
WI	55087011001	3467180	0	1.339	0.	44.2544921	-88.4545201
WI	55087011002	2340993	35488	0.904	0.014	44.2555025	-88.42986
WI	55087011101	3329130	0	1.285	0.	44.2897106	-88.4258678
WI	55087011103	3381880	0	1.306	0.	44.2915573	-88.4482819
WI	55087011104	6374988	0	2.461	0.	44.2739333	-88.4522538
WI	55087011200	1341023	0	0.518	0.	44.2767716	-88.4259143
WI	55087011300	1339742	0	0.517	0.	44.2766655	-88.4058128
WI	55087011400	3225542	0	1.245	0.	44.2894779	-88.4056157
WI	55087011501	1818243	0	0.702	0.	44.2790613	-88.3864733
WI	55087011502	11012315	617417	4.252	0.238	44.2869709	-88.3618302
WI	55087011600	7556996	216111	2.918	0.083	44.2591905	-88.3419247
WI	55087011700	1673636	96626	0.646	0.037	44.2731773	-88.3313047
WI	55087011800	1276934	241890	0.493	0.093	44.2791462	-88.3150845
WI	55087011901	2235799	0	0.863	0.	44.2916883	-88.3230332
WI	55087011902	5085622	219381	1.964	0.085	44.285753	-88.2979563
WI	55087012000	8121295	500548	3.136	0.193	44.2619946	-88.3095341
WI	55087012101	9104239	0	3.515	0.	44.2578557	-88.2658432
WI	55087012102	2822893	39581	1.09	0.015	44.2662085	-88.2829875
WI	55087012200	1185642	173820	0.458	0.067	44.2769241	-88.2747221
WI	55087012300	1692282	353010	0.653	0.136	44.2841293	-88.2603117
WI	55087012400	4572626	12034	1.766	0.005	44.2938797	-88.2677405
WI	55087012503	5325879	0	2.056	0.	44.3137935	-88.4050927
WI	55087012504	11331557	0	4.375	0.	44.3135566	-88.3743289
WI	55087012505	25407322	26702	9.81	0.01	44.3075374	-88.4591832
WI	55087012506	11539283	94	4.455	0.	44.2657425	-88.4810313
WI	55087012602	121256370	280919	46.817	0.108	44.2822172	-88.6492661
WI	55087012603	21701760	21290	8.379	0.008	44.3192043	-88.5252332
WI	55087012604	28193541	20448	10.886	0.008	44.2583328	-88.5208742
WI	55087012700	137702578	5039871	53.167	1.946	44.3925028	-88.6755793
WI	55087012800	273124578	2772825	105.454	1.071	44.4315146	-88.5069999
WI	55087012902	92230128	60683	35.61	0.023	44.3665676	-88.4400147
WI	55087012903	29524080	0	11.399	0.	44.3850906	-88.2824101
WI	55087012904	63397713	0	24.478	0.	44.3646128	-88.3282431
WI	55087013100	129438034	61970	49.976	0.024	44.5166252	-88.3220213
WI	55087013200	338469133	4048885	130.684	1.563	44.5360957	-88.5769303
WI	55087013300	103459768	2232680	39.946	0.862	44.3213504	-88.2463873
WI	55087940000	157469601	25262	60.799	0.01	44.4835814	-88.2401061
WI	55089610101	93670009	811894	36.166	0.313	43.5143035	-87.9920631
WI	55089610102	97706407	0	37.725	0.	43.500358	-87.8584683
WI	55089620100	92588944	1792225	35.749	0.692	43.4205732	-87.9684831
WI	55089630100	2414424	3959	0.932	0.002	43.3889549	-87.875023
WI	55089630201	42843450	0	16.542	0.	43.4309772	-87.8746276
WI	55089630202	13088317	0	5.053	0.	43.3861396	-87.9013368
WI	55089640101	2357645	43188	0.91	0.017	43.3150301	-87.9562806
WI	55089640102	4856470	120669	1.875	0.047	43.3289537	-87.9627677
WI	55089640201	27761182	0	10.719	0.	43.3303823	-87.9044287
WI	55089640202	27513049	715244	10.623	0.276	43.3239684	-87.9392151
WI	55089650102	2479080	0	0.957	0.	43.3030755	-87.9979412
WI	55089650103	2215690	89239	0.855	0.034	43.2986915	-87.9750389
WI	55089650104	5499146	49777	2.123	0.019	43.3177595	-87.9813435
WI	55089650200	5511627	59608	2.128	0.023	43.2847495	-87.9852488
WI	55089650300	60205748	341321	23.246	0.132	43.3287312	-88.0232489
WI	55089660100	2686324	111041	1.037	0.043	43.2354358	-87.9768322
WI	55089660201	46682156	119813	18.024	0.046	43.2286735	-88.0384447
WI	55089660202	38337938	476172	14.802	0.184	43.2489426	-87.9664201
WI	55089660301	15601549	689957	6.024	0.266	43.2336331	-87.936065
WI	55089660303	12986551	456923	5.014	0.176	43.2093329	-87.9468188
WI	55089660304	6489460	0	2.506	0.	43.2057369	-87.9094453
WI	55089990000	0	2281553554	0.	880.913	43.3607524	-87.4993036
WI	55091950100	239134173	2040789	92.33	0.788	44.6274362	-91.8348898
WI	55091950200	361763141	41197820	139.678	15.907	44.5506196	-92.1116878
WI	55093960100	168855142	595540	65.195	0.23	44.777883	-92.1960522
WI	55093960200	315617646	596029	121.861	0.23	44.8089686	-92.4607571
WI	55093960300	7426443	7625	2.867	0.003	44.8597402	-92.5895444
WI	55093960400	8380730	200522	3.236	0.077	44.8437666	-92.6364799
WI	55093960500	148413335	6117427	57.303	2.362	44.7863116	-92.7364267
WI	55093960600	264602341	34711575	102.164	13.402	44.6568574	-92.5459001
WI	55093960700	115818537	69399	44.718	0.027	44.7396795	-92.4464335
WI	55093960800	457586367	6154206	176.675	2.376	44.6352857	-92.2849535
WI	55095960100	445835663	11967486	172.138	4.621	45.6508122	-92.3169109
WI	55095960200	339678323	11286318	131.151	4.358	45.6077226	-92.6406102
WI	55095960301	149980371	3480956	57.908	1.344	45.5183279	-92.6086852
WI	55095960302	90716384	12214064	35.026	4.716	45.5185793	-92.4415244
WI	55095960303	166629544	10676534	64.336	4.122	45.5041562	-92.2712413
WI	55095960500	219245986	9677830	84.651	3.737	45.4030226	-92.3156089
WI	55095960600	76703552	10565093	29.615	4.079	45.4343571	-92.4632013
WI	55095960701	73079939	3910361	28.216	1.51	45.4355173	-92.5826002
WI	55095960702	54534023	2214397	21.056	0.855	45.3753221	-92.6133238
WI	55095960800	177509234	5120632	68.537	1.977	45.2747604	-92.6620386
WI	55095960901	126761669	13356985	48.943	5.157	45.3350422	-92.4903036
WI	55095960902	132812370	6505664	51.279	2.512	45.2566341	-92.4871168
WI	55095961000	93322331	4971325	36.032	1.919	45.2697854	-92.3525068
WI	55095961100	221267188	3079325	85.432	1.189	45.3007726	-92.240174
WI	55097960100	373924151	6557361	144.373	2.532	44.5958332	-89.3502471
WI	55097960200	434891687	26505775	167.913	10.234	44.6064707	-89.6759493
WI	55097960300	6596977	1774589	2.547	0.685	44.5418893	-89.592797
WI	55097960400	6285566	218764	2.427	0.084	44.5376752	-89.5630959
WI	55097960500	71288845	914022	27.525	0.353	44.5468626	-89.5255961
WI	55097960600	224144964	2424565	86.543	0.936	44.4630329	-89.3515055
WI	55097960701	23940565	270633	9.244	0.104	44.4591439	-89.5133239
WI	55097960702	15940834	32982	6.155	0.013	44.4965216	-89.5109087
WI	55097960800	6359958	1024378	2.456	0.396	44.5018095	-89.54525
WI	55097960900	1912749	0	0.739	0.	44.518693	-89.5642638
WI	55097961000	1263350	153071	0.488	0.059	44.5220476	-89.5813529
WI	55097961101	83465971	7918894	32.226	3.058	44.4916894	-89.6436241
WI	55097961102	10061392	1674554	3.885	0.647	44.5059851	-89.5819434
WI	55097961200	362109630	5233915	139.811	2.021	44.3446701	-89.6172425
WI	55097961300	452066337	2131584	174.544	0.823	44.3244594	-89.3758288
WI	55099970100	1096391489	30102228	423.319	11.623	45.8609194	-90.2938018
WI	55099970200	43924967	2533083	16.96	0.978	45.9554055	-90.3945587
WI	55099970400	507223435	12205422	195.84	4.713	45.7078519	-90.5841131
WI	55099970500	187916837	7969867	72.555	3.077	45.7131178	-90.2592247
WI	55099970600	747584307	7387059	288.644	2.852	45.5327303	-90.1971879
WI	55099970700	664951690	1896439	256.739	0.732	45.4730514	-90.4722583
WI	55101000200	1633199	2234863	0.631	0.863	42.7133429	-87.782191
WI	55101000400	1761017	846875	0.68	0.327	42.7350343	-87.7853493
WI	55101000500	1811654	105817	0.699	0.041	42.7210452	-87.8013534
WI	55101000600	2353338	8781	0.909	0.003	42.7211471	-87.8120769
WI	55101000700	2369618	0	0.915	0.	42.7034149	-87.8053679
WI	55101000800	5873084	4207523	2.268	1.625	42.6856505	-87.7993157
WI	55101000901	3455575	11156	1.334	0.004	42.7015176	-87.832729
WI	55101000903	4527838	165220	1.748	0.064	42.6830238	-87.8277843
WI	55101000904	5783192	15488	2.233	0.006	42.6737005	-87.8526136
WI	55101001001	1465571	0	0.566	0.	42.7124707	-87.8423553
WI	55101001002	1123939	0	0.434	0.	42.7139152	-87.8310558
WI	55101001003	1042666	0	0.403	0.	42.7144228	-87.8211677
WI	55101001101	1432024	0	0.553	0.	42.7226627	-87.8317299
WI	55101001102	2317213	12882	0.895	0.005	42.7304046	-87.8342416
WI	55101001201	5896747	214058	2.277	0.083	42.7608337	-87.8152779
WI	55101001202	5127931	153681	1.98	0.059	42.7452888	-87.8194182
WI	55101001301	1100388	0	0.425	0.	42.7510756	-87.7941678
WI	55101001302	1518406	1631637	0.586	0.63	42.7474509	-87.7820093
WI	55101001401	1555470	0	0.601	0.	42.7630755	-87.7976782
WI	55101001402	1880653	1712739	0.726	0.661	42.7634031	-87.77858
WI	55101001501	8694780	4529146	3.357	1.749	42.8214269	-87.8194628
WI	55101001504	3346883	951975	1.292	0.368	42.7933358	-87.7915383
WI	55101001505	4743622	2837291	1.832	1.095	42.7803923	-87.7715988
WI	55101001506	5434699	31176	2.098	0.012	42.7874842	-87.8032576
WI	55101001507	7668154	143734	2.961	0.055	42.788828	-87.8226769
WI	55101001601	79062489	386165	30.526	0.149	42.8071279	-87.9022081
WI	55101001602	10936272	146776	4.223	0.057	42.7707806	-87.858944
WI	55101001701	12199960	11688	4.71	0.005	42.6903009	-87.86661
WI	55101001702	15434819	70891	5.959	0.027	42.6955402	-87.897841
WI	55101001703	43342842	61293	16.735	0.024	42.712364	-87.9350716
WI	55101001705	7133425	3046	2.754	0.001	42.7469284	-87.851745
WI	55101001706	5520800	1058	2.132	0.	42.7283459	-87.8622029
WI	55101001801	15072795	28937	5.82	0.011	42.6883637	-88.0406066
WI	55101001802	78307772	280606	30.235	0.108	42.7200975	-88.0013886
WI	55101001900	92349733	353972	35.656	0.137	42.7991573	-88.0108473
WI	55101002001	12125725	1135931	4.682	0.439	42.8217503	-88.1722999
WI	55101002002	75168141	3955327	29.023	1.527	42.7968314	-88.1227542
WI	55101002100	88973068	2288764	34.353	0.884	42.7199077	-88.1401891
WI	55101002401	16717303	852485	6.455	0.329	42.6934944	-88.2852174
WI	55101002402	8283073	1515160	3.198	0.585	42.6829515	-88.2584939
WI	55101002600	73042016	1684963	28.202	0.651	42.6533011	-88.239051
WI	55101002701	5040688	663704	1.946	0.256	42.7722366	-88.2118925
WI	55101002702	55423528	789728	21.399	0.305	42.728054	-88.2398776
WI	55101002800	79060217	5101136	30.525	1.97	42.7939	-88.2500952
WI	55101002900	1916325	981320	0.74	0.379	42.7273855	-87.779009
WI	55101980000	2429126	0	0.938	0.	42.6919376	-88.0810921
WI	55101990000	0	1150055845	0.	444.039	42.7540747	-87.4146759
WI	55103970100	376613104	245377	145.411	0.095	43.5041364	-90.4176339
WI	55103970200	676153228	78551	261.064	0.03	43.3910668	-90.4390549
WI	55103970300	15717540	83963	6.069	0.032	43.3550305	-90.3954951
WI	55103970400	48318461	134809	18.656	0.052	43.3245454	-90.3717001
WI	55103970500	401317953	7610723	154.95	2.939	43.2384236	-90.440643
WI	55105000100	595302	47511	0.23	0.018	42.6842742	-89.0244052
WI	55105000200	1524389	21618	0.589	0.008	42.6827256	-89.0116995
WI	55105000300	1185488	241006	0.458	0.093	42.6736995	-89.0249415
WI	55105000400	3492356	110059	1.348	0.042	42.6748268	-89.0421133
WI	55105000500	4713486	316970	1.82	0.122	42.7036327	-89.0467276
WI	55105000600	3092124	155184	1.194	0.06	42.6961449	-89.0219648
WI	55105000700	3603707	0	1.391	0.	42.7102267	-88.9938561
WI	55105000800	2265393	0	0.875	0.	42.6953411	-89.0018191
WI	55105000900	3232365	0	1.248	0.	42.6842565	-88.9920697
WI	55105001000	6077900	236603	2.347	0.091	42.6660855	-89.0126009
WI	55105001100	4004003	154466	1.546	0.06	42.6577866	-89.0442612
WI	55105001201	78207452	1134067	30.196	0.438	42.6388838	-89.0956787
WI	55105001202	64605583	1108450	24.944	0.428	42.7331108	-89.06859
WI	55105001302	93722222	112179	36.186	0.043	42.6409178	-88.9447766
WI	55105001303	45098662	184346	17.413	0.071	42.7359699	-88.9448846
WI	55105001305	5067535	6450	1.957	0.002	42.7202989	-88.9708889
WI	55105001306	3543700	0	1.368	0.	42.7060515	-88.971511
WI	55105001400	47800426	570405	18.456	0.22	42.6123715	-89.01958
WI	55105001500	2062166	156394	0.796	0.06	42.5004897	-89.0282198
WI	55105001600	1645650	19720	0.635	0.008	42.5022782	-89.0498345
WI	55105001700	2982645	270209	1.152	0.104	42.5152763	-89.0450969
WI	55105001800	2409281	277539	0.93	0.107	42.5153858	-89.0292542
WI	55105001900	1737841	17454	0.671	0.007	42.5077277	-89.0187554
WI	55105002000	2789993	0	1.077	0.	42.5068726	-89.0644279
WI	55105002100	6068096	235369	2.343	0.091	42.5301921	-89.0637923
WI	55105002200	58872825	738446	22.731	0.285	42.5542425	-89.0945352
WI	55105002300	2614831	219518	1.01	0.085	42.5331343	-89.0282816
WI	55105002400	9549682	548551	3.687	0.212	42.563417	-89.0311236
WI	55105002500	1609946	0	0.622	0.	42.5370831	-89.0159276
WI	55105002601	14055197	228436	5.427	0.088	42.5585668	-88.9956987
WI	55105002602	79911102	229472	30.854	0.089	42.5364558	-88.9442003
WI	55105002700	214237370	1671020	82.718	0.645	42.5528628	-89.2377135
WI	55105002800	287251124	305921	110.908	0.118	42.6694001	-89.2392719
WI	55105002901	99524569	319979	38.427	0.124	42.7916878	-89.2576058
WI	55105002902	84517879	450375	32.633	0.174	42.7827866	-89.3351713
WI	55105003001	10319801	78744	3.984	0.03	42.8361871	-89.072821
WI	55105003002	143464537	4704104	55.392	1.816	42.7998711	-89.1198597
WI	55105003101	36716995	985498	14.177	0.381	42.7952398	-88.9815142
WI	55105003102	50377316	3541638	19.451	1.367	42.8108035	-88.9312728
WI	55105003200	258306694	855936	99.733	0.33	42.7170984	-88.8345977
WI	55105003300	117187349	442161	45.246	0.171	42.5538119	-88.8228074
WI	55107960100	970444775	15122397	374.691	5.839	45.5295289	-90.9138394
WI	55107960200	670398790	8726304	258.842	3.369	45.4886669	-91.4088947
WI	55107960300	274040771	16131037	105.808	6.228	45.3471641	-91.3103677
WI	55107960400	434167871	3439465	167.633	1.328	45.3905325	-91.0596574
WI	55107960500	17040057	1394487	6.579	0.538	45.4521004	-91.0889861
WI	55109120100	1868607	1383426	0.721	0.534	44.975393	-92.7577214
WI	55109120201	7114831	201155	2.747	0.078	44.9766833	-92.7353125
WI	55109120202	37073850	117053	14.314	0.045	44.9847217	-92.664269
WI	55109120300	19172403	3640084	7.403	1.405	45.0030082	-92.7226717
WI	55109120401	121877710	4338562	47.057	1.675	45.1450113	-92.7031227
WI	55109120402	89711196	6405964	34.638	2.473	45.0542757	-92.7053696
WI	55109120501	58970900	663866	22.769	0.256	45.1169342	-92.5735614
WI	55109120502	36279545	951516	14.008	0.367	45.1302182	-92.5006096
WI	55109120601	131789067	686302	50.884	0.265	45.0722774	-92.4580003
WI	55109120602	235351530	4976045	90.87	1.921	45.172536	-92.4507669
WI	55109120700	372975536	2236469	144.007	0.864	45.0334041	-92.2013841
WI	55109120801	7416384	0	2.863	0.	44.9658652	-92.3765361
WI	55109120802	271422804	538794	104.797	0.208	44.9983754	-92.3123147
WI	55109120901	33392296	222	12.893	0.	44.8784045	-92.5938676
WI	55109120904	194121974	11384	74.951	0.004	44.9168655	-92.5200727
WI	55109120905	10039697	852592	3.876	0.329	44.9537138	-92.719982
WI	55109120906	64140370	5281974	24.765	2.039	44.9032889	-92.7195575
WI	55109121000	177661386	1454709	68.595	0.562	44.991533	-92.4870316
WI	55111000101	96783661	6759552	37.368	2.61	43.5353983	-89.6463093
WI	55111000102	16426645	835569	6.342	0.323	43.584788	-89.770889
WI	55111000103	62913462	746912	24.291	0.288	43.5580176	-89.8028518
WI	55111000104	11873821	1251532	4.585	0.483	43.6176062	-89.7895007
WI	55111000200	269203101	1938293	103.94	0.748	43.565055	-89.937541
WI	55111000301	10159053	176672	3.922	0.068	43.451829	-89.7381609
WI	55111000302	1032279	57860	0.399	0.022	43.4724	-89.7562561
WI	55111000303	41004181	433634	15.832	0.167	43.4814415	-89.8004348
WI	55111000401	18154746	5874	7.01	0.002	43.4813717	-89.7111955
WI	55111000402	48611134	506795	18.769	0.196	43.461373	-89.6489514
WI	55111000500	235718839	9725778	91.012	3.755	43.3926648	-89.7374094
WI	55111000601	199597383	905655	77.065	0.35	43.3636129	-89.8949503
WI	55111000602	1521693	203086	0.588	0.078	43.2845153	-89.7237505
WI	55111000603	14749074	7961	5.695	0.003	43.303885	-89.7394845
WI	55111000700	20170683	1729086	7.788	0.668	43.2602812	-89.7706609
WI	55111000800	236267499	12462800	91.223	4.812	43.2181921	-89.999344
WI	55111000901	167849556	441506	64.807	0.17	43.5071646	-90.0872776
WI	55111000902	58815045	3468322	22.709	1.339	43.5867719	-90.1118734
WI	55111000903	127877629	1587338	49.374	0.613	43.6023724	-90.220493
WI	55111001002	16232213	811927	6.267	0.313	43.524204	-89.981752
WI	55111001003	10922531	245702	4.217	0.095	43.549619	-90.0315071
WI	55111001004	7563154	2140	2.92	0.001	43.5436446	-89.9777109
WI	55111001005	2125334	0	0.821	0.	43.5468731	-89.9978388
WI	55111001100	478227331	1274933	184.645	0.492	43.3428914	-90.0810952
WI	55113100300	78529766	2027665	30.321	0.783	46.0075293	-91.4823422
WI	55113100400	351631645	51658869	135.766	19.946	45.7960144	-91.4710362
WI	55113100501	563534571	72033864	217.582	27.812	46.0462549	-91.1151801
WI	55113100502	267139639	30679407	103.143	11.845	46.0858473	-91.4158475
WI	55113100700	468930560	8428037	181.055	3.254	45.7579904	-91.2109751
WI	55113100800	1189072691	20161783	459.104	7.785	45.7923304	-90.8918637
WI	55113940001	289962615	39426073	111.955	15.222	45.8800328	-91.2665288
WI	55113940002	48368664	15514412	18.675	5.99	45.9275531	-91.4018967
WI	55115100100	167253379	3412107	64.577	1.317	44.8023641	-88.3774833
WI	55115100200	35146534	23648577	13.57	9.131	44.8277328	-88.4626876
WI	55115100300	114021680	3192350	44.024	1.233	44.8151083	-88.626485
WI	55115100400	8349140	1160432	3.224	0.448	44.7856092	-88.5867994
WI	55115100500	13345674	9749	5.153	0.004	44.7728556	-88.5729058
WI	55115100600	407149402	3046070	157.201	1.176	44.8482475	-88.871541
WI	55115100700	370970139	553563	143.232	0.214	44.8404484	-89.0499994
WI	55115100800	379261961	473953	146.434	0.183	44.8529917	-89.1588813
WI	55115100900	274427504	3123357	105.957	1.206	44.720505	-88.7701865
WI	55115101000	182374836	1099983	70.415	0.425	44.7369027	-88.4144192
WI	55115101100	361141499	2162918	139.438	0.835	44.6532082	-88.4192964
WI	55117000100	2003420	1724254	0.774	0.666	43.7723856	-87.7054999
WI	55117000201	741943	0	0.286	0.	43.7647559	-87.7183834
WI	55117000202	2098840	253775	0.81	0.098	43.7789513	-87.7187672
WI	55117000300	5982468	67160	2.31	0.026	43.7733279	-87.7424198
WI	55117000400	6708622	61849	2.59	0.024	43.754403	-87.7476048
WI	55117000500	1285761	64150	0.496	0.025	43.7569168	-87.7221547
WI	55117000800	2638929	1442819	1.019	0.557	43.7415665	-87.712122
WI	55117000900	8921793	64138	3.445	0.025	43.7277539	-87.7475341
WI	55117001000	4897860	7895	1.891	0.003	43.7150631	-87.7323638
WI	55117001100	3742237	2208385	1.445	0.853	43.7169861	-87.7076849
WI	55117010100	101318089	6315578	39.119	2.438	43.8548789	-87.806125
WI	55117010200	46704508	402676	18.033	0.155	43.8286277	-87.8665394
WI	55117010300	89970752	3144885	34.738	1.214	43.8479462	-87.9817827
WI	55117010400	190504354	3483667	73.554	1.345	43.8005415	-88.0912212
WI	55117010502	40257311	200268	15.543	0.077	43.768151	-87.9485367
WI	55117010503	6338369	218145	2.447	0.084	43.7334798	-87.9733608
WI	55117010504	38350718	219284	14.807	0.085	43.7519968	-88.0088993
WI	55117010601	6817691	343963	2.632	0.133	43.729279	-87.8262345
WI	55117010602	85739818	782139	33.104	0.302	43.7736774	-87.8657437
WI	55117010700	38149867	1523419	14.73	0.588	43.7779673	-87.7842968
WI	55117010800	58768086	6327014	22.69	2.443	43.6704375	-87.754243
WI	55117010900	93899004	688602	36.255	0.266	43.6728605	-87.8555267
WI	55117011000	92139494	1158117	35.575	0.447	43.6743314	-87.9801326
WI	55117011100	186707691	1581686	72.088	0.611	43.623675	-88.1070501
WI	55117011200	92993004	1384205	35.905	0.534	43.587741	-87.981526
WI	55117011301	38168247	6649974	14.737	2.568	43.5973676	-87.7868377
WI	55117011302	77506338	591219	29.925	0.228	43.579976	-87.8668431
WI	55117011400	1473156	1208110	0.569	0.466	43.75242	-87.703131
WI	55117990000	0	1925553001	0.	743.46	43.7187905	-87.4172997
WI	55119960100	572395781	3943702	221.003	1.523	45.2438393	-90.1776174
WI	55119960200	814724346	7412790	314.567	2.862	45.2784961	-90.5793112
WI	55119960300	661866380	12351733	255.548	4.769	45.1487411	-90.7634033
WI	55119960400	192638954	788922	74.378	0.305	45.1663258	-90.4250651
WI	55119960500	9442985	74100	3.646	0.029	45.132138	-90.3559794
WI	55119960600	274305729	59743	105.91	0.023	45.0771104	-90.3778096
WI	55121100100	231355283	191323	89.327	0.074	44.4944363	-91.2739682
WI	55121100200	290115718	595321	112.014	0.23	44.5187181	-91.4285894
WI	55121100300	197956010	823346	76.431	0.318	44.3407169	-91.4429494
WI	55121100400	223643036	79733	86.349	0.031	44.4029845	-91.2688324
WI	55121100500	276340446	266416	106.696	0.103	44.2519059	-91.2741424
WI	55121100600	194234870	4415	74.995	0.002	44.2180673	-91.4795499
WI	55121100700	276139534	19238155	106.618	7.428	44.1041282	-91.4243584
WI	55121100800	208588683	2132929	80.537	0.824	44.1239561	-91.2681861
WI	55123960100	357590676	330244	138.067	0.128	43.6416523	-90.4235944
WI	55123960200	358814411	953729	138.539	0.368	43.6528407	-90.6540067
WI	55123960300	177802542	387330	68.65	0.15	43.6440399	-90.8400409
WI	55123960400	47774437	158888	18.446	0.061	43.5624336	-90.8745053
WI	55123960500	435472183	759106	168.137	0.293	43.4675132	-90.8703988
WI	55123960600	402082841	758045	155.245	0.293	43.6252925	-91.0218383
WI	55123960700	270601562	60939234	104.48	23.529	43.5763578	-91.1872447
WI	55125940000	257617927	75143435	99.467	29.013	45.9687717	-89.8790107
WI	55125950201	338705578	42556811	130.775	16.431	46.0722896	-89.1986765
WI	55125950202	224391082	31239433	86.638	12.062	45.9993488	-89.0528925
WI	55125950501	125734470	15853095	48.546	6.121	45.9326475	-89.3864241
WI	55125950502	64858145	14472791	25.042	5.588	45.8979099	-89.225399
WI	55125950601	524725996	115525736	202.598	44.605	46.1105095	-89.7573008
WI	55125950602	500251147	90526032	193.148	34.952	46.1228454	-89.4808897
WI	55125950700	185174794	29097410	71.496	11.235	45.9405745	-89.6053765
WI	55127000102	57126257	861887	22.057	0.333	42.792679	-88.3417023
WI	55127000103	5988205	24455	2.312	0.009	42.7828654	-88.4187449
WI	55127000104	25092519	3741300	9.688	1.445	42.8127792	-88.3838695
WI	55127000201	135829555	1910233	52.444	0.738	42.7773912	-88.4879513
WI	55127000202	137270561	97759	53.	0.038	42.7109562	-88.3959364
WI	55127000301	170947758	3749351	66.003	1.448	42.7883361	-88.6740301
WI	55127000303	23497641	4063829	9.072	1.569	42.7682795	-88.5896657
WI	55127000304	133023704	1936133	51.361	0.748	42.7177882	-88.645547
WI	55127000400	8278844	772889	3.196	0.298	42.8273297	-88.7120195
WI	55127000501	2317749	0	0.895	0.	42.8391106	-88.7533991
WI	55127000502	8548804	0	3.301	0.	42.8239735	-88.7609354
WI	55127000600	182034279	165189	70.284	0.064	42.5634064	-88.7181235
WI	55127000701	12468365	270853	4.814	0.105	42.6386429	-88.6586687
WI	55127000702	7897233	399571	3.049	0.154	42.6389348	-88.6373402
WI	55127000801	33731989	624198	13.024	0.241	42.6358618	-88.5784195
WI	55127000802	20975681	7253210	8.099	2.8	42.5926042	-88.6115369
WI	55127000901	24766643	1902	9.562	0.001	42.6751113	-88.5646909
WI	55127000902	5962837	0	2.302	0.	42.6718664	-88.5300193
WI	55127001000	141138157	711724	54.494	0.275	42.6343263	-88.3975684
WI	55127001501	15979367	2193811	6.17	0.847	42.6076747	-88.5046258
WI	55127001503	5380048	0	2.077	0.	42.6032925	-88.430379
WI	55127001504	9124673	1699142	3.523	0.656	42.5965275	-88.4736836
WI	55127001603	13726312	2918919	5.3	1.127	42.5771963	-88.5554808
WI	55127001605	7110645	1497528	2.745	0.578	42.5783361	-88.4182473
WI	55127001606	22343349	12425016	8.627	4.797	42.5558171	-88.4653696
WI	55127001607	12894210	5123966	4.978	1.978	42.5426565	-88.5488827
WI	55127001608	13942959	38083	5.383	0.015	42.5326699	-88.5985928
WI	55127001701	47055048	1730089	18.168	0.668	42.5517485	-88.3495639
WI	55127001702	154112611	600353	59.503	0.232	42.5253901	-88.5126105
WI	55129950100	549420142	31729993	212.132	12.251	46.0832031	-91.7674591
WI	55129950200	360379194	20417062	139.143	7.883	45.9644416	-91.8985448
WI	55129950300	511998551	34468635	197.684	13.308	45.8298022	-91.6401267
WI	55129950501	45022858	5089254	17.383	1.965	45.8252819	-91.8394661
WI	55129950502	251974508	26840050	97.288	10.363	45.7340486	-91.7515658
WI	55129950600	345720734	27018873	133.484	10.432	45.7660722	-91.9427472
WI	55131400102	9281088	176423	3.583	0.068	43.4391541	-88.1421831
WI	55131400103	94497291	805766	36.486	0.311	43.5053644	-88.105561
WI	55131400104	84452537	0	32.607	0.	43.4081692	-88.0962427
WI	55131410100	63053846	30547	24.345	0.012	43.5142616	-88.2226832
WI	55131420104	53435174	711195	20.631	0.275	43.4541014	-88.2300658
WI	55131420105	6505035	434103	2.512	0.168	43.4416474	-88.1714926
WI	55131420106	5693175	0	2.198	0.	43.4442513	-88.2063201
WI	55131420107	20549097	1416873	7.934	0.547	43.381988	-88.2035365
WI	55131420108	19590250	3554539	7.564	1.372	43.3830512	-88.2547384
WI	55131420200	5300261	0	2.046	0.	43.4125921	-88.1932224
WI	55131420300	4802790	41016	1.854	0.016	43.4103654	-88.1662585
WI	55131420401	1255580	77599	0.485	0.03	43.4246106	-88.1824901
WI	55131420402	1745823	0	0.674	0.	43.4303803	-88.2001642
WI	55131430100	185941559	152572	71.792	0.059	43.4493822	-88.3317659
WI	55131440103	29104912	120955	11.237	0.047	43.341566	-88.3824844
WI	55131440104	20641978	1093	7.97	0.	43.3026831	-88.4041381
WI	55131440105	39533954	1891495	15.264	0.73	43.3242892	-88.3266921
WI	55131440106	92607961	1016014	35.756	0.392	43.2417332	-88.3515119
WI	55131440200	2436852	38769	0.941	0.015	43.3169811	-88.3780272
WI	55131450103	55363957	315954	21.376	0.122	43.3429708	-88.1342085
WI	55131450105	38513781	634031	14.87	0.245	43.3474301	-88.2377357
WI	55131450106	40303563	100538	15.561	0.039	43.3030481	-88.2706837
WI	55131450107	17780896	0	6.865	0.	43.3028943	-88.1782563
WI	55131450108	36332638	0	14.028	0.	43.3012009	-88.1096775
WI	55131460101	62045387	1004855	23.956	0.388	43.2447288	-88.2583269
WI	55131460102	30804419	412413	11.894	0.159	43.2237094	-88.2127468
WI	55131470100	69334048	104	26.77	0.	43.2452148	-88.1382848
WI	55131470202	5120620	0	1.977	0.	43.2066875	-88.1128686
WI	55131470203	8957865	62391	3.459	0.024	43.2277997	-88.1008621
WI	55131470204	10375833	159	4.006	0.	43.204605	-88.0861644
WI	55133200101	4441647	2682	1.715	0.001	43.1783394	-88.134026
WI	55133200102	3933673	42422	1.519	0.016	43.181501	-88.1121913
WI	55133200103	5407742	45443	2.088	0.018	43.1763842	-88.0918184
WI	55133200201	5863588	35099	2.264	0.014	43.1549799	-88.1143517
WI	55133200202	9977367	192072	3.852	0.074	43.1624255	-88.0756327
WI	55133200300	34721126	484977	13.406	0.187	43.1436087	-88.160149
WI	55133200400	19226300	201448	7.423	0.078	43.140117	-88.0983835
WI	55133200500	7633215	70511	2.947	0.027	43.1120158	-88.1098029
WI	55133200600	2024156	27341	0.782	0.011	43.1084485	-88.072232
WI	55133200700	7457472	20658	2.879	0.008	43.099039	-88.1002743
WI	55133200801	13728044	294394	5.3	0.114	43.0780268	-88.1822925
WI	55133200803	9096531	78557	3.512	0.03	43.0940693	-88.1496563
WI	55133200804	6815737	91071	2.632	0.035	43.0731302	-88.1470563
WI	55133200901	7597686	166995	2.933	0.064	43.0786487	-88.0819539
WI	55133200902	7735773	91389	2.987	0.035	43.0731844	-88.1105493
WI	55133201001	3100549	11858	1.197	0.005	43.04176	-88.0847607
WI	55133201002	5534455	35716	2.137	0.014	43.0512232	-88.0851008
WI	55133201101	9920058	136927	3.83	0.053	43.0367954	-88.1132187
WI	55133201102	4930999	51000	1.904	0.02	43.0238002	-88.082453
WI	55133201201	6011094	193849	2.321	0.075	43.0500563	-88.1804753
WI	55133201203	6068693	53941	2.343	0.021	43.0366598	-88.1351064
WI	55133201204	3885239	14482	1.5	0.006	43.0251995	-88.153623
WI	55133201205	5900196	43412	2.278	0.017	43.0515647	-88.1520119
WI	55133201300	20010283	407363	7.726	0.157	42.9985913	-88.1606383
WI	55133201402	5274340	14895	2.036	0.006	43.000025	-88.0804415
WI	55133201403	4949315	39573	1.911	0.015	43.0091919	-88.107784
WI	55133201404	7495905	48194	2.894	0.019	42.9925907	-88.1087349
WI	55133201504	6550035	119440	2.529	0.046	42.9357555	-88.0825126
WI	55133201505	6165463	16038	2.38	0.006	42.9632189	-88.1196749
WI	55133201506	12516802	158743	4.833	0.061	42.9512859	-88.1041606
WI	55133201507	3404989	7063	1.315	0.003	42.9682398	-88.0779929
WI	55133201508	1751703	0	0.676	0.	42.9827381	-88.0783818
WI	55133201600	33755786	359855	13.033	0.139	42.9513525	-88.1709505
WI	55133201701	4834853	1932205	1.867	0.746	42.9198853	-88.132836
WI	55133201703	6785217	60079	2.62	0.023	42.908781	-88.1157111
WI	55133201704	22679449	870134	8.757	0.336	42.8866892	-88.1628901
WI	55133201800	4985231	11449	1.925	0.004	42.924909	-88.1076258
WI	55133201900	38230689	8233002	14.761	3.179	42.8668558	-88.1059246
WI	55133202001	53382133	1386699	20.611	0.535	42.8859564	-88.2677429
WI	55133202002	37030787	1652141	14.298	0.638	42.8748127	-88.2152613
WI	55133202101	17013041	310052	6.569	0.12	42.9649005	-88.294639
WI	55133202102	18844698	387220	7.276	0.15	42.9408012	-88.2704831
WI	55133202103	14583950	95310	5.631	0.037	42.9567283	-88.2085566
WI	55133202201	5409400	20955	2.089	0.008	43.0003136	-88.2774835
WI	55133202203	1235583	53423	0.477	0.021	42.9999242	-88.2602419
WI	55133202204	1846587	46485	0.713	0.018	43.0091566	-88.2489041
WI	55133202301	7242630	57046	2.796	0.022	42.98204	-88.2481996
WI	55133202303	4109910	109920	1.587	0.042	42.9729553	-88.2343845
WI	55133202304	1372006	0	0.53	0.	42.9954484	-88.2321787
WI	55133202400	3307579	13116	1.277	0.005	42.9935182	-88.2149596
WI	55133202500	4122814	33368	1.592	0.013	43.0070664	-88.2059027
WI	55133202600	1238413	0	0.478	0.	43.006336	-88.2311475
WI	55133202700	557917	16234	0.215	0.006	43.0122124	-88.2308416
WI	55133202800	2753530	65774	1.063	0.025	43.0202559	-88.2110952
WI	55133202901	5234632	91978	2.021	0.036	43.0354165	-88.1964525
WI	55133202902	4785033	13887	1.848	0.005	43.0215181	-88.1823308
WI	55133203000	9379720	191680	3.622	0.074	43.0385191	-88.2332591
WI	55133203103	2239830	0	0.865	0.	43.0227736	-88.2469066
WI	55133203104	2104848	3531	0.813	0.001	43.038615	-88.2673426
WI	55133203105	3727570	6676	1.439	0.003	43.0425786	-88.287033
WI	55133203106	2742254	26383	1.059	0.01	43.0190664	-88.2653519
WI	55133203107	6007610	6151	2.32	0.002	43.0293139	-88.2839151
WI	55133203200	10879120	9973978	4.2	3.851	43.074665	-88.3247601
WI	55133203303	12370762	144621	4.776	0.056	43.1029811	-88.2883935
WI	55133203304	17529291	240621	6.768	0.093	43.0914817	-88.2173794
WI	55133203305	11579847	179305	4.471	0.069	43.0644142	-88.2623102
WI	55133203307	8495067	159209	3.28	0.061	43.0552035	-88.2320915
WI	55133203308	6819297	46282	2.633	0.018	43.0750558	-88.2168639
WI	55133203402	6629274	47515	2.56	0.018	43.1191695	-88.2330286
WI	55133203403	14565796	52918	5.624	0.02	43.1507655	-88.2045253
WI	55133203404	8340083	71604	3.22	0.028	43.1201995	-88.190847
WI	55133203405	13487862	194694	5.208	0.075	43.1395214	-88.304799
WI	55133203406	49681375	759442	19.182	0.293	43.1617989	-88.2574251
WI	55133203501	40112710	3251550	15.488	1.255	43.1783671	-88.3556479
WI	55133203502	14943075	4709706	5.77	1.818	43.1243638	-88.3724408
WI	55133203601	8643186	71225	3.337	0.028	43.1094955	-88.350244
WI	55133203602	7737389	75003	2.987	0.029	43.0979505	-88.3353856
WI	55133203702	38404934	823809	14.828	0.318	43.0337399	-88.3701046
WI	55133203703	11477359	2390664	4.431	0.923	43.0888113	-88.4079578
WI	55133203704	17454255	1945161	6.739	0.751	43.0726394	-88.3706041
WI	55133203802	62025287	2050031	23.948	0.792	42.8897704	-88.3728156
WI	55133203803	30970241	486794	11.958	0.188	42.951613	-88.3961089
WI	55133203805	24662462	214662	9.522	0.083	43.0122385	-88.3325542
WI	55133203806	27910626	569782	10.776	0.22	42.9642923	-88.3378141
WI	55133203901	13331025	2025996	5.147	0.782	42.8683444	-88.3453439
WI	55133203902	10767350	273890	4.157	0.106	42.8660781	-88.3182051
WI	55133204002	92128191	2307154	35.571	0.891	42.8930898	-88.4856083
WI	55133204003	32994276	1623693	12.739	0.627	42.997331	-88.5225754
WI	55133204004	77877284	2135780	30.069	0.825	42.9695379	-88.4659067
WI	55133204100	59017109	10526268	22.787	4.064	43.059882	-88.4766011
WI	55133204201	2267591	42901	0.876	0.017	43.1057607	-88.5043325
WI	55133204202	11314242	204041	4.368	0.079	43.1005161	-88.5223468
WI	55133204301	12121375	670732	4.68	0.259	43.1231384	-88.4803467
WI	55133204302	6265696	59638	2.419	0.023	43.0927755	-88.4836846
WI	55133204400	6450393	4751024	2.491	1.834	43.1424222	-88.5214037
WI	55133204501	60923471	1610684	23.523	0.622	43.1700863	-88.4700526
WI	55133204503	5325590	2727136	2.056	1.053	43.1191648	-88.437387
WI	55133204504	7603917	3136797	2.936	1.211	43.1123525	-88.4115792
WI	55135100100	213075243	2418693	82.269	0.934	44.6359801	-88.7572392
WI	55135100200	425278538	2897225	164.201	1.119	44.5956882	-88.9750048
WI	55135100300	196857033	4498860	76.007	1.737	44.506582	-89.1671483
WI	55135100400	272529279	3799590	105.224	1.467	44.4759956	-88.9956769
WI	55135100500	81764875	2479206	31.57	0.957	44.3854796	-89.1627929
WI	55135100600	182053278	4018634	70.291	1.552	44.2812766	-89.1085051
WI	55135100700	122289940	8429487	47.216	3.255	44.3340999	-88.9769857
WI	55135100800	177545977	6845246	68.551	2.643	44.3113739	-88.8293178
WI	55135100900	21501460	1197937	8.302	0.463	44.3931018	-88.7611493
WI	55135101000	23068102	1203000	8.907	0.464	44.3528749	-89.088042
WI	55135101100	29158078	872995	11.258	0.337	44.615778	-88.7853137
WI	55135101200	191416243	6592670	73.906	2.545	44.4136729	-88.8572908
WI	55137960100	271475769	12063775	104.817	4.658	44.1738142	-88.9909763
WI	55137960201	83533764	3077239	32.253	1.188	44.1998014	-89.1970619
WI	55137960202	188230376	3027064	72.676	1.169	44.1254133	-89.1328338
WI	55137960300	278465574	948308	107.516	0.366	44.2005859	-89.4237917
WI	55137960400	351126766	2721622	135.571	1.051	44.072101	-89.4922332
WI	55137960600	81241426	3907053	31.367	1.509	44.027507	-89.2060083
WI	55137960700	195328619	1430151	75.417	0.552	44.0241795	-89.0269821
WI	55137960800	172347454	1921736	66.544	0.742	44.0661417	-89.3084571
WI	55139000100	1174617	270165	0.454	0.104	44.0124098	-88.5251085
WI	55139000200	1154899	244779	0.446	0.095	44.0209323	-88.5243533
WI	55139000300	2549015	72950793	0.984	28.166	44.044615	-88.5080574
WI	55139000400	2822678	0	1.09	0.	44.042882	-88.5354155
WI	55139000501	1171772	114057	0.452	0.044	44.0192247	-88.5413054
WI	55139000502	1161936	0	0.449	0.	44.0276392	-88.5358211
WI	55139000700	1205457	138401	0.465	0.053	44.0265143	-88.5502411
WI	55139000800	1318674	86747	0.509	0.033	44.0356897	-88.5542486
WI	55139000900	3778234	849839	1.459	0.328	44.0474116	-88.5606239
WI	55139001000	2242876	812652	0.866	0.314	44.0312629	-88.573968
WI	55139001100	2698989	48926	1.042	0.019	44.0197668	-88.5710558
WI	55139001200	1514734	228834	0.585	0.088	44.0156213	-88.5513761
WI	55139001300	3021260	0	1.167	0.	44.0044551	-88.569609
WI	55139001400	6286798	13929	2.427	0.005	43.9912825	-88.5601258
WI	55139001500	3357651	2303617	1.296	0.889	43.9978194	-88.5371123
WI	55139001600	13138035	44169324	5.073	17.054	44.088715	-88.481709
WI	55139001700	25545284	11250470	9.863	4.344	44.0779637	-88.5912929
WI	55139001801	15933100	42209	6.152	0.016	43.9924703	-88.6098676
WI	55139001803	10922208	17280	4.217	0.007	44.020336	-88.6134835
WI	55139001804	8206633	5766410	3.169	2.226	44.0417115	-88.6131442
WI	55139001900	119357842	67975957	46.084	26.246	43.9430324	-88.5326799
WI	55139002001	33756507	7764931	13.033	2.998	44.0523231	-88.7152859
WI	55139002002	148542350	1130602	57.353	0.437	43.9598641	-88.7010368
WI	55139002100	232079941	62243876	89.607	24.032	44.0295336	-88.8281415
WI	55139002201	59812077	34607168	23.094	13.362	44.1134716	-88.7043347
WI	55139002202	166602136	4244285	64.325	1.639	44.2053799	-88.7545491
WI	55139002300	160560110	6858028	61.993	2.648	44.1664512	-88.5737102
WI	55139002401	10469114	81784	4.042	0.032	44.2150673	-88.4844163
WI	55139002402	13452170	6308	5.194	0.002	44.2329756	-88.4998333
WI	55139002500	3661139	48620	1.414	0.019	44.2385176	-88.4244807
WI	55139002601	4513641	2487590	1.743	0.96	44.2234026	-88.4511006
WI	55139002602	3224289	0	1.245	0.	44.2250417	-88.4145745
WI	55139002700	1191993	704738	0.46	0.272	44.2114226	-88.4513602
WI	55139002800	3372076	1075880	1.302	0.415	44.2091763	-88.4205449
WI	55139002900	1313158	579475	0.507	0.224	44.2049975	-88.4553464
WI	55139003000	1554906	3205076	0.6	1.237	44.1959892	-88.4408596
WI	55139003100	1465012	2619001	0.566	1.011	44.1935586	-88.4361573
WI	55139003200	1680746	6363136	0.649	2.457	44.1695006	-88.4402084
WI	55139003300	1967320	73925	0.76	0.029	44.1801254	-88.4665689
WI	55139003400	3960008	50551	1.529	0.02	44.1855045	-88.4790736
WI	55139003500	2631308	59303	1.016	0.023	44.1591	-88.4774193
WI	55139003600	3350167	4109653	1.294	1.587	44.1640996	-88.4388997
WI	55139003701	2077115	5475	0.802	0.002	44.1664664	-88.4922352
WI	55139003703	22408146	181983	8.652	0.07	44.1604759	-88.5129804
WI	55139003704	13653024	26844548	5.271	10.365	44.1562519	-88.4440232
WI	55141010100	360666833	367151	139.254	0.142	44.5955566	-89.955935
WI	55141010200	51190260	102895	19.765	0.04	44.6424756	-90.1124712
WI	55141010300	2229772	0	0.861	0.	44.6661414	-90.1678668
WI	55141010400	11602503	0	4.48	0.	44.6429994	-90.1601944
WI	55141010500	6230057	70991	2.405	0.027	44.6509576	-90.1875678
WI	55141010600	5174631	0	1.998	0.	44.6754892	-90.1814241
WI	55141010700	277946303	204396	107.316	0.079	44.5850796	-90.2098685
WI	55141010800	548269073	9806913	211.688	3.786	44.3882248	-90.1934605
WI	55141010900	407743517	16928285	157.431	6.536	44.385922	-89.9936564
WI	55141011000	31160859	3156572	12.031	1.219	44.4178296	-89.7716656
WI	55141011100	115978857	2316224	44.78	0.894	44.4635945	-89.8170938
WI	55141011200	25551060	709204	9.865	0.274	44.3844493	-89.8796484
WI	55141011300	11950868	1427548	4.614	0.551	44.3643984	-89.8373218
WI	55141011400	11766000	427539	4.543	0.165	44.3673095	-89.8033856
WI	55141011500	33496886	502121	12.933	0.194	44.3654643	-89.7591255
WI	55141011600	128690321	4282187	49.688	1.653	44.2849618	-89.7980036
WI	55141011700	24257479	1745693	9.366	0.674	44.3310984	-89.9117177
